Total Bootstraps 30
Num Species 8
FragmentLength 26; Section Length 40
TT; CD; FKW; KW; LPLT; RD; WBD; WSD
Bootstrap 0
Run TT with 154 training and 78 tests
Run CD with 254 training and 127 tests
Run FKW with 104 training and 52 tests
Run KW with 126 training and 63 tests
Run LPLT with 55 training and 28 tests
Run RD with 196 training and 98 tests
Run WBD with 6 training and 3 tests
Run WSD with 188 training and 94 tests
Confusion Matrix 1.0
0.7051; 0.0769; 0.0128; 0.0000; 0.0000; 0.0385; 0.0769; 0.0897; 0.0000
0.1260; 0.3622; 0.0157; 0.0000; 0.0000; 0.3071; 0.0630; 0.1260; 0.0000
0.0000; 0.0385; 0.9038; 0.0192; 0.0385; 0.0000; 0.0000; 0.0000; 0.0000
0.0000; 0.0000; 0.1429; 0.6508; 0.1905; 0.0000; 0.0159; 0.0000; 0.0000
0.0000; 0.0000; 0.0714; 0.3214; 0.6071; 0.0000; 0.0000; 0.0000; 0.0000
0.0000; 0.0204; 0.0000; 0.0000; 0.0000; 0.6429; 0.0000; 0.3367; 0.0000
0.0000; 0.3333; 0.0000; 0.0000; 0.0000; 0.0000; 0.6667; 0.0000; 0.0000
0.0957; 0.0213; 0.0000; 0.0000; 0.0106; 0.2872; 0.0532; 0.5319; 0.0000
Bootstrap 1
Run TT with 154 training and 78 tests
Run CD with 254 training and 127 tests
Run FKW with 104 training and 52 tests
Run KW with 126 training and 63 tests
Run LPLT with 55 training and 28 tests
Run RD with 196 training and 98 tests
Run WBD with 6 training and 3 tests
Run WSD with 188 training and 94 tests
Confusion Matrix 2.0
0.8590; 0.0256; 0.0256; 0.0000; 0.0000; 0.0256; 0.0000; 0.0641; 0.0000
0.0709; 0.6457; 0.0079; 0.0000; 0.0000; 0.1024; 0.1732; 0.0000; 0.0000
0.0000; 0.0385; 0.9615; 0.0000; 0.0000; 0.0000; 0.0000; 0.0000; 0.0000
0.0000; 0.0000; 0.0317; 0.7619; 0.1746; 0.0000; 0.0317; 0.0000; 0.0000
0.0000; 0.0000; 0.0000; 0.5000; 0.5000; 0.0000; 0.0000; 0.0000; 0.0000
0.0204; 0.1224; 0.0000; 0.0000; 0.0000; 0.5714; 0.0000; 0.2857; 0.0000
0.0000; 0.3333; 0.0000; 0.0000; 0.0000; 0.0000; 0.3333; 0.3333; 0.0000
0.1170; 0.0638; 0.0000; 0.0000; 0.0000; 0.2660; 0.0213; 0.5319; 0.0000
Bootstrap 2
Run TT with 154 training and 78 tests
Run CD with 254 training and 127 tests
Run FKW with 104 training and 52 tests
Run KW with 126 training and 63 tests
Run LPLT with 55 training and 28 tests
Run RD with 196 training and 98 tests
Run WBD with 6 training and 3 tests
Run WSD with 188 training and 94 tests
Confusion Matrix 3.0
0.8205; 0.0385; 0.0000; 0.0000; 0.0000; 0.0641; 0.0000; 0.0769; 0.0000
0.1732; 0.2835; 0.0394; 0.0000; 0.0000; 0.2913; 0.1496; 0.0630; 0.0000
0.0000; 0.0000; 0.9231; 0.0192; 0.0192; 0.0000; 0.0385; 0.0000; 0.0000
0.0000; 0.0000; 0.0317; 0.7460; 0.1905; 0.0000; 0.0317; 0.0000; 0.0000
0.0000; 0.0000; 0.1429; 0.0714; 0.7500; 0.0000; 0.0357; 0.0000; 0.0000
0.0102; 0.0510; 0.0000; 0.0000; 0.0000; 0.6531; 0.0204; 0.2653; 0.0000
0.0000; 0.3333; 0.0000; 0.0000; 0.0000; 0.0000; 0.6667; 0.0000; 0.0000
0.0851; 0.0532; 0.0000; 0.0000; 0.0000; 0.2872; 0.0638; 0.5106; 0.0000
Bootstrap 3
Run TT with 154 training and 78 tests
Run CD with 254 training and 127 tests
Run FKW with 104 training and 52 tests
Run KW with 126 training and 63 tests
Run LPLT with 55 training and 28 tests
Run RD with 196 training and 98 tests
Run WBD with 6 training and 3 tests
Run WSD with 188 training and 94 tests
Confusion Matrix 4.0
0.8846; 0.0128; 0.0256; 0.0000; 0.0000; 0.0256; 0.0000; 0.0513; 0.0000
0.0630; 0.4331; 0.0079; 0.0000; 0.0000; 0.1181; 0.3701; 0.0079; 0.0000
0.0000; 0.0192; 0.9231; 0.0192; 0.0385; 0.0000; 0.0000; 0.0000; 0.0000
0.0000; 0.0000; 0.0000; 0.8413; 0.1587; 0.0000; 0.0000; 0.0000; 0.0000
0.0000; 0.0000; 0.0000; 0.2500; 0.7500; 0.0000; 0.0000; 0.0000; 0.0000
0.0000; 0.0102; 0.0000; 0.0000; 0.0000; 0.6122; 0.0102; 0.3673; 0.0000
0.0000; 0.0000; 0.0000; 0.0000; 0.0000; 0.0000; 1.0000; 0.0000; 0.0000
0.0745; 0.0745; 0.0000; 0.0000; 0.0106; 0.2660; 0.0213; 0.5532; 0.0000
Bootstrap 4
Run TT with 154 training and 78 tests
Run CD with 254 training and 127 tests
Run FKW with 104 training and 52 tests
Run KW with 126 training and 63 tests
Run LPLT with 55 training and 28 tests
Run RD with 196 training and 98 tests
Run WBD with 6 training and 3 tests
Run WSD with 188 training and 94 tests
Confusion Matrix 5.0
0.6026; 0.1795; 0.0385; 0.0000; 0.0000; 0.0256; 0.0641; 0.0897; 0.0000
0.0866; 0.4882; 0.0157; 0.0000; 0.0000; 0.0945; 0.2441; 0.0709; 0.0000
0.0000; 0.0385; 0.9038; 0.0000; 0.0577; 0.0000; 0.0000; 0.0000; 0.0000
0.0000; 0.0000; 0.0476; 0.8413; 0.0952; 0.0000; 0.0159; 0.0000; 0.0000
0.0000; 0.0000; 0.0000; 0.2500; 0.7500; 0.0000; 0.0000; 0.0000; 0.0000
0.0510; 0.1122; 0.0306; 0.0102; 0.0612; 0.4898; 0.0408; 0.2041; 0.0000
0.0000; 0.0000; 0.0000; 0.0000; 0.0000; 0.0000; 1.0000; 0.0000; 0.0000
0.0426; 0.1064; 0.0000; 0.0000; 0.0000; 0.3085; 0.0319; 0.5106; 0.0000
Bootstrap 5
Run TT with 154 training and 78 tests
Run CD with 254 training and 127 tests
Run FKW with 104 training and 52 tests
Run KW with 126 training and 63 tests
Run LPLT with 55 training and 28 tests
Run RD with 196 training and 98 tests
Run WBD with 6 training and 3 tests
Run WSD with 188 training and 94 tests
Confusion Matrix 6.0
0.5897; 0.1923; 0.0000; 0.0000; 0.0000; 0.1282; 0.0385; 0.0513; 0.0000
0.0630; 0.4252; 0.0157; 0.0000; 0.0000; 0.1575; 0.2520; 0.0866; 0.0000
0.0000; 0.0000; 0.9615; 0.0000; 0.0192; 0.0000; 0.0000; 0.0192; 0.0000
0.0000; 0.0000; 0.0317; 0.8254; 0.1111; 0.0000; 0.0317; 0.0000; 0.0000
0.0000; 0.0000; 0.0357; 0.3214; 0.6429; 0.0000; 0.0000; 0.0000; 0.0000
0.0102; 0.0306; 0.0000; 0.0000; 0.0000; 0.5918; 0.0000; 0.3673; 0.0000
0.0000; 0.3333; 0.0000; 0.0000; 0.0000; 0.0000; 0.6667; 0.0000; 0.0000
0.0745; 0.0638; 0.0000; 0.0000; 0.0000; 0.3085; 0.0106; 0.5426; 0.0000
Bootstrap 6
Run TT with 154 training and 78 tests
Run CD with 254 training and 127 tests
Run FKW with 104 training and 52 tests
Run KW with 126 training and 63 tests
Run LPLT with 55 training and 28 tests
Run RD with 196 training and 98 tests
Run WBD with 6 training and 3 tests
Run WSD with 188 training and 94 tests
Confusion Matrix 7.0
0.8718; 0.0128; 0.0256; 0.0000; 0.0128; 0.0128; 0.0000; 0.0641; 0.0000
0.0551; 0.4961; 0.0079; 0.0000; 0.0000; 0.0709; 0.3543; 0.0157; 0.0000
0.0000; 0.0192; 0.8462; 0.0385; 0.0962; 0.0000; 0.0000; 0.0000; 0.0000
0.0000; 0.0000; 0.0317; 0.8889; 0.0794; 0.0000; 0.0000; 0.0000; 0.0000
0.0000; 0.0000; 0.0357; 0.6786; 0.2857; 0.0000; 0.0000; 0.0000; 0.0000
0.1224; 0.1837; 0.0102; 0.0102; 0.0408; 0.4388; 0.0918; 0.1020; 0.0000
0.0000; 0.3333; 0.0000; 0.0000; 0.0000; 0.0000; 0.6667; 0.0000; 0.0000
0.0426; 0.1277; 0.0000; 0.0000; 0.0000; 0.3404; 0.0000; 0.4894; 0.0000
Bootstrap 7
Run TT with 154 training and 78 tests
Run CD with 254 training and 127 tests
Run FKW with 104 training and 52 tests
Run KW with 126 training and 63 tests
Run LPLT with 55 training and 28 tests
Run RD with 196 training and 98 tests
Run WBD with 6 training and 3 tests
Run WSD with 188 training and 94 tests
Confusion Matrix 8.0
0.5641; 0.1282; 0.0128; 0.0000; 0.0128; 0.0897; 0.0897; 0.1026; 0.0000
0.0945; 0.3858; 0.0079; 0.0000; 0.0000; 0.3071; 0.1024; 0.1024; 0.0000
0.0000; 0.0000; 0.9423; 0.0192; 0.0192; 0.0000; 0.0192; 0.0000; 0.0000
0.0000; 0.0000; 0.1111; 0.7302; 0.1429; 0.0000; 0.0159; 0.0000; 0.0000
0.0000; 0.0000; 0.0000; 0.7857; 0.2143; 0.0000; 0.0000; 0.0000; 0.0000
0.0000; 0.0306; 0.0000; 0.0000; 0.0000; 0.7755; 0.0102; 0.1837; 0.0000
0.0000; 0.3333; 0.0000; 0.0000; 0.0000; 0.0000; 0.6667; 0.0000; 0.0000
0.0319; 0.0532; 0.0000; 0.0000; 0.0000; 0.2872; 0.0426; 0.5851; 0.0000
Bootstrap 8
Run TT with 154 training and 78 tests
Run CD with 254 training and 127 tests
Run FKW with 104 training and 52 tests
Run KW with 126 training and 63 tests
Run LPLT with 55 training and 28 tests
Run RD with 196 training and 98 tests
Run WBD with 6 training and 3 tests
Run WSD with 188 training and 94 tests
Confusion Matrix 9.0
0.6795; 0.0897; 0.0385; 0.0000; 0.0000; 0.0256; 0.0256; 0.1410; 0.0000
0.1024; 0.3543; 0.0157; 0.0000; 0.0000; 0.2362; 0.1654; 0.1260; 0.0000
0.0000; 0.0385; 0.9231; 0.0000; 0.0192; 0.0000; 0.0192; 0.0000; 0.0000
0.0000; 0.0000; 0.0952; 0.5238; 0.3651; 0.0000; 0.0159; 0.0000; 0.0000
0.0000; 0.0000; 0.0714; 0.1071; 0.8214; 0.0000; 0.0000; 0.0000; 0.0000
0.0000; 0.0102; 0.0000; 0.0000; 0.0000; 0.6939; 0.0000; 0.2959; 0.0000
0.0000; 0.0000; 0.0000; 0.0000; 0.0000; 0.0000; 1.0000; 0.0000; 0.0000
0.0851; 0.0532; 0.0000; 0.0000; 0.0000; 0.2553; 0.0213; 0.5851; 0.0000
Bootstrap 9
Run TT with 154 training and 78 tests
Run CD with 254 training and 127 tests
Run FKW with 104 training and 52 tests
Run KW with 126 training and 63 tests
Run LPLT with 55 training and 28 tests
Run RD with 196 training and 98 tests
Run WBD with 6 training and 3 tests
Run WSD with 188 training and 94 tests
Confusion Matrix 10.0
0.8462; 0.0385; 0.0256; 0.0000; 0.0128; 0.0128; 0.0000; 0.0641; 0.0000
0.0630; 0.4646; 0.0000; 0.0000; 0.0000; 0.1811; 0.2913; 0.0000; 0.0000
0.0000; 0.0577; 0.9038; 0.0385; 0.0000; 0.0000; 0.0000; 0.0000; 0.0000
0.0000; 0.0000; 0.0159; 0.8254; 0.1111; 0.0000; 0.0476; 0.0000; 0.0000
0.0000; 0.0000; 0.0000; 0.5714; 0.4286; 0.0000; 0.0000; 0.0000; 0.0000
0.0000; 0.0000; 0.0000; 0.0000; 0.0000; 0.6837; 0.0204; 0.2959; 0.0000
0.0000; 0.0000; 0.0000; 0.0000; 0.0000; 0.0000; 1.0000; 0.0000; 0.0000
0.0851; 0.0851; 0.0106; 0.0000; 0.0000; 0.2553; 0.0638; 0.5000; 0.0000
Bootstrap 10
Run TT with 154 training and 78 tests
Run CD with 254 training and 127 tests
Run FKW with 104 training and 52 tests
Run KW with 126 training and 63 tests
Run LPLT with 55 training and 28 tests
Run RD with 196 training and 98 tests
Run WBD with 6 training and 3 tests
Run WSD with 188 training and 94 tests
Confusion Matrix 11.0
0.8974; 0.0000; 0.0385; 0.0000; 0.0000; 0.0000; 0.0128; 0.0513; 0.0000
0.0236; 0.4882; 0.0079; 0.0000; 0.0000; 0.1024; 0.3465; 0.0315; 0.0000
0.0000; 0.0385; 0.8462; 0.0192; 0.0962; 0.0000; 0.0000; 0.0000; 0.0000
0.0000; 0.0000; 0.1111; 0.7460; 0.1429; 0.0000; 0.0000; 0.0000; 0.0000
0.0000; 0.0000; 0.0000; 0.6071; 0.3929; 0.0000; 0.0000; 0.0000; 0.0000
0.0306; 0.0612; 0.0000; 0.0000; 0.0000; 0.5816; 0.0102; 0.3163; 0.0000
0.0000; 0.0000; 0.0000; 0.0000; 0.0000; 0.0000; 1.0000; 0.0000; 0.0000
0.0851; 0.0851; 0.0000; 0.0000; 0.0106; 0.2872; 0.0319; 0.5000; 0.0000
Bootstrap 11
Run TT with 154 training and 78 tests
Run CD with 254 training and 127 tests
Run FKW with 104 training and 52 tests
Run KW with 126 training and 63 tests
Run LPLT with 55 training and 28 tests
Run RD with 196 training and 98 tests
Run WBD with 6 training and 3 tests
Run WSD with 188 training and 94 tests
Confusion Matrix 12.0
0.6795; 0.1923; 0.0000; 0.0000; 0.0000; 0.0513; 0.0128; 0.0641; 0.0000
0.1102; 0.4409; 0.0079; 0.0000; 0.0000; 0.2913; 0.0709; 0.0787; 0.0000
0.0000; 0.0192; 0.8462; 0.0385; 0.0962; 0.0000; 0.0000; 0.0000; 0.0000
0.0000; 0.0000; 0.0635; 0.7460; 0.1587; 0.0000; 0.0317; 0.0000; 0.0000
0.0000; 0.0000; 0.0000; 0.5714; 0.4286; 0.0000; 0.0000; 0.0000; 0.0000
0.0918; 0.1531; 0.0204; 0.0000; 0.0612; 0.4184; 0.0816; 0.1735; 0.0000
0.0000; 0.3333; 0.0000; 0.0000; 0.0000; 0.0000; 0.6667; 0.0000; 0.0000
0.0851; 0.0957; 0.0000; 0.0000; 0.0000; 0.2660; 0.0319; 0.5213; 0.0000
Bootstrap 12
Run TT with 154 training and 78 tests
Run CD with 254 training and 127 tests
Run FKW with 104 training and 52 tests
Run KW with 126 training and 63 tests
Run LPLT with 55 training and 28 tests
Run RD with 196 training and 98 tests
Run WBD with 6 training and 3 tests
Run WSD with 188 training and 94 tests
Confusion Matrix 13.0
0.4231; 0.2179; 0.0641; 0.0000; 0.0128; 0.0256; 0.1410; 0.1154; 0.0000
0.0236; 0.4882; 0.0000; 0.0000; 0.0000; 0.0787; 0.3701; 0.0394; 0.0000
0.0192; 0.0385; 0.9231; 0.0000; 0.0192; 0.0000; 0.0000; 0.0000; 0.0000
0.0000; 0.0000; 0.0794; 0.7619; 0.1429; 0.0000; 0.0159; 0.0000; 0.0000
0.0000; 0.0000; 0.0000; 0.7500; 0.2500; 0.0000; 0.0000; 0.0000; 0.0000
0.0918; 0.1633; 0.0204; 0.0000; 0.0510; 0.4082; 0.1020; 0.1633; 0.0000
0.0000; 0.0000; 0.0000; 0.0000; 0.0000; 0.0000; 1.0000; 0.0000; 0.0000
0.0745; 0.0957; 0.0000; 0.0000; 0.0106; 0.3085; 0.0532; 0.4574; 0.0000
Bootstrap 13
Run TT with 154 training and 78 tests
Run CD with 254 training and 127 tests
Run FKW with 104 training and 52 tests
Run KW with 126 training and 63 tests
Run LPLT with 55 training and 28 tests
Run RD with 196 training and 98 tests
Run WBD with 6 training and 3 tests
Run WSD with 188 training and 94 tests
Confusion Matrix 14.0
0.5000; 0.2564; 0.0385; 0.0000; 0.0128; 0.0385; 0.0513; 0.1026; 0.0000
0.1181; 0.3543; 0.0000; 0.0000; 0.0000; 0.3622; 0.0709; 0.0945; 0.0000
0.0000; 0.0000; 0.9808; 0.0000; 0.0000; 0.0192; 0.0000; 0.0000; 0.0000
0.0000; 0.0000; 0.0159; 0.7460; 0.2063; 0.0000; 0.0317; 0.0000; 0.0000
0.0000; 0.0000; 0.0000; 0.3214; 0.6786; 0.0000; 0.0000; 0.0000; 0.0000
0.0000; 0.0204; 0.0000; 0.0000; 0.0000; 0.7347; 0.0000; 0.2449; 0.0000
0.0000; 0.3333; 0.0000; 0.0000; 0.0000; 0.0000; 0.6667; 0.0000; 0.0000
0.0638; 0.0638; 0.0000; 0.0000; 0.0000; 0.2553; 0.0851; 0.5319; 0.0000
Bootstrap 14
Run TT with 154 training and 78 tests
Run CD with 254 training and 127 tests
Run FKW with 104 training and 52 tests
Run KW with 126 training and 63 tests
Run LPLT with 55 training and 28 tests
Run RD with 196 training and 98 tests
Run WBD with 6 training and 3 tests
Run WSD with 188 training and 94 tests
Confusion Matrix 15.0
0.6795; 0.1154; 0.0385; 0.0000; 0.0000; 0.0256; 0.0513; 0.0897; 0.0000
0.0787; 0.4646; 0.0000; 0.0000; 0.0000; 0.1969; 0.1811; 0.0787; 0.0000
0.0000; 0.0385; 0.9615; 0.0000; 0.0000; 0.0000; 0.0000; 0.0000; 0.0000
0.0000; 0.0000; 0.0159; 0.7937; 0.1905; 0.0000; 0.0000; 0.0000; 0.0000
0.0000; 0.0000; 0.0000; 0.5714; 0.4286; 0.0000; 0.0000; 0.0000; 0.0000
0.0204; 0.0102; 0.0000; 0.0000; 0.0000; 0.5816; 0.0102; 0.3776; 0.0000
0.0000; 0.0000; 0.0000; 0.0000; 0.0000; 0.0000; 1.0000; 0.0000; 0.0000
0.0638; 0.0638; 0.0106; 0.0000; 0.0000; 0.2660; 0.0319; 0.5638; 0.0000
Bootstrap 15
Run TT with 154 training and 78 tests
Run CD with 254 training and 127 tests
Run FKW with 104 training and 52 tests
Run KW with 126 training and 63 tests
Run LPLT with 55 training and 28 tests
Run RD with 196 training and 98 tests
Run WBD with 6 training and 3 tests
Run WSD with 188 training and 94 tests
Confusion Matrix 16.0
0.8590; 0.0000; 0.0128; 0.0000; 0.0128; 0.0256; 0.0128; 0.0769; 0.0000
0.0787; 0.4646; 0.0000; 0.0000; 0.0000; 0.2283; 0.1890; 0.0394; 0.0000
0.0000; 0.0192; 0.9231; 0.0000; 0.0192; 0.0000; 0.0385; 0.0000; 0.0000
0.0000; 0.0000; 0.0317; 0.7619; 0.2063; 0.0000; 0.0000; 0.0000; 0.0000
0.0000; 0.0000; 0.1071; 0.1786; 0.6429; 0.0000; 0.0714; 0.0000; 0.0000
0.0408; 0.0408; 0.0204; 0.0204; 0.0306; 0.4796; 0.0408; 0.3265; 0.0000
0.0000; 0.3333; 0.0000; 0.0000; 0.0000; 0.0000; 0.6667; 0.0000; 0.0000
0.0957; 0.0426; 0.0000; 0.0000; 0.0000; 0.2553; 0.0213; 0.5851; 0.0000
Bootstrap 16
Run TT with 154 training and 78 tests
Run CD with 254 training and 127 tests
Run FKW with 104 training and 52 tests
Run KW with 126 training and 63 tests
Run LPLT with 55 training and 28 tests
Run RD with 196 training and 98 tests
Run WBD with 6 training and 3 tests
Run WSD with 188 training and 94 tests
Confusion Matrix 17.0
0.3590; 0.3077; 0.0641; 0.0000; 0.0000; 0.0897; 0.0769; 0.1026; 0.0000
0.0787; 0.4961; 0.0079; 0.0000; 0.0000; 0.2205; 0.1024; 0.0945; 0.0000
0.0000; 0.0000; 0.9615; 0.0000; 0.0192; 0.0000; 0.0192; 0.0000; 0.0000
0.0000; 0.0000; 0.0000; 0.7778; 0.2222; 0.0000; 0.0000; 0.0000; 0.0000
0.0000; 0.0000; 0.0000; 0.2500; 0.7500; 0.0000; 0.0000; 0.0000; 0.0000
0.0816; 0.1735; 0.0102; 0.0000; 0.0306; 0.4082; 0.1224; 0.1735; 0.0000
0.0000; 0.0000; 0.0000; 0.0000; 0.0000; 0.0000; 1.0000; 0.0000; 0.0000
0.0532; 0.0745; 0.0106; 0.0000; 0.0000; 0.3617; 0.0638; 0.4362; 0.0000
Bootstrap 17
Run TT with 154 training and 78 tests
Run CD with 254 training and 127 tests
Run FKW with 104 training and 52 tests
Run KW with 126 training and 63 tests
Run LPLT with 55 training and 28 tests
Run RD with 196 training and 98 tests
Run WBD with 6 training and 3 tests
Run WSD with 188 training and 94 tests
Confusion Matrix 18.0
0.6923; 0.1538; 0.0000; 0.0000; 0.0000; 0.0385; 0.0513; 0.0641; 0.0000
0.1339; 0.3701; 0.0079; 0.0000; 0.0000; 0.3228; 0.0630; 0.1024; 0.0000
0.0000; 0.0192; 0.8846; 0.0385; 0.0577; 0.0000; 0.0000; 0.0000; 0.0000
0.0000; 0.0000; 0.0794; 0.7302; 0.1746; 0.0000; 0.0159; 0.0000; 0.0000
0.0000; 0.0000; 0.0357; 0.0357; 0.9286; 0.0000; 0.0000; 0.0000; 0.0000
0.0000; 0.0000; 0.0000; 0.0000; 0.0000; 0.7551; 0.0102; 0.2347; 0.0000
0.0000; 0.3333; 0.0000; 0.0000; 0.0000; 0.0000; 0.6667; 0.0000; 0.0000
0.0638; 0.0532; 0.0000; 0.0000; 0.0106; 0.2660; 0.0213; 0.5851; 0.0000
Bootstrap 18
Run TT with 154 training and 78 tests
Run CD with 254 training and 127 tests
Run FKW with 104 training and 52 tests
Run KW with 126 training and 63 tests
Run LPLT with 55 training and 28 tests
Run RD with 196 training and 98 tests
Run WBD with 6 training and 3 tests
Run WSD with 188 training and 94 tests
Confusion Matrix 19.0
0.3462; 0.3590; 0.0256; 0.0000; 0.0000; 0.1410; 0.0641; 0.0641; 0.0000
0.0787; 0.3622; 0.0079; 0.0000; 0.0000; 0.3150; 0.1260; 0.1102; 0.0000
0.0000; 0.0577; 0.8462; 0.0000; 0.0577; 0.0000; 0.0385; 0.0000; 0.0000
0.0000; 0.0000; 0.0635; 0.7302; 0.1587; 0.0000; 0.0476; 0.0000; 0.0000
0.0000; 0.0000; 0.0000; 0.6071; 0.3929; 0.0000; 0.0000; 0.0000; 0.0000
0.0000; 0.0204; 0.0000; 0.0000; 0.0000; 0.7449; 0.0102; 0.2245; 0.0000
0.0000; 0.0000; 0.0000; 0.0000; 0.0000; 0.0000; 1.0000; 0.0000; 0.0000
0.1170; 0.0957; 0.0000; 0.0000; 0.0000; 0.2128; 0.0319; 0.5426; 0.0000
Bootstrap 19
Run TT with 154 training and 78 tests
Run CD with 254 training and 127 tests
Run FKW with 104 training and 52 tests
Run KW with 126 training and 63 tests
Run LPLT with 55 training and 28 tests
Run RD with 196 training and 98 tests
Run WBD with 6 training and 3 tests
Run WSD with 188 training and 94 tests
Confusion Matrix 20.0
0.3974; 0.2949; 0.0513; 0.0000; 0.0000; 0.0641; 0.0641; 0.1282; 0.0000
0.1024; 0.3780; 0.0000; 0.0000; 0.0000; 0.2913; 0.1260; 0.1024; 0.0000
0.0000; 0.0192; 0.9423; 0.0000; 0.0385; 0.0000; 0.0000; 0.0000; 0.0000
0.0000; 0.0000; 0.0952; 0.6984; 0.1746; 0.0000; 0.0317; 0.0000; 0.0000
0.0000; 0.0000; 0.0357; 0.3214; 0.6429; 0.0000; 0.0000; 0.0000; 0.0000
0.0102; 0.0102; 0.0000; 0.0000; 0.0000; 0.5714; 0.0000; 0.4082; 0.0000
0.0000; 0.0000; 0.0000; 0.0000; 0.0000; 0.0000; 1.0000; 0.0000; 0.0000
0.0638; 0.0638; 0.0000; 0.0000; 0.0000; 0.2766; 0.0213; 0.5745; 0.0000
Bootstrap 20
Run TT with 154 training and 78 tests
Run CD with 254 training and 127 tests
Run FKW with 104 training and 52 tests
Run KW with 126 training and 63 tests
Run LPLT with 55 training and 28 tests
Run RD with 196 training and 98 tests
Run WBD with 6 training and 3 tests
Run WSD with 188 training and 94 tests
Confusion Matrix 21.0
0.3846; 0.2308; 0.0641; 0.0000; 0.0000; 0.0769; 0.1282; 0.1154; 0.0000
0.0394; 0.4488; 0.0000; 0.0000; 0.0000; 0.1969; 0.2835; 0.0315; 0.0000
0.0000; 0.0000; 0.9231; 0.0192; 0.0385; 0.0000; 0.0192; 0.0000; 0.0000
0.0000; 0.0000; 0.0476; 0.7619; 0.1746; 0.0000; 0.0159; 0.0000; 0.0000
0.0000; 0.0000; 0.0000; 0.2500; 0.7500; 0.0000; 0.0000; 0.0000; 0.0000
0.0000; 0.0102; 0.0000; 0.0000; 0.0000; 0.6429; 0.0000; 0.3469; 0.0000
0.0000; 0.3333; 0.0000; 0.0000; 0.0000; 0.0000; 0.6667; 0.0000; 0.0000
0.0532; 0.0745; 0.0106; 0.0000; 0.0106; 0.2766; 0.0213; 0.5532; 0.0000
Bootstrap 21
Run TT with 154 training and 78 tests
Run CD with 254 training and 127 tests
Run FKW with 104 training and 52 tests
Run KW with 126 training and 63 tests
Run LPLT with 55 training and 28 tests
Run RD with 196 training and 98 tests
Run WBD with 6 training and 3 tests
Run WSD with 188 training and 94 tests
Confusion Matrix 22.0
0.6667; 0.0769; 0.0128; 0.0000; 0.0128; 0.0513; 0.0641; 0.1154; 0.0000
0.0630; 0.4646; 0.0000; 0.0000; 0.0000; 0.0945; 0.2992; 0.0787; 0.0000
0.0000; 0.0000; 0.8654; 0.0385; 0.0577; 0.0000; 0.0385; 0.0000; 0.0000
0.0000; 0.0000; 0.0794; 0.8254; 0.0952; 0.0000; 0.0000; 0.0000; 0.0000
0.0000; 0.0000; 0.0357; 0.6071; 0.3571; 0.0000; 0.0000; 0.0000; 0.0000
0.1122; 0.1837; 0.0000; 0.0000; 0.0000; 0.3878; 0.0816; 0.2347; 0.0000
0.0000; 0.3333; 0.0000; 0.0000; 0.0000; 0.0000; 0.6667; 0.0000; 0.0000
0.0638; 0.0638; 0.0000; 0.0000; 0.0000; 0.3617; 0.0106; 0.5000; 0.0000
Bootstrap 22
Run TT with 154 training and 78 tests
Run CD with 254 training and 127 tests
Run FKW with 104 training and 52 tests
Run KW with 126 training and 63 tests
Run LPLT with 55 training and 28 tests
Run RD with 196 training and 98 tests
Run WBD with 6 training and 3 tests
Run WSD with 188 training and 94 tests
Confusion Matrix 23.0
0.5897; 0.1538; 0.0385; 0.0000; 0.0128; 0.0256; 0.0513; 0.1282; 0.0000
0.1024; 0.3780; 0.0000; 0.0000; 0.0000; 0.2677; 0.1339; 0.1181; 0.0000
0.0000; 0.0192; 0.8654; 0.0385; 0.0769; 0.0000; 0.0000; 0.0000; 0.0000
0.0000; 0.0000; 0.0476; 0.6825; 0.2540; 0.0000; 0.0159; 0.0000; 0.0000
0.0000; 0.0000; 0.0000; 0.2857; 0.7143; 0.0000; 0.0000; 0.0000; 0.0000
0.0816; 0.1633; 0.0000; 0.0000; 0.0204; 0.4388; 0.0714; 0.2245; 0.0000
0.0000; 0.3333; 0.0000; 0.0000; 0.0000; 0.0000; 0.6667; 0.0000; 0.0000
0.0745; 0.0745; 0.0000; 0.0000; 0.0106; 0.3404; 0.0106; 0.4894; 0.0000
Bootstrap 23
Run TT with 154 training and 78 tests
Run CD with 254 training and 127 tests
Run FKW with 104 training and 52 tests
Run KW with 126 training and 63 tests
Run LPLT with 55 training and 28 tests
Run RD with 196 training and 98 tests
Run WBD with 6 training and 3 tests
Run WSD with 188 training and 94 tests
Confusion Matrix 24.0
0.4615; 0.3333; 0.0256; 0.0000; 0.0000; 0.0513; 0.0769; 0.0513; 0.0000
0.0551; 0.3228; 0.0000; 0.0000; 0.0000; 0.1654; 0.3937; 0.0630; 0.0000
0.0000; 0.0192; 0.8462; 0.0192; 0.0577; 0.0000; 0.0577; 0.0000; 0.0000
0.0000; 0.0000; 0.0000; 0.7778; 0.2222; 0.0000; 0.0000; 0.0000; 0.0000
0.0000; 0.0000; 0.0000; 0.4643; 0.5357; 0.0000; 0.0000; 0.0000; 0.0000
0.0102; 0.0408; 0.0000; 0.0000; 0.0000; 0.5918; 0.0102; 0.3469; 0.0000
0.0000; 0.3333; 0.0000; 0.0000; 0.0000; 0.0000; 0.6667; 0.0000; 0.0000
0.0851; 0.0851; 0.0000; 0.0000; 0.0213; 0.2979; 0.0319; 0.4787; 0.0000
Bootstrap 24
Run TT with 154 training and 78 tests
Run CD with 254 training and 127 tests
Run FKW with 104 training and 52 tests
Run KW with 126 training and 63 tests
Run LPLT with 55 training and 28 tests
Run RD with 196 training and 98 tests
Run WBD with 6 training and 3 tests
Run WSD with 188 training and 94 tests
Confusion Matrix 25.0
0.3205; 0.3718; 0.0513; 0.0000; 0.0000; 0.0897; 0.0769; 0.0897; 0.0000
0.0866; 0.3937; 0.0157; 0.0000; 0.0000; 0.2992; 0.0709; 0.1339; 0.0000
0.0000; 0.0000; 0.9423; 0.0192; 0.0192; 0.0192; 0.0000; 0.0000; 0.0000
0.0000; 0.0000; 0.0159; 0.8571; 0.1270; 0.0000; 0.0000; 0.0000; 0.0000
0.0000; 0.0000; 0.0000; 0.3929; 0.5714; 0.0000; 0.0357; 0.0000; 0.0000
0.0000; 0.1020; 0.0000; 0.0000; 0.0000; 0.5306; 0.0102; 0.3571; 0.0000
0.0000; 0.6667; 0.0000; 0.0000; 0.0000; 0.0000; 0.3333; 0.0000; 0.0000
0.0745; 0.1064; 0.0000; 0.0000; 0.0106; 0.3191; 0.0319; 0.4574; 0.0000
Bootstrap 25
Run TT with 154 training and 78 tests
Run CD with 254 training and 127 tests
Run FKW with 104 training and 52 tests
Run KW with 126 training and 63 tests
Run LPLT with 55 training and 28 tests
Run RD with 196 training and 98 tests
Run WBD with 6 training and 3 tests
Run WSD with 188 training and 94 tests
Confusion Matrix 26.0
0.8846; 0.0256; 0.0000; 0.0000; 0.0000; 0.0513; 0.0000; 0.0385; 0.0000
0.0945; 0.6142; 0.0000; 0.0000; 0.0000; 0.0630; 0.2126; 0.0157; 0.0000
0.0000; 0.0000; 0.8269; 0.0000; 0.0962; 0.0000; 0.0769; 0.0000; 0.0000
0.0000; 0.0000; 0.0317; 0.8254; 0.1111; 0.0000; 0.0317; 0.0000; 0.0000
0.0000; 0.0000; 0.0000; 0.6429; 0.3571; 0.0000; 0.0000; 0.0000; 0.0000
0.1327; 0.1429; 0.0102; 0.0102; 0.0612; 0.4184; 0.0714; 0.1531; 0.0000
0.0000; 0.3333; 0.0000; 0.0000; 0.0000; 0.0000; 0.6667; 0.0000; 0.0000
0.1064; 0.0851; 0.0000; 0.0000; 0.0000; 0.3085; 0.0532; 0.4468; 0.0000
Bootstrap 26
Run TT with 154 training and 78 tests
Run CD with 254 training and 127 tests
Run FKW with 104 training and 52 tests
Run KW with 126 training and 63 tests
Run LPLT with 55 training and 28 tests
Run RD with 196 training and 98 tests
Run WBD with 6 training and 3 tests
Run WSD with 188 training and 94 tests
Confusion Matrix 27.0
0.4231; 0.3333; 0.0256; 0.0000; 0.0128; 0.0897; 0.0641; 0.0513; 0.0000
0.0079; 0.4646; 0.0157; 0.0000; 0.0000; 0.0472; 0.3937; 0.0709; 0.0000
0.0000; 0.0385; 0.8846; 0.0000; 0.0577; 0.0000; 0.0192; 0.0000; 0.0000
0.0000; 0.0000; 0.0317; 0.7302; 0.2222; 0.0000; 0.0159; 0.0000; 0.0000
0.0000; 0.0000; 0.0714; 0.1071; 0.8214; 0.0000; 0.0000; 0.0000; 0.0000
0.0918; 0.2143; 0.0306; 0.0000; 0.0306; 0.3776; 0.1224; 0.1327; 0.0000
0.0000; 0.3333; 0.0000; 0.0000; 0.0000; 0.0000; 0.6667; 0.0000; 0.0000
0.0638; 0.1915; 0.0000; 0.0000; 0.0000; 0.2447; 0.0000; 0.5000; 0.0000
Bootstrap 27
Run TT with 154 training and 78 tests
Run CD with 254 training and 127 tests
Run FKW with 104 training and 52 tests
Run KW with 126 training and 63 tests
Run LPLT with 55 training and 28 tests
Run RD with 196 training and 98 tests
Run WBD with 6 training and 3 tests
Run WSD with 188 training and 94 tests
Confusion Matrix 28.0
0.4103; 0.2949; 0.0513; 0.0000; 0.0000; 0.0769; 0.0897; 0.0769; 0.0000
0.0630; 0.3071; 0.0236; 0.0000; 0.0000; 0.3071; 0.2047; 0.0945; 0.0000
0.0000; 0.0000; 0.9615; 0.0192; 0.0000; 0.0000; 0.0192; 0.0000; 0.0000
0.0000; 0.0000; 0.0317; 0.7778; 0.1746; 0.0000; 0.0159; 0.0000; 0.0000
0.0000; 0.0000; 0.0000; 0.6786; 0.3214; 0.0000; 0.0000; 0.0000; 0.0000
0.0000; 0.0102; 0.0000; 0.0000; 0.0000; 0.7143; 0.0204; 0.2551; 0.0000
0.0000; 0.0000; 0.0000; 0.0000; 0.0000; 0.0000; 1.0000; 0.0000; 0.0000
0.0319; 0.0319; 0.0000; 0.0000; 0.0000; 0.3191; 0.0851; 0.5319; 0.0000
Bootstrap 28
Run TT with 154 training and 78 tests
Run CD with 254 training and 127 tests
Run FKW with 104 training and 52 tests
Run KW with 126 training and 63 tests
Run LPLT with 55 training and 28 tests
Run RD with 196 training and 98 tests
Run WBD with 6 training and 3 tests
Run WSD with 188 training and 94 tests
Confusion Matrix 29.0
0.8590; 0.0000; 0.0385; 0.0000; 0.0000; 0.0385; 0.0256; 0.0385; 0.0000
0.1260; 0.3543; 0.0079; 0.0000; 0.0000; 0.2835; 0.1417; 0.0866; 0.0000
0.0000; 0.0000; 0.9808; 0.0000; 0.0192; 0.0000; 0.0000; 0.0000; 0.0000
0.0000; 0.0000; 0.0794; 0.7143; 0.2063; 0.0000; 0.0000; 0.0000; 0.0000
0.0000; 0.0000; 0.0000; 0.6429; 0.3571; 0.0000; 0.0000; 0.0000; 0.0000
0.1122; 0.1122; 0.0102; 0.0102; 0.0510; 0.4286; 0.1327; 0.1429; 0.0000
0.0000; 0.3333; 0.0000; 0.0000; 0.0000; 0.0000; 0.6667; 0.0000; 0.0000
0.0745; 0.0532; 0.0000; 0.0000; 0.0106; 0.3298; 0.0213; 0.5106; 0.0000
Bootstrap 29
Run TT with 154 training and 78 tests
Run CD with 254 training and 127 tests
Run FKW with 104 training and 52 tests
Run KW with 126 training and 63 tests
Run LPLT with 55 training and 28 tests
Run RD with 196 training and 98 tests
Run WBD with 6 training and 3 tests
Run WSD with 188 training and 94 tests
Confusion Matrix 30.0
0.7179; 0.1282; 0.0128; 0.0000; 0.0000; 0.0641; 0.0256; 0.0513; 0.0000
0.0315; 0.3701; 0.0000; 0.0000; 0.0000; 0.1417; 0.3858; 0.0709; 0.0000
0.0000; 0.0000; 0.9038; 0.0000; 0.0192; 0.0192; 0.0577; 0.0000; 0.0000
0.0000; 0.0000; 0.0317; 0.8254; 0.1429; 0.0000; 0.0000; 0.0000; 0.0000
0.0000; 0.0000; 0.0000; 0.2857; 0.7143; 0.0000; 0.0000; 0.0000; 0.0000
0.0000; 0.0306; 0.0000; 0.0000; 0.0000; 0.6735; 0.0000; 0.2959; 0.0000
0.0000; 0.0000; 0.0000; 0.0000; 0.0000; 0.0000; 0.6667; 0.3333; 0.0000
0.0851; 0.0745; 0.0000; 0.0000; 0.0000; 0.2553; 0.0532; 0.5319; 0.0000
Mean confusion
0.6325; 0.1547; 0.0286; 0.0000; 0.0038; 0.0521; 0.0479; 0.0803; 0.0000
0.0798; 0.4255; 0.0079; 0.0000; 0.0000; 0.2047; 0.2110; 0.0711; 0.0000
0.0006; 0.0192; 0.9103; 0.0135; 0.0385; 0.0019; 0.0154; 0.0006; 0.0000
0.0000; 0.0000; 0.0497; 0.7635; 0.1709; 0.0000; 0.0159; 0.0000; 0.0000
0.0000; 0.0000; 0.0214; 0.4143; 0.5595; 0.0000; 0.0048; 0.0000; 0.0000
0.0374; 0.0745; 0.0054; 0.0020; 0.0146; 0.5680; 0.0367; 0.2612; 0.0000
0.0000; 0.2111; 0.0000; 0.0000; 0.0000; 0.0000; 0.7667; 0.0222; 0.0000
0.0738; 0.0759; 0.0014; 0.0000; 0.0039; 0.2890; 0.0348; 0.5213; 0.0000
STD Confusion
0.1927; 0.1219; 0.0198; 0.0000; 0.0060; 0.0338; 0.0382; 0.0288; 0.0000
0.0365; 0.0821; 0.0090; 0.0000; 0.0000; 0.0957; 0.1129; 0.0392; 0.0000
0.0035; 0.0189; 0.0455; 0.0153; 0.0311; 0.0059; 0.0217; 0.0035; 0.0000
0.0000; 0.0000; 0.0368; 0.0710; 0.0568; 0.0000; 0.0150; 0.0000; 0.0000
0.0000; 0.0000; 0.0370; 0.2175; 0.1966; 0.0000; 0.0155; 0.0000; 0.0000
0.0458; 0.0693; 0.0096; 0.0049; 0.0227; 0.1251; 0.0435; 0.0841; 0.0000
0.0000; 0.1854; 0.0000; 0.0000; 0.0000; 0.0000; 0.1987; 0.0846; 0.0000
0.0216; 0.0316; 0.0037; 0.0000; 0.0059; 0.0359; 0.0225; 0.0421; 0.0000
Lower 95% CI
0.3205; 0.0000; 0.0000; 0.0000; 0.0000; 0.0000; 0.0000; 0.0385; 0.0000
0.0079; 0.2835; 0.0000; 0.0000; 0.0000; 0.0472; 0.0630; 0.0000; 0.0000
0.0000; 0.0000; 0.8269; 0.0000; 0.0000; 0.0000; 0.0000; 0.0000; 0.0000
0.0000; 0.0000; 0.0000; 0.5238; 0.0794; 0.0000; 0.0000; 0.0000; 0.0000
0.0000; 0.0000; 0.0000; 0.0357; 0.2143; 0.0000; 0.0000; 0.0000; 0.0000
0.0000; 0.0000; 0.0000; 0.0000; 0.0000; 0.3776; 0.0000; 0.1020; 0.0000
0.0000; 0.0000; 0.0000; 0.0000; 0.0000; 0.0000; 0.3333; 0.0000; 0.0000
0.0319; 0.0213; 0.0000; 0.0000; 0.0000; 0.2128; 0.0000; 0.4362; 0.0000
Upper 95% CI
0.8974; 0.3718; 0.0641; 0.0000; 0.0128; 0.1410; 0.1410; 0.1410; 0.0000
0.1732; 0.6457; 0.0394; 0.0000; 0.0000; 0.3622; 0.3937; 0.1339; 0.0000
0.0192; 0.0577; 0.9808; 0.0385; 0.0962; 0.0192; 0.0769; 0.0192; 0.0000
0.0000; 0.0000; 0.1429; 0.8889; 0.3651; 0.0000; 0.0476; 0.0000; 0.0000
0.0000; 0.0000; 0.1429; 0.7857; 0.9286; 0.0000; 0.0714; 0.0000; 0.0000
0.1327; 0.2143; 0.0306; 0.0204; 0.0612; 0.7755; 0.1327; 0.4082; 0.0000
0.0000; 0.6667; 0.0000; 0.0000; 0.0000; 0.0000; 1.0000; 0.3333; 0.0000
0.1170; 0.1915; 0.0106; 0.0000; 0.0213; 0.3617; 0.0851; 0.5851; 0.0000
Run TT with 232 training and 0 tests
Run CD with 381 training and 0 tests
Run FKW with 156 training and 0 tests
Run KW with 189 training and 0 tests
Run LPLT with 83 training and 0 tests
Run RD with 294 training and 0 tests
Run WBD with 9 training and 0 tests
Run WSD with 282 training and 0 tests