Total Bootstraps 30
Num Species 8
FragmentLength 30; Section Length 45
TT; CD; FKW; KW; LPLT; RD; WBD; WSD
Bootstrap 0
Run TT with 107 training and 54 tests
Run CD with 176 training and 88 tests
Run FKW with 75 training and 38 tests
Run KW with 86 training and 43 tests
Run LPLT with 37 training and 19 tests
Run RD with 132 training and 66 tests
Run WBD with 4 training and 3 tests
Run WSD with 125 training and 63 tests
Confusion Matrix 1.0
0.9444; 0.0000; 0.0185; 0.0000; 0.0000; 0.0000; 0.0000; 0.0370; 0.0000
0.1023; 0.3977; 0.0114; 0.0000; 0.0000; 0.1932; 0.2614; 0.0341; 0.0000
0.0000; 0.0000; 0.9211; 0.0526; 0.0000; 0.0263; 0.0000; 0.0000; 0.0000
0.0000; 0.0000; 0.0233; 0.8837; 0.0930; 0.0000; 0.0000; 0.0000; 0.0000
0.0000; 0.0000; 0.0000; 0.4211; 0.5789; 0.0000; 0.0000; 0.0000; 0.0000
0.0000; 0.0606; 0.0000; 0.0000; 0.0000; 0.6364; 0.0000; 0.3030; 0.0000
0.0000; 0.6667; 0.0000; 0.0000; 0.0000; 0.0000; 0.3333; 0.0000; 0.0000
0.1270; 0.0159; 0.0000; 0.0000; 0.0000; 0.2857; 0.0159; 0.5556; 0.0000
Bootstrap 1
Run TT with 107 training and 54 tests
Run CD with 176 training and 88 tests
Run FKW with 75 training and 38 tests
Run KW with 86 training and 43 tests
Run LPLT with 37 training and 19 tests
Run RD with 132 training and 66 tests
Run WBD with 4 training and 3 tests
Run WSD with 125 training and 63 tests
Confusion Matrix 2.0
0.8889; 0.0000; 0.0185; 0.0000; 0.0000; 0.0185; 0.0370; 0.0370; 0.0000
0.0795; 0.3977; 0.0114; 0.0000; 0.0000; 0.2841; 0.0795; 0.1477; 0.0000
0.0000; 0.0526; 0.8421; 0.0000; 0.1053; 0.0000; 0.0000; 0.0000; 0.0000
0.0000; 0.0000; 0.0000; 0.8140; 0.1628; 0.0000; 0.0233; 0.0000; 0.0000
0.0000; 0.0000; 0.1053; 0.1053; 0.7895; 0.0000; 0.0000; 0.0000; 0.0000
0.0303; 0.0455; 0.0303; 0.0000; 0.0000; 0.5606; 0.0152; 0.3182; 0.0000
0.0000; 0.3333; 0.0000; 0.0000; 0.0000; 0.0000; 0.6667; 0.0000; 0.0000
0.0317; 0.0317; 0.0000; 0.0000; 0.0000; 0.2381; 0.0159; 0.6825; 0.0000
Bootstrap 2
Run TT with 107 training and 54 tests
Run CD with 176 training and 88 tests
Run FKW with 75 training and 38 tests
Run KW with 86 training and 43 tests
Run LPLT with 37 training and 19 tests
Run RD with 132 training and 66 tests
Run WBD with 4 training and 3 tests
Run WSD with 125 training and 63 tests
Confusion Matrix 3.0
0.3889; 0.2407; 0.0370; 0.0000; 0.0000; 0.0370; 0.1852; 0.1111; 0.0000
0.0341; 0.4886; 0.0000; 0.0000; 0.0000; 0.1136; 0.3409; 0.0227; 0.0000
0.0000; 0.0526; 0.8947; 0.0000; 0.0526; 0.0000; 0.0000; 0.0000; 0.0000
0.0000; 0.0000; 0.0233; 0.9070; 0.0698; 0.0000; 0.0000; 0.0000; 0.0000
0.0000; 0.0000; 0.0526; 0.0526; 0.8947; 0.0000; 0.0000; 0.0000; 0.0000
0.0000; 0.0303; 0.0000; 0.0000; 0.0000; 0.6364; 0.0000; 0.3333; 0.0000
0.0000; 0.3333; 0.0000; 0.0000; 0.0000; 0.0000; 0.6667; 0.0000; 0.0000
0.0794; 0.0635; 0.0000; 0.0000; 0.0000; 0.2222; 0.0317; 0.6032; 0.0000
Bootstrap 3
Run TT with 107 training and 54 tests
Run CD with 176 training and 88 tests
Run FKW with 75 training and 38 tests
Run KW with 86 training and 43 tests
Run LPLT with 37 training and 19 tests
Run RD with 132 training and 66 tests
Run WBD with 4 training and 3 tests
Run WSD with 125 training and 63 tests
Confusion Matrix 4.0
0.8889; 0.0000; 0.0556; 0.0000; 0.0000; 0.0000; 0.0000; 0.0556; 0.0000
0.0568; 0.4886; 0.0000; 0.0000; 0.0000; 0.1591; 0.2273; 0.0682; 0.0000
0.0000; 0.0526; 0.9211; 0.0263; 0.0000; 0.0000; 0.0000; 0.0000; 0.0000
0.0000; 0.0000; 0.0233; 0.7674; 0.1860; 0.0000; 0.0233; 0.0000; 0.0000
0.0000; 0.0000; 0.0526; 0.1053; 0.8421; 0.0000; 0.0000; 0.0000; 0.0000
0.0152; 0.0152; 0.0000; 0.0000; 0.0000; 0.5909; 0.0000; 0.3788; 0.0000
0.0000; 1.0000; 0.0000; 0.0000; 0.0000; 0.0000; 0.0000; 0.0000; 0.0000
0.0794; 0.0317; 0.0000; 0.0000; 0.0000; 0.2540; 0.0000; 0.6349; 0.0000
Bootstrap 4
Run TT with 107 training and 54 tests
Run CD with 176 training and 88 tests
Run FKW with 75 training and 38 tests
Run KW with 86 training and 43 tests
Run LPLT with 37 training and 19 tests
Run RD with 132 training and 66 tests
Run WBD with 4 training and 3 tests
Run WSD with 125 training and 63 tests
Confusion Matrix 5.0
0.9259; 0.0000; 0.0185; 0.0000; 0.0000; 0.0370; 0.0185; 0.0000; 0.0000
0.0455; 0.6023; 0.0114; 0.0000; 0.0000; 0.0455; 0.2727; 0.0227; 0.0000
0.0000; 0.0000; 0.8684; 0.0263; 0.0526; 0.0000; 0.0526; 0.0000; 0.0000
0.0000; 0.0000; 0.0465; 0.8605; 0.0930; 0.0000; 0.0000; 0.0000; 0.0000
0.0000; 0.0000; 0.0000; 0.4211; 0.5789; 0.0000; 0.0000; 0.0000; 0.0000
0.0758; 0.0758; 0.0303; 0.0152; 0.0152; 0.5152; 0.0303; 0.2424; 0.0000
0.0000; 0.3333; 0.0000; 0.0000; 0.0000; 0.0000; 0.6667; 0.0000; 0.0000
0.1111; 0.0476; 0.0000; 0.0000; 0.0000; 0.3016; 0.0159; 0.5238; 0.0000
Bootstrap 5
Run TT with 107 training and 54 tests
Run CD with 176 training and 88 tests
Run FKW with 75 training and 38 tests
Run KW with 86 training and 43 tests
Run LPLT with 37 training and 19 tests
Run RD with 132 training and 66 tests
Run WBD with 4 training and 3 tests
Run WSD with 125 training and 63 tests
Confusion Matrix 6.0
0.5000; 0.1667; 0.0370; 0.0000; 0.0000; 0.0741; 0.1852; 0.0370; 0.0000
0.0568; 0.4205; 0.0000; 0.0000; 0.0000; 0.2159; 0.2727; 0.0341; 0.0000
0.0000; 0.0000; 0.8947; 0.0263; 0.0263; 0.0000; 0.0526; 0.0000; 0.0000
0.0000; 0.0000; 0.0465; 0.9070; 0.0465; 0.0000; 0.0000; 0.0000; 0.0000
0.0000; 0.0000; 0.0000; 0.4737; 0.5263; 0.0000; 0.0000; 0.0000; 0.0000
0.0000; 0.0000; 0.0000; 0.0000; 0.0000; 0.6818; 0.0000; 0.3182; 0.0000
0.0000; 0.0000; 0.0000; 0.0000; 0.0000; 0.0000; 1.0000; 0.0000; 0.0000
0.0317; 0.0635; 0.0000; 0.0000; 0.0000; 0.2540; 0.0000; 0.6508; 0.0000
Bootstrap 6
Run TT with 107 training and 54 tests
Run CD with 176 training and 88 tests
Run FKW with 75 training and 38 tests
Run KW with 86 training and 43 tests
Run LPLT with 37 training and 19 tests
Run RD with 132 training and 66 tests
Run WBD with 4 training and 3 tests
Run WSD with 125 training and 63 tests
Confusion Matrix 7.0
0.4259; 0.3519; 0.0000; 0.0000; 0.0000; 0.0741; 0.0926; 0.0556; 0.0000
0.0795; 0.3864; 0.0114; 0.0000; 0.0000; 0.3295; 0.0455; 0.1477; 0.0000
0.0000; 0.0526; 0.9211; 0.0263; 0.0000; 0.0000; 0.0000; 0.0000; 0.0000
0.0000; 0.0000; 0.0000; 0.8837; 0.1163; 0.0000; 0.0000; 0.0000; 0.0000
0.0000; 0.0000; 0.1053; 0.0000; 0.8947; 0.0000; 0.0000; 0.0000; 0.0000
0.0000; 0.0152; 0.0000; 0.0000; 0.0000; 0.5606; 0.0000; 0.4242; 0.0000
0.0000; 1.0000; 0.0000; 0.0000; 0.0000; 0.0000; 0.0000; 0.0000; 0.0000
0.0476; 0.0159; 0.0159; 0.0000; 0.0000; 0.2857; 0.0317; 0.6032; 0.0000
Bootstrap 7
Run TT with 107 training and 54 tests
Run CD with 176 training and 88 tests
Run FKW with 75 training and 38 tests
Run KW with 86 training and 43 tests
Run LPLT with 37 training and 19 tests
Run RD with 132 training and 66 tests
Run WBD with 4 training and 3 tests
Run WSD with 125 training and 63 tests
Confusion Matrix 8.0
0.7593; 0.1296; 0.0000; 0.0000; 0.0000; 0.0556; 0.0185; 0.0370; 0.0000
0.0682; 0.5114; 0.0000; 0.0000; 0.0000; 0.1705; 0.2045; 0.0455; 0.0000
0.0000; 0.0526; 0.8421; 0.0000; 0.1053; 0.0000; 0.0000; 0.0000; 0.0000
0.0000; 0.0000; 0.0233; 0.7442; 0.1860; 0.0000; 0.0465; 0.0000; 0.0000
0.0000; 0.0000; 0.0526; 0.3158; 0.6316; 0.0000; 0.0000; 0.0000; 0.0000
0.0000; 0.2424; 0.0000; 0.0000; 0.0000; 0.4394; 0.0152; 0.3030; 0.0000
0.0000; 0.3333; 0.0000; 0.0000; 0.0000; 0.0000; 0.6667; 0.0000; 0.0000
0.0794; 0.0635; 0.0000; 0.0000; 0.0000; 0.2222; 0.0794; 0.5556; 0.0000
Bootstrap 8
Run TT with 107 training and 54 tests
Run CD with 176 training and 88 tests
Run FKW with 75 training and 38 tests
Run KW with 86 training and 43 tests
Run LPLT with 37 training and 19 tests
Run RD with 132 training and 66 tests
Run WBD with 4 training and 3 tests
Run WSD with 125 training and 63 tests
Confusion Matrix 9.0
0.5370; 0.2593; 0.0000; 0.0000; 0.0000; 0.0556; 0.1111; 0.0370; 0.0000
0.0455; 0.6023; 0.0000; 0.0000; 0.0000; 0.1136; 0.2159; 0.0227; 0.0000
0.0000; 0.0263; 0.9474; 0.0263; 0.0000; 0.0000; 0.0000; 0.0000; 0.0000
0.0000; 0.0000; 0.0698; 0.7907; 0.1163; 0.0000; 0.0233; 0.0000; 0.0000
0.0000; 0.0000; 0.0000; 0.5263; 0.4737; 0.0000; 0.0000; 0.0000; 0.0000
0.0152; 0.0303; 0.0000; 0.0000; 0.0000; 0.5455; 0.0000; 0.4091; 0.0000
0.0000; 0.3333; 0.0000; 0.0000; 0.0000; 0.3333; 0.3333; 0.0000; 0.0000
0.0317; 0.0317; 0.0000; 0.0000; 0.0000; 0.2698; 0.0476; 0.6190; 0.0000
Bootstrap 9
Run TT with 107 training and 54 tests
Run CD with 176 training and 88 tests
Run FKW with 75 training and 38 tests
Run KW with 86 training and 43 tests
Run LPLT with 37 training and 19 tests
Run RD with 132 training and 66 tests
Run WBD with 4 training and 3 tests
Run WSD with 125 training and 63 tests
Confusion Matrix 10.0
0.3889; 0.3148; 0.0185; 0.0000; 0.0000; 0.0741; 0.1481; 0.0556; 0.0000
0.0909; 0.3977; 0.0114; 0.0000; 0.0000; 0.2955; 0.0341; 0.1705; 0.0000
0.0000; 0.0000; 0.9474; 0.0000; 0.0263; 0.0263; 0.0000; 0.0000; 0.0000
0.0000; 0.0000; 0.0000; 0.7907; 0.1860; 0.0000; 0.0233; 0.0000; 0.0000
0.0000; 0.0000; 0.1053; 0.2105; 0.6842; 0.0000; 0.0000; 0.0000; 0.0000
0.0000; 0.0303; 0.0000; 0.0000; 0.0000; 0.6818; 0.0000; 0.2879; 0.0000
0.0000; 0.3333; 0.0000; 0.0000; 0.0000; 0.0000; 0.6667; 0.0000; 0.0000
0.0317; 0.0476; 0.0000; 0.0000; 0.0000; 0.3175; 0.0317; 0.5714; 0.0000
Bootstrap 10
Run TT with 107 training and 54 tests
Run CD with 176 training and 88 tests
Run FKW with 75 training and 38 tests
Run KW with 86 training and 43 tests
Run LPLT with 37 training and 19 tests
Run RD with 132 training and 66 tests
Run WBD with 4 training and 3 tests
Run WSD with 125 training and 63 tests
Confusion Matrix 11.0
0.3889; 0.3333; 0.0370; 0.0000; 0.0000; 0.1481; 0.0370; 0.0556; 0.0000
0.0909; 0.4091; 0.0000; 0.0000; 0.0000; 0.2727; 0.1136; 0.1136; 0.0000
0.0000; 0.0000; 1.0000; 0.0000; 0.0000; 0.0000; 0.0000; 0.0000; 0.0000
0.0000; 0.0000; 0.0233; 0.8605; 0.1163; 0.0000; 0.0000; 0.0000; 0.0000
0.0000; 0.0000; 0.0000; 0.1053; 0.8947; 0.0000; 0.0000; 0.0000; 0.0000
0.0000; 0.0000; 0.0000; 0.0000; 0.0000; 0.6970; 0.0000; 0.3030; 0.0000
0.0000; 0.6667; 0.0000; 0.0000; 0.0000; 0.3333; 0.0000; 0.0000; 0.0000
0.0952; 0.0794; 0.0000; 0.0000; 0.0000; 0.2222; 0.0317; 0.5714; 0.0000
Bootstrap 11
Run TT with 107 training and 54 tests
Run CD with 176 training and 88 tests
Run FKW with 75 training and 38 tests
Run KW with 86 training and 43 tests
Run LPLT with 37 training and 19 tests
Run RD with 132 training and 66 tests
Run WBD with 4 training and 3 tests
Run WSD with 125 training and 63 tests
Confusion Matrix 12.0
0.3889; 0.2778; 0.0185; 0.0000; 0.0185; 0.0370; 0.1481; 0.1111; 0.0000
0.0000; 0.4659; 0.0000; 0.0000; 0.0000; 0.1477; 0.3182; 0.0682; 0.0000
0.0000; 0.0263; 0.8947; 0.0526; 0.0000; 0.0263; 0.0000; 0.0000; 0.0000
0.0000; 0.0000; 0.0698; 0.7674; 0.1163; 0.0000; 0.0465; 0.0000; 0.0000
0.0000; 0.0000; 0.0000; 0.4737; 0.5263; 0.0000; 0.0000; 0.0000; 0.0000
0.0000; 0.0455; 0.0000; 0.0000; 0.0000; 0.6212; 0.0000; 0.3333; 0.0000
0.0000; 0.3333; 0.0000; 0.0000; 0.0000; 0.0000; 0.6667; 0.0000; 0.0000
0.0635; 0.0952; 0.0000; 0.0000; 0.0000; 0.2063; 0.0317; 0.6032; 0.0000
Bootstrap 12
Run TT with 107 training and 54 tests
Run CD with 176 training and 88 tests
Run FKW with 75 training and 38 tests
Run KW with 86 training and 43 tests
Run LPLT with 37 training and 19 tests
Run RD with 132 training and 66 tests
Run WBD with 4 training and 3 tests
Run WSD with 125 training and 63 tests
Confusion Matrix 13.0
0.8889; 0.0370; 0.0185; 0.0000; 0.0000; 0.0000; 0.0000; 0.0556; 0.0000
0.1023; 0.3864; 0.0000; 0.0000; 0.0000; 0.2727; 0.1136; 0.1250; 0.0000
0.0000; 0.0263; 0.9211; 0.0000; 0.0526; 0.0000; 0.0000; 0.0000; 0.0000
0.0000; 0.0000; 0.0698; 0.5581; 0.3488; 0.0000; 0.0233; 0.0000; 0.0000
0.0000; 0.0000; 0.0526; 0.2105; 0.7368; 0.0000; 0.0000; 0.0000; 0.0000
0.0606; 0.1212; 0.0303; 0.0000; 0.0303; 0.3939; 0.1212; 0.2424; 0.0000
0.0000; 0.0000; 0.0000; 0.0000; 0.0000; 0.3333; 0.6667; 0.0000; 0.0000
0.0476; 0.0635; 0.0000; 0.0000; 0.0000; 0.2698; 0.0476; 0.5714; 0.0000
Bootstrap 13
Run TT with 107 training and 54 tests
Run CD with 176 training and 88 tests
Run FKW with 75 training and 38 tests
Run KW with 86 training and 43 tests
Run LPLT with 37 training and 19 tests
Run RD with 132 training and 66 tests
Run WBD with 4 training and 3 tests
Run WSD with 125 training and 63 tests
Confusion Matrix 14.0
0.7593; 0.0926; 0.0000; 0.0000; 0.0000; 0.0741; 0.0000; 0.0741; 0.0000
0.0682; 0.4091; 0.0000; 0.0000; 0.0000; 0.2727; 0.1023; 0.1477; 0.0000
0.0000; 0.0263; 0.8947; 0.0263; 0.0526; 0.0000; 0.0000; 0.0000; 0.0000
0.0000; 0.0000; 0.1628; 0.6512; 0.1860; 0.0000; 0.0000; 0.0000; 0.0000
0.0000; 0.0000; 0.0000; 0.2105; 0.7895; 0.0000; 0.0000; 0.0000; 0.0000
0.0909; 0.2121; 0.0000; 0.0000; 0.0152; 0.3788; 0.0758; 0.2273; 0.0000
0.0000; 0.6667; 0.0000; 0.0000; 0.0000; 0.0000; 0.3333; 0.0000; 0.0000
0.0476; 0.0476; 0.0000; 0.0000; 0.0159; 0.2698; 0.0159; 0.6032; 0.0000
Bootstrap 14
Run TT with 107 training and 54 tests
Run CD with 176 training and 88 tests
Run FKW with 75 training and 38 tests
Run KW with 86 training and 43 tests
Run LPLT with 37 training and 19 tests
Run RD with 132 training and 66 tests
Run WBD with 4 training and 3 tests
Run WSD with 125 training and 63 tests
Confusion Matrix 15.0
0.8333; 0.0370; 0.0000; 0.0000; 0.0000; 0.0185; 0.0185; 0.0926; 0.0000
0.0568; 0.6023; 0.0000; 0.0000; 0.0000; 0.1136; 0.1705; 0.0568; 0.0000
0.0000; 0.0000; 0.9737; 0.0000; 0.0000; 0.0000; 0.0263; 0.0000; 0.0000
0.0000; 0.0000; 0.0233; 0.9070; 0.0698; 0.0000; 0.0000; 0.0000; 0.0000
0.0000; 0.0000; 0.0000; 0.2105; 0.7895; 0.0000; 0.0000; 0.0000; 0.0000
0.0758; 0.2121; 0.0000; 0.0000; 0.0152; 0.3333; 0.0909; 0.2727; 0.0000
0.0000; 0.3333; 0.0000; 0.0000; 0.0000; 0.0000; 0.6667; 0.0000; 0.0000
0.0317; 0.0635; 0.0000; 0.0000; 0.0000; 0.3175; 0.0000; 0.5873; 0.0000
Bootstrap 15
Run TT with 107 training and 54 tests
Run CD with 176 training and 88 tests
Run FKW with 75 training and 38 tests
Run KW with 86 training and 43 tests
Run LPLT with 37 training and 19 tests
Run RD with 132 training and 66 tests
Run WBD with 4 training and 3 tests
Run WSD with 125 training and 63 tests
Confusion Matrix 16.0
0.4074; 0.2778; 0.0185; 0.0000; 0.0185; 0.0370; 0.1296; 0.1111; 0.0000
0.0909; 0.4432; 0.0114; 0.0000; 0.0000; 0.3182; 0.0909; 0.0455; 0.0000
0.0000; 0.0000; 0.9211; 0.0263; 0.0000; 0.0000; 0.0526; 0.0000; 0.0000
0.0000; 0.0000; 0.0465; 0.8372; 0.0930; 0.0000; 0.0233; 0.0000; 0.0000
0.0000; 0.0000; 0.0000; 0.3684; 0.6316; 0.0000; 0.0000; 0.0000; 0.0000
0.0909; 0.1212; 0.0152; 0.0000; 0.0303; 0.5000; 0.0758; 0.1667; 0.0000
0.0000; 0.0000; 0.0000; 0.0000; 0.0000; 0.0000; 1.0000; 0.0000; 0.0000
0.0476; 0.0476; 0.0000; 0.0000; 0.0000; 0.3492; 0.0317; 0.5238; 0.0000
Bootstrap 16
Run TT with 107 training and 54 tests
Run CD with 176 training and 88 tests
Run FKW with 75 training and 38 tests
Run KW with 86 training and 43 tests
Run LPLT with 37 training and 19 tests
Run RD with 132 training and 66 tests
Run WBD with 4 training and 3 tests
Run WSD with 125 training and 63 tests
Confusion Matrix 17.0
0.3148; 0.3519; 0.0370; 0.0000; 0.0000; 0.0556; 0.1296; 0.1111; 0.0000
0.0227; 0.6818; 0.0000; 0.0000; 0.0000; 0.0455; 0.2273; 0.0227; 0.0000
0.0000; 0.0000; 0.9737; 0.0000; 0.0000; 0.0000; 0.0000; 0.0263; 0.0000
0.0000; 0.0000; 0.0698; 0.5581; 0.3488; 0.0000; 0.0233; 0.0000; 0.0000
0.0000; 0.0000; 0.1053; 0.0526; 0.8421; 0.0000; 0.0000; 0.0000; 0.0000
0.0000; 0.0303; 0.0152; 0.0000; 0.0303; 0.5758; 0.0000; 0.3485; 0.0000
0.0000; 0.3333; 0.0000; 0.0000; 0.0000; 0.0000; 0.6667; 0.0000; 0.0000
0.0476; 0.1111; 0.0000; 0.0000; 0.0000; 0.2698; 0.0000; 0.5714; 0.0000
Bootstrap 17
Run TT with 107 training and 54 tests
Run CD with 176 training and 88 tests
Run FKW with 75 training and 38 tests
Run KW with 86 training and 43 tests
Run LPLT with 37 training and 19 tests
Run RD with 132 training and 66 tests
Run WBD with 4 training and 3 tests
Run WSD with 125 training and 63 tests
Confusion Matrix 18.0
0.7407; 0.1852; 0.0185; 0.0000; 0.0000; 0.0370; 0.0000; 0.0185; 0.0000
0.0000; 0.5227; 0.0000; 0.0000; 0.0000; 0.1364; 0.3182; 0.0227; 0.0000
0.0000; 0.0263; 0.9474; 0.0263; 0.0000; 0.0000; 0.0000; 0.0000; 0.0000
0.0000; 0.0000; 0.0000; 0.8140; 0.1628; 0.0000; 0.0233; 0.0000; 0.0000
0.0000; 0.0000; 0.0526; 0.1053; 0.8421; 0.0000; 0.0000; 0.0000; 0.0000
0.0000; 0.0152; 0.0000; 0.0000; 0.0000; 0.6667; 0.0000; 0.3182; 0.0000
0.0000; 0.6667; 0.0000; 0.0000; 0.0000; 0.0000; 0.3333; 0.0000; 0.0000
0.0952; 0.0476; 0.0000; 0.0000; 0.0000; 0.2381; 0.0476; 0.5714; 0.0000
Bootstrap 18
Run TT with 107 training and 54 tests
Run CD with 176 training and 88 tests
Run FKW with 75 training and 38 tests
Run KW with 86 training and 43 tests
Run LPLT with 37 training and 19 tests
Run RD with 132 training and 66 tests
Run WBD with 4 training and 3 tests
Run WSD with 125 training and 63 tests
Confusion Matrix 19.0
0.9259; 0.0000; 0.0185; 0.0000; 0.0000; 0.0000; 0.0000; 0.0556; 0.0000
0.0795; 0.3864; 0.0114; 0.0000; 0.0000; 0.2727; 0.0795; 0.1705; 0.0000
0.0000; 0.0526; 0.8158; 0.0000; 0.1316; 0.0000; 0.0000; 0.0000; 0.0000
0.0000; 0.0000; 0.1163; 0.6977; 0.1860; 0.0000; 0.0000; 0.0000; 0.0000
0.0000; 0.0000; 0.0000; 0.2632; 0.7368; 0.0000; 0.0000; 0.0000; 0.0000
0.0000; 0.0303; 0.0000; 0.0000; 0.0000; 0.7424; 0.0000; 0.2273; 0.0000
0.0000; 0.6667; 0.0000; 0.0000; 0.0000; 0.0000; 0.3333; 0.0000; 0.0000
0.0952; 0.0476; 0.0000; 0.0000; 0.0000; 0.2540; 0.0000; 0.6032; 0.0000
Bootstrap 19
Run TT with 107 training and 54 tests
Run CD with 176 training and 88 tests
Run FKW with 75 training and 38 tests
Run KW with 86 training and 43 tests
Run LPLT with 37 training and 19 tests
Run RD with 132 training and 66 tests
Run WBD with 4 training and 3 tests
Run WSD with 125 training and 63 tests
Confusion Matrix 20.0
0.5000; 0.2593; 0.0185; 0.0000; 0.0000; 0.1296; 0.0556; 0.0370; 0.0000
0.0455; 0.4318; 0.0114; 0.0000; 0.0000; 0.2727; 0.0568; 0.1818; 0.0000
0.0000; 0.0263; 0.9474; 0.0000; 0.0000; 0.0000; 0.0263; 0.0000; 0.0000
0.0000; 0.0000; 0.0930; 0.6977; 0.2093; 0.0000; 0.0000; 0.0000; 0.0000
0.0000; 0.0000; 0.0000; 0.7895; 0.2105; 0.0000; 0.0000; 0.0000; 0.0000
0.0000; 0.0152; 0.0000; 0.0000; 0.0000; 0.5303; 0.0152; 0.4394; 0.0000
0.0000; 0.3333; 0.0000; 0.0000; 0.0000; 0.0000; 0.6667; 0.0000; 0.0000
0.0317; 0.0000; 0.0000; 0.0000; 0.0000; 0.2698; 0.0317; 0.6667; 0.0000
Bootstrap 20
Run TT with 107 training and 54 tests
Run CD with 176 training and 88 tests
Run FKW with 75 training and 38 tests
Run KW with 86 training and 43 tests
Run LPLT with 37 training and 19 tests
Run RD with 132 training and 66 tests
Run WBD with 4 training and 3 tests
Run WSD with 125 training and 63 tests
Confusion Matrix 21.0
0.5370; 0.2593; 0.0556; 0.0000; 0.0000; 0.0370; 0.0741; 0.0370; 0.0000
0.0341; 0.6364; 0.0000; 0.0000; 0.0000; 0.1136; 0.1364; 0.0795; 0.0000
0.0000; 0.0526; 0.9211; 0.0000; 0.0263; 0.0000; 0.0000; 0.0000; 0.0000
0.0000; 0.0000; 0.1163; 0.6279; 0.2558; 0.0000; 0.0000; 0.0000; 0.0000
0.0000; 0.0000; 0.0526; 0.1053; 0.8421; 0.0000; 0.0000; 0.0000; 0.0000
0.0758; 0.2727; 0.0152; 0.0000; 0.0455; 0.3333; 0.0606; 0.1970; 0.0000
0.0000; 0.0000; 0.0000; 0.0000; 0.0000; 0.0000; 1.0000; 0.0000; 0.0000
0.0635; 0.0952; 0.0000; 0.0000; 0.0000; 0.1746; 0.0000; 0.6667; 0.0000
Bootstrap 21
Run TT with 107 training and 54 tests
Run CD with 176 training and 88 tests
Run FKW with 75 training and 38 tests
Run KW with 86 training and 43 tests
Run LPLT with 37 training and 19 tests
Run RD with 132 training and 66 tests
Run WBD with 4 training and 3 tests
Run WSD with 125 training and 63 tests
Confusion Matrix 22.0
0.4074; 0.3704; 0.0556; 0.0000; 0.0000; 0.0185; 0.0556; 0.0926; 0.0000
0.0227; 0.6136; 0.0000; 0.0000; 0.0000; 0.0455; 0.2614; 0.0568; 0.0000
0.0000; 0.0263; 0.8684; 0.0000; 0.0526; 0.0000; 0.0526; 0.0000; 0.0000
0.0000; 0.0000; 0.0233; 0.9070; 0.0698; 0.0000; 0.0000; 0.0000; 0.0000
0.0000; 0.0000; 0.0526; 0.2105; 0.7368; 0.0000; 0.0000; 0.0000; 0.0000
0.0606; 0.2576; 0.0152; 0.0000; 0.0000; 0.3636; 0.0606; 0.2424; 0.0000
0.0000; 0.3333; 0.0000; 0.0000; 0.0000; 0.0000; 0.6667; 0.0000; 0.0000
0.0159; 0.0794; 0.0000; 0.0000; 0.0000; 0.3175; 0.0317; 0.5556; 0.0000
Bootstrap 22
Run TT with 107 training and 54 tests
Run CD with 176 training and 88 tests
Run FKW with 75 training and 38 tests
Run KW with 86 training and 43 tests
Run LPLT with 37 training and 19 tests
Run RD with 132 training and 66 tests
Run WBD with 4 training and 3 tests
Run WSD with 125 training and 63 tests
Confusion Matrix 23.0
0.4074; 0.3704; 0.0185; 0.0000; 0.0185; 0.0741; 0.0741; 0.0370; 0.0000
0.1023; 0.3977; 0.0114; 0.0000; 0.0000; 0.2500; 0.1023; 0.1364; 0.0000
0.0000; 0.0526; 0.8947; 0.0000; 0.0526; 0.0000; 0.0000; 0.0000; 0.0000
0.0000; 0.0000; 0.0698; 0.7674; 0.1628; 0.0000; 0.0000; 0.0000; 0.0000
0.0000; 0.0000; 0.0000; 0.5263; 0.4737; 0.0000; 0.0000; 0.0000; 0.0000
0.0758; 0.2121; 0.0303; 0.0000; 0.0303; 0.3485; 0.0758; 0.2273; 0.0000
0.0000; 0.0000; 0.0000; 0.0000; 0.0000; 0.0000; 1.0000; 0.0000; 0.0000
0.0476; 0.0635; 0.0000; 0.0000; 0.0000; 0.2857; 0.0635; 0.5397; 0.0000
Bootstrap 23
Run TT with 107 training and 54 tests
Run CD with 176 training and 88 tests
Run FKW with 75 training and 38 tests
Run KW with 86 training and 43 tests
Run LPLT with 37 training and 19 tests
Run RD with 132 training and 66 tests
Run WBD with 4 training and 3 tests
Run WSD with 125 training and 63 tests
Confusion Matrix 24.0
0.9444; 0.0000; 0.0185; 0.0000; 0.0000; 0.0185; 0.0000; 0.0185; 0.0000
0.0795; 0.6818; 0.0000; 0.0000; 0.0000; 0.0682; 0.1705; 0.0000; 0.0000
0.0000; 0.0526; 0.8684; 0.0526; 0.0263; 0.0000; 0.0000; 0.0000; 0.0000
0.0000; 0.0000; 0.0930; 0.6977; 0.2093; 0.0000; 0.0000; 0.0000; 0.0000
0.0000; 0.0000; 0.0526; 0.3158; 0.6316; 0.0000; 0.0000; 0.0000; 0.0000
0.0758; 0.1364; 0.0152; 0.0000; 0.0303; 0.4697; 0.0606; 0.2121; 0.0000
0.0000; 1.0000; 0.0000; 0.0000; 0.0000; 0.0000; 0.0000; 0.0000; 0.0000
0.0794; 0.0952; 0.0000; 0.0000; 0.0000; 0.2381; 0.0000; 0.5873; 0.0000
Bootstrap 24
Run TT with 107 training and 54 tests
Run CD with 176 training and 88 tests
Run FKW with 75 training and 38 tests
Run KW with 86 training and 43 tests
Run LPLT with 37 training and 19 tests
Run RD with 132 training and 66 tests
Run WBD with 4 training and 3 tests
Run WSD with 125 training and 63 tests
Confusion Matrix 25.0
0.4259; 0.2778; 0.0556; 0.0000; 0.0000; 0.0741; 0.1111; 0.0556; 0.0000
0.0682; 0.3409; 0.0114; 0.0000; 0.0000; 0.2614; 0.2159; 0.1023; 0.0000
0.0000; 0.0000; 0.8421; 0.0000; 0.1316; 0.0000; 0.0263; 0.0000; 0.0000
0.0000; 0.0000; 0.0698; 0.5581; 0.3256; 0.0000; 0.0465; 0.0000; 0.0000
0.0000; 0.0000; 0.0000; 0.0526; 0.9474; 0.0000; 0.0000; 0.0000; 0.0000
0.0000; 0.0152; 0.0000; 0.0000; 0.0000; 0.5152; 0.0000; 0.4697; 0.0000
0.0000; 0.0000; 0.0000; 0.0000; 0.0000; 0.0000; 1.0000; 0.0000; 0.0000
0.0635; 0.0476; 0.0000; 0.0000; 0.0000; 0.2381; 0.0635; 0.5873; 0.0000
Bootstrap 25
Run TT with 107 training and 54 tests
Run CD with 176 training and 88 tests
Run FKW with 75 training and 38 tests
Run KW with 86 training and 43 tests
Run LPLT with 37 training and 19 tests
Run RD with 132 training and 66 tests
Run WBD with 4 training and 3 tests
Run WSD with 125 training and 63 tests
Confusion Matrix 26.0
0.7222; 0.0926; 0.0000; 0.0000; 0.0000; 0.0000; 0.0741; 0.1111; 0.0000
0.1023; 0.3068; 0.0000; 0.0000; 0.0000; 0.2955; 0.1932; 0.1023; 0.0000
0.0000; 0.0263; 0.9211; 0.0263; 0.0000; 0.0000; 0.0263; 0.0000; 0.0000
0.0000; 0.0000; 0.0465; 0.9302; 0.0233; 0.0000; 0.0000; 0.0000; 0.0000
0.0000; 0.0000; 0.0526; 0.5263; 0.4211; 0.0000; 0.0000; 0.0000; 0.0000
0.0758; 0.1364; 0.0152; 0.0152; 0.0303; 0.4242; 0.1364; 0.1667; 0.0000
0.0000; 0.0000; 0.0000; 0.0000; 0.0000; 0.0000; 1.0000; 0.0000; 0.0000
0.0159; 0.0476; 0.0000; 0.0000; 0.0000; 0.2857; 0.0317; 0.6190; 0.0000
Bootstrap 26
Run TT with 107 training and 54 tests
Run CD with 176 training and 88 tests
Run FKW with 75 training and 38 tests
Run KW with 86 training and 43 tests
Run LPLT with 37 training and 19 tests
Run RD with 132 training and 66 tests
Run WBD with 4 training and 3 tests
Run WSD with 125 training and 63 tests
Confusion Matrix 27.0
0.7222; 0.1111; 0.0370; 0.0000; 0.0000; 0.0000; 0.0185; 0.1111; 0.0000
0.0568; 0.5682; 0.0114; 0.0000; 0.0000; 0.1250; 0.2273; 0.0114; 0.0000
0.0000; 0.0263; 0.8947; 0.0000; 0.0526; 0.0000; 0.0263; 0.0000; 0.0000
0.0000; 0.0000; 0.0233; 0.8372; 0.1395; 0.0000; 0.0000; 0.0000; 0.0000
0.0000; 0.0000; 0.0000; 0.7368; 0.2632; 0.0000; 0.0000; 0.0000; 0.0000
0.0000; 0.0303; 0.0000; 0.0000; 0.0000; 0.4697; 0.0152; 0.4848; 0.0000
0.0000; 0.3333; 0.0000; 0.0000; 0.0000; 0.0000; 0.6667; 0.0000; 0.0000
0.0317; 0.0635; 0.0000; 0.0000; 0.0000; 0.2540; 0.0635; 0.5873; 0.0000
Bootstrap 27
Run TT with 107 training and 54 tests
Run CD with 176 training and 88 tests
Run FKW with 75 training and 38 tests
Run KW with 86 training and 43 tests
Run LPLT with 37 training and 19 tests
Run RD with 132 training and 66 tests
Run WBD with 4 training and 3 tests
Run WSD with 125 training and 63 tests
Confusion Matrix 28.0
0.7407; 0.1481; 0.0185; 0.0000; 0.0000; 0.0556; 0.0000; 0.0370; 0.0000
0.1136; 0.3295; 0.0000; 0.0000; 0.0000; 0.3182; 0.1250; 0.1136; 0.0000
0.0000; 0.0000; 0.9737; 0.0000; 0.0000; 0.0263; 0.0000; 0.0000; 0.0000
0.0000; 0.0000; 0.0930; 0.8372; 0.0698; 0.0000; 0.0000; 0.0000; 0.0000
0.0000; 0.0000; 0.0000; 0.4737; 0.5263; 0.0000; 0.0000; 0.0000; 0.0000
0.0000; 0.0303; 0.0000; 0.0000; 0.0000; 0.6818; 0.0000; 0.2879; 0.0000
0.0000; 0.3333; 0.0000; 0.0000; 0.0000; 0.0000; 0.6667; 0.0000; 0.0000
0.0317; 0.0000; 0.0000; 0.0000; 0.0000; 0.2698; 0.0476; 0.6508; 0.0000
Bootstrap 28
Run TT with 107 training and 54 tests
Run CD with 176 training and 88 tests
Run FKW with 75 training and 38 tests
Run KW with 86 training and 43 tests
Run LPLT with 37 training and 19 tests
Run RD with 132 training and 66 tests
Run WBD with 4 training and 3 tests
Run WSD with 125 training and 63 tests
Confusion Matrix 29.0
0.4074; 0.3333; 0.0185; 0.0000; 0.0185; 0.0370; 0.0556; 0.1296; 0.0000
0.0227; 0.5227; 0.0000; 0.0000; 0.0000; 0.1591; 0.2273; 0.0682; 0.0000
0.0000; 0.0000; 0.9211; 0.0000; 0.0526; 0.0263; 0.0000; 0.0000; 0.0000
0.0000; 0.0000; 0.1860; 0.6512; 0.1395; 0.0000; 0.0233; 0.0000; 0.0000
0.0000; 0.0000; 0.0000; 0.5263; 0.4737; 0.0000; 0.0000; 0.0000; 0.0000
0.0000; 0.2879; 0.0000; 0.0000; 0.0000; 0.4091; 0.0000; 0.3030; 0.0000
0.0000; 1.0000; 0.0000; 0.0000; 0.0000; 0.0000; 0.0000; 0.0000; 0.0000
0.0159; 0.0635; 0.0000; 0.0000; 0.0000; 0.3333; 0.0000; 0.5873; 0.0000
Bootstrap 29
Run TT with 107 training and 54 tests
Run CD with 176 training and 88 tests
Run FKW with 75 training and 38 tests
Run KW with 86 training and 43 tests
Run LPLT with 37 training and 19 tests
Run RD with 132 training and 66 tests
Run WBD with 4 training and 3 tests
Run WSD with 125 training and 63 tests
Confusion Matrix 30.0
0.5185; 0.2593; 0.0000; 0.0000; 0.0000; 0.0926; 0.1296; 0.0000; 0.0000
0.0341; 0.3864; 0.0114; 0.0000; 0.0000; 0.1477; 0.3636; 0.0568; 0.0000
0.0000; 0.0000; 0.9737; 0.0000; 0.0263; 0.0000; 0.0000; 0.0000; 0.0000
0.0000; 0.0000; 0.0233; 0.8837; 0.0930; 0.0000; 0.0000; 0.0000; 0.0000
0.0000; 0.0000; 0.0000; 0.1579; 0.8421; 0.0000; 0.0000; 0.0000; 0.0000
0.0000; 0.0303; 0.0000; 0.0000; 0.0000; 0.5758; 0.0000; 0.3939; 0.0000
0.0000; 0.0000; 0.0000; 0.0000; 0.0000; 0.0000; 1.0000; 0.0000; 0.0000
0.0635; 0.0317; 0.0000; 0.0000; 0.0000; 0.2063; 0.0317; 0.6667; 0.0000
Mean confusion
0.6210; 0.1846; 0.0222; 0.0000; 0.0025; 0.0457; 0.0636; 0.0605; 0.0000
0.0617; 0.4739; 0.0045; 0.0000; 0.0000; 0.1943; 0.1856; 0.0799; 0.0000
0.0000; 0.0237; 0.9123; 0.0132; 0.0342; 0.0044; 0.0114; 0.0009; 0.0000
0.0000; 0.0000; 0.0558; 0.7798; 0.1527; 0.0000; 0.0116; 0.0000; 0.0000
0.0000; 0.0000; 0.0298; 0.3018; 0.6684; 0.0000; 0.0000; 0.0000; 0.0000
0.0273; 0.0919; 0.0071; 0.0010; 0.0091; 0.5293; 0.0283; 0.3061; 0.0000
0.0000; 0.3889; 0.0000; 0.0000; 0.0000; 0.0333; 0.5778; 0.0000; 0.0000
0.0561; 0.0534; 0.0005; 0.0000; 0.0005; 0.2640; 0.0280; 0.5974; 0.0000
STD Confusion
0.2169; 0.1330; 0.0178; 0.0000; 0.0064; 0.0376; 0.0601; 0.0364; 0.0000
0.0314; 0.1069; 0.0057; 0.0000; 0.0000; 0.0910; 0.0925; 0.0542; 0.0000
0.0000; 0.0222; 0.0455; 0.0180; 0.0404; 0.0100; 0.0192; 0.0048; 0.0000
0.0000; 0.0000; 0.0468; 0.1131; 0.0841; 0.0000; 0.0159; 0.0000; 0.0000
0.0000; 0.0000; 0.0383; 0.2105; 0.1921; 0.0000; 0.0000; 0.0000; 0.0000
0.0359; 0.0933; 0.0111; 0.0038; 0.0141; 0.1209; 0.0405; 0.0851; 0.0000
0.0000; 0.3285; 0.0000; 0.0000; 0.0000; 0.1017; 0.3383; 0.0000; 0.0000
0.0294; 0.0272; 0.0029; 0.0000; 0.0029; 0.0403; 0.0227; 0.0428; 0.0000
Lower 95% CI
0.3148; 0.0000; 0.0000; 0.0000; 0.0000; 0.0000; 0.0000; 0.0000; 0.0000
0.0000; 0.3068; 0.0000; 0.0000; 0.0000; 0.0455; 0.0341; 0.0000; 0.0000
0.0000; 0.0000; 0.8158; 0.0000; 0.0000; 0.0000; 0.0000; 0.0000; 0.0000
0.0000; 0.0000; 0.0000; 0.5581; 0.0233; 0.0000; 0.0000; 0.0000; 0.0000
0.0000; 0.0000; 0.0000; 0.0000; 0.2105; 0.0000; 0.0000; 0.0000; 0.0000
0.0000; 0.0000; 0.0000; 0.0000; 0.0000; 0.3333; 0.0000; 0.1667; 0.0000
0.0000; 0.0000; 0.0000; 0.0000; 0.0000; 0.0000; 0.0000; 0.0000; 0.0000
0.0159; 0.0000; 0.0000; 0.0000; 0.0000; 0.1746; 0.0000; 0.5238; 0.0000
Upper 95% CI
0.9444; 0.3704; 0.0556; 0.0000; 0.0185; 0.1481; 0.1852; 0.1296; 0.0000
0.1136; 0.6818; 0.0114; 0.0000; 0.0000; 0.3295; 0.3636; 0.1818; 0.0000
0.0000; 0.0526; 1.0000; 0.0526; 0.1316; 0.0263; 0.0526; 0.0263; 0.0000
0.0000; 0.0000; 0.1860; 0.9302; 0.3488; 0.0000; 0.0465; 0.0000; 0.0000
0.0000; 0.0000; 0.1053; 0.7895; 0.9474; 0.0000; 0.0000; 0.0000; 0.0000
0.0909; 0.2879; 0.0303; 0.0152; 0.0455; 0.7424; 0.1364; 0.4848; 0.0000
0.0000; 1.0000; 0.0000; 0.0000; 0.0000; 0.3333; 1.0000; 0.0000; 0.0000
0.1270; 0.1111; 0.0159; 0.0000; 0.0159; 0.3492; 0.0794; 0.6825; 0.0000
Run TT with 161 training and 0 tests
Run CD with 264 training and 0 tests
Run FKW with 113 training and 0 tests
Run KW with 129 training and 0 tests
Run LPLT with 56 training and 0 tests
Run RD with 198 training and 0 tests
Run WBD with 7 training and 0 tests
Run WSD with 188 training and 0 tests