Total Bootstraps 30
Num Species 8
FragmentLength 24; Section Length 45
TT; CD; FKW; KW; LPLT; RD; WBD; WSD
Bootstrap 0
Run TT with 157 training and 79 tests
Run CD with 256 training and 129 tests
Run FKW with 102 training and 52 tests
Run KW with 129 training and 65 tests
Run LPLT with 56 training and 29 tests
Run RD with 201 training and 101 tests
Run WBD with 6 training and 3 tests
Run WSD with 193 training and 97 tests
Confusion Matrix 1.0
0.6962; 0.1266; 0.0127; 0.0000; 0.0000; 0.0759; 0.0253; 0.0633; 0.0000
0.0698; 0.4186; 0.0000; 0.0000; 0.0000; 0.0930; 0.3333; 0.0853; 0.0000
0.0000; 0.0000; 0.9615; 0.0000; 0.0192; 0.0000; 0.0192; 0.0000; 0.0000
0.0000; 0.0000; 0.0000; 0.7231; 0.2615; 0.0000; 0.0154; 0.0000; 0.0000
0.0000; 0.0000; 0.0000; 0.3103; 0.6897; 0.0000; 0.0000; 0.0000; 0.0000
0.0396; 0.0396; 0.0297; 0.0000; 0.0594; 0.5446; 0.0693; 0.2178; 0.0000
0.0000; 0.0000; 0.0000; 0.0000; 0.0000; 0.0000; 1.0000; 0.0000; 0.0000
0.0928; 0.0412; 0.0000; 0.0000; 0.0103; 0.2680; 0.0722; 0.5155; 0.0000
Bootstrap 1
Run TT with 157 training and 79 tests
Run CD with 256 training and 129 tests
Run FKW with 102 training and 52 tests
Run KW with 129 training and 65 tests
Run LPLT with 56 training and 29 tests
Run RD with 201 training and 101 tests
Run WBD with 6 training and 3 tests
Run WSD with 193 training and 97 tests
Confusion Matrix 2.0
0.6582; 0.1139; 0.0127; 0.0000; 0.0127; 0.0506; 0.0506; 0.1013; 0.0000
0.0388; 0.4109; 0.0000; 0.0000; 0.0000; 0.1628; 0.3256; 0.0620; 0.0000
0.0000; 0.0192; 0.8846; 0.0192; 0.0769; 0.0000; 0.0000; 0.0000; 0.0000
0.0000; 0.0000; 0.0154; 0.7846; 0.1692; 0.0000; 0.0308; 0.0000; 0.0000
0.0000; 0.0000; 0.0000; 0.2069; 0.7931; 0.0000; 0.0000; 0.0000; 0.0000
0.0000; 0.0099; 0.0000; 0.0000; 0.0000; 0.7624; 0.0099; 0.2178; 0.0000
0.0000; 0.3333; 0.0000; 0.0000; 0.0000; 0.0000; 0.6667; 0.0000; 0.0000
0.0825; 0.1031; 0.0000; 0.0000; 0.0000; 0.2268; 0.0206; 0.5670; 0.0000
Bootstrap 2
Run TT with 157 training and 79 tests
Run CD with 256 training and 129 tests
Run FKW with 102 training and 52 tests
Run KW with 129 training and 65 tests
Run LPLT with 56 training and 29 tests
Run RD with 201 training and 101 tests
Run WBD with 6 training and 3 tests
Run WSD with 193 training and 97 tests
Confusion Matrix 3.0
0.4304; 0.3165; 0.0506; 0.0000; 0.0000; 0.0886; 0.0380; 0.0759; 0.0000
0.1163; 0.4186; 0.0000; 0.0000; 0.0000; 0.2713; 0.1163; 0.0775; 0.0000
0.0000; 0.0385; 0.8654; 0.0000; 0.0577; 0.0000; 0.0385; 0.0000; 0.0000
0.0000; 0.0000; 0.0154; 0.7538; 0.2000; 0.0000; 0.0308; 0.0000; 0.0000
0.0000; 0.0000; 0.0000; 0.6552; 0.3448; 0.0000; 0.0000; 0.0000; 0.0000
0.0000; 0.0594; 0.0000; 0.0000; 0.0000; 0.6337; 0.0099; 0.2970; 0.0000
0.0000; 0.3333; 0.0000; 0.0000; 0.0000; 0.0000; 0.6667; 0.0000; 0.0000
0.0619; 0.0309; 0.0000; 0.0000; 0.0000; 0.3196; 0.0722; 0.5155; 0.0000
Bootstrap 3
Run TT with 157 training and 79 tests
Run CD with 256 training and 129 tests
Run FKW with 102 training and 52 tests
Run KW with 129 training and 65 tests
Run LPLT with 56 training and 29 tests
Run RD with 201 training and 101 tests
Run WBD with 6 training and 3 tests
Run WSD with 193 training and 97 tests
Confusion Matrix 4.0
0.3924; 0.3165; 0.0380; 0.0000; 0.0000; 0.1139; 0.0759; 0.0633; 0.0000
0.1085; 0.3953; 0.0000; 0.0000; 0.0000; 0.2636; 0.1395; 0.0930; 0.0000
0.0000; 0.0385; 0.9615; 0.0000; 0.0000; 0.0000; 0.0000; 0.0000; 0.0000
0.0000; 0.0000; 0.0000; 0.8000; 0.1692; 0.0000; 0.0308; 0.0000; 0.0000
0.0000; 0.0000; 0.0345; 0.4138; 0.5517; 0.0000; 0.0000; 0.0000; 0.0000
0.0000; 0.0495; 0.0000; 0.0000; 0.0000; 0.6634; 0.0000; 0.2871; 0.0000
0.0000; 0.0000; 0.0000; 0.0000; 0.0000; 0.3333; 0.6667; 0.0000; 0.0000
0.0619; 0.0825; 0.0000; 0.0000; 0.0000; 0.3402; 0.0206; 0.4948; 0.0000
Bootstrap 4
Run TT with 157 training and 79 tests
Run CD with 256 training and 129 tests
Run FKW with 102 training and 52 tests
Run KW with 129 training and 65 tests
Run LPLT with 56 training and 29 tests
Run RD with 201 training and 101 tests
Run WBD with 6 training and 3 tests
Run WSD with 193 training and 97 tests
Confusion Matrix 5.0
0.8608; 0.0127; 0.0253; 0.0000; 0.0127; 0.0253; 0.0000; 0.0633; 0.0000
0.0853; 0.4341; 0.0155; 0.0000; 0.0000; 0.1550; 0.2636; 0.0465; 0.0000
0.0000; 0.0000; 0.8654; 0.0000; 0.0962; 0.0000; 0.0385; 0.0000; 0.0000
0.0000; 0.0000; 0.0000; 0.7846; 0.2154; 0.0000; 0.0000; 0.0000; 0.0000
0.0000; 0.0000; 0.0000; 0.3448; 0.6552; 0.0000; 0.0000; 0.0000; 0.0000
0.0198; 0.0594; 0.0000; 0.0000; 0.0000; 0.6634; 0.0198; 0.2376; 0.0000
0.0000; 0.0000; 0.0000; 0.0000; 0.0000; 0.0000; 1.0000; 0.0000; 0.0000
0.1031; 0.0412; 0.0000; 0.0000; 0.0103; 0.2268; 0.0515; 0.5670; 0.0000
Bootstrap 5
Run TT with 157 training and 79 tests
Run CD with 256 training and 129 tests
Run FKW with 102 training and 52 tests
Run KW with 129 training and 65 tests
Run LPLT with 56 training and 29 tests
Run RD with 201 training and 101 tests
Run WBD with 6 training and 3 tests
Run WSD with 193 training and 97 tests
Confusion Matrix 6.0
0.6329; 0.1899; 0.0127; 0.0000; 0.0000; 0.0633; 0.0253; 0.0759; 0.0000
0.0465; 0.5271; 0.0000; 0.0000; 0.0000; 0.0698; 0.2868; 0.0698; 0.0000
0.0000; 0.0000; 1.0000; 0.0000; 0.0000; 0.0000; 0.0000; 0.0000; 0.0000
0.0000; 0.0000; 0.0308; 0.7846; 0.1846; 0.0000; 0.0000; 0.0000; 0.0000
0.0000; 0.0000; 0.0000; 0.3793; 0.6207; 0.0000; 0.0000; 0.0000; 0.0000
0.1188; 0.1881; 0.0198; 0.0000; 0.0297; 0.4455; 0.0594; 0.1386; 0.0000
0.0000; 0.3333; 0.0000; 0.0000; 0.0000; 0.0000; 0.6667; 0.0000; 0.0000
0.0722; 0.0928; 0.0000; 0.0000; 0.0000; 0.3196; 0.0309; 0.4845; 0.0000
Bootstrap 6
Run TT with 157 training and 79 tests
Run CD with 256 training and 129 tests
Run FKW with 102 training and 52 tests
Run KW with 129 training and 65 tests
Run LPLT with 56 training and 29 tests
Run RD with 201 training and 101 tests
Run WBD with 6 training and 3 tests
Run WSD with 193 training and 97 tests
Confusion Matrix 7.0
0.8861; 0.0127; 0.0380; 0.0000; 0.0000; 0.0127; 0.0000; 0.0506; 0.0000
0.0853; 0.5581; 0.0000; 0.0000; 0.0000; 0.1628; 0.1705; 0.0233; 0.0000
0.0000; 0.0385; 0.8846; 0.0385; 0.0385; 0.0000; 0.0000; 0.0000; 0.0000
0.0000; 0.0000; 0.0615; 0.6462; 0.2462; 0.0000; 0.0462; 0.0000; 0.0000
0.0000; 0.0000; 0.0345; 0.2069; 0.7241; 0.0000; 0.0345; 0.0000; 0.0000
0.0099; 0.0396; 0.0000; 0.0000; 0.0000; 0.5149; 0.0000; 0.4356; 0.0000
0.0000; 0.3333; 0.0000; 0.0000; 0.0000; 0.0000; 0.6667; 0.0000; 0.0000
0.0928; 0.0722; 0.0000; 0.0000; 0.0000; 0.2268; 0.0309; 0.5773; 0.0000
Bootstrap 7
Run TT with 157 training and 79 tests
Run CD with 256 training and 129 tests
Run FKW with 102 training and 52 tests
Run KW with 129 training and 65 tests
Run LPLT with 56 training and 29 tests
Run RD with 201 training and 101 tests
Run WBD with 6 training and 3 tests
Run WSD with 193 training and 97 tests
Confusion Matrix 8.0
0.8861; 0.0000; 0.0253; 0.0000; 0.0000; 0.0253; 0.0000; 0.0633; 0.0000
0.0465; 0.3643; 0.0000; 0.0000; 0.0000; 0.0930; 0.4109; 0.0853; 0.0000
0.0192; 0.0000; 0.8462; 0.0192; 0.0962; 0.0000; 0.0192; 0.0000; 0.0000
0.0000; 0.0000; 0.0154; 0.7538; 0.2308; 0.0000; 0.0000; 0.0000; 0.0000
0.0000; 0.0000; 0.0000; 0.5172; 0.4828; 0.0000; 0.0000; 0.0000; 0.0000
0.0198; 0.0198; 0.0099; 0.0297; 0.0000; 0.5545; 0.0297; 0.3366; 0.0000
0.0000; 0.0000; 0.0000; 0.0000; 0.0000; 0.0000; 1.0000; 0.0000; 0.0000
0.0722; 0.0515; 0.0000; 0.0000; 0.0000; 0.2165; 0.0412; 0.6186; 0.0000
Bootstrap 8
Run TT with 157 training and 79 tests
Run CD with 256 training and 129 tests
Run FKW with 102 training and 52 tests
Run KW with 129 training and 65 tests
Run LPLT with 56 training and 29 tests
Run RD with 201 training and 101 tests
Run WBD with 6 training and 3 tests
Run WSD with 193 training and 97 tests
Confusion Matrix 9.0
0.9367; 0.0000; 0.0380; 0.0000; 0.0000; 0.0000; 0.0000; 0.0253; 0.0000
0.1550; 0.3566; 0.0155; 0.0000; 0.0000; 0.2558; 0.1240; 0.0930; 0.0000
0.0000; 0.0192; 0.9423; 0.0385; 0.0000; 0.0000; 0.0000; 0.0000; 0.0000
0.0000; 0.0000; 0.0154; 0.8000; 0.1538; 0.0000; 0.0308; 0.0000; 0.0000
0.0000; 0.0000; 0.0345; 0.0345; 0.9310; 0.0000; 0.0000; 0.0000; 0.0000
0.1188; 0.1485; 0.0297; 0.0000; 0.0396; 0.4554; 0.0792; 0.1287; 0.0000
0.0000; 0.6667; 0.0000; 0.0000; 0.0000; 0.0000; 0.3333; 0.0000; 0.0000
0.0928; 0.0722; 0.0000; 0.0000; 0.0000; 0.3402; 0.0309; 0.4639; 0.0000
Bootstrap 9
Run TT with 157 training and 79 tests
Run CD with 256 training and 129 tests
Run FKW with 102 training and 52 tests
Run KW with 129 training and 65 tests
Run LPLT with 56 training and 29 tests
Run RD with 201 training and 101 tests
Run WBD with 6 training and 3 tests
Run WSD with 193 training and 97 tests
Confusion Matrix 10.0
0.6329; 0.1519; 0.0127; 0.0000; 0.0000; 0.0886; 0.0380; 0.0759; 0.0000
0.0853; 0.4341; 0.0000; 0.0000; 0.0000; 0.1938; 0.2403; 0.0465; 0.0000
0.0000; 0.0000; 0.9423; 0.0000; 0.0192; 0.0000; 0.0385; 0.0000; 0.0000
0.0000; 0.0000; 0.0923; 0.6000; 0.2923; 0.0000; 0.0154; 0.0000; 0.0000
0.0000; 0.0000; 0.1034; 0.1034; 0.7931; 0.0000; 0.0000; 0.0000; 0.0000
0.0198; 0.0099; 0.0396; 0.0000; 0.0495; 0.6139; 0.0297; 0.2376; 0.0000
0.0000; 0.3333; 0.0000; 0.0000; 0.0000; 0.0000; 0.6667; 0.0000; 0.0000
0.0412; 0.0825; 0.0000; 0.0000; 0.0000; 0.3505; 0.0309; 0.4948; 0.0000
Bootstrap 10
Run TT with 157 training and 79 tests
Run CD with 256 training and 129 tests
Run FKW with 102 training and 52 tests
Run KW with 129 training and 65 tests
Run LPLT with 56 training and 29 tests
Run RD with 201 training and 101 tests
Run WBD with 6 training and 3 tests
Run WSD with 193 training and 97 tests
Confusion Matrix 11.0
0.7722; 0.0380; 0.0127; 0.0000; 0.0000; 0.0253; 0.0253; 0.1266; 0.0000
0.1473; 0.4884; 0.0078; 0.0000; 0.0000; 0.2481; 0.0310; 0.0775; 0.0000
0.0000; 0.0192; 0.9231; 0.0000; 0.0192; 0.0000; 0.0385; 0.0000; 0.0000
0.0000; 0.0000; 0.0308; 0.7538; 0.2154; 0.0000; 0.0000; 0.0000; 0.0000
0.0000; 0.0000; 0.0345; 0.2759; 0.6897; 0.0000; 0.0000; 0.0000; 0.0000
0.0990; 0.1980; 0.0297; 0.0099; 0.0495; 0.3960; 0.0396; 0.1782; 0.0000
0.0000; 0.6667; 0.0000; 0.0000; 0.0000; 0.0000; 0.3333; 0.0000; 0.0000
0.0825; 0.0928; 0.0000; 0.0000; 0.0000; 0.3299; 0.0103; 0.4845; 0.0000
Bootstrap 11
Run TT with 157 training and 79 tests
Run CD with 256 training and 129 tests
Run FKW with 102 training and 52 tests
Run KW with 129 training and 65 tests
Run LPLT with 56 training and 29 tests
Run RD with 201 training and 101 tests
Run WBD with 6 training and 3 tests
Run WSD with 193 training and 97 tests
Confusion Matrix 12.0
0.8228; 0.0000; 0.0127; 0.0000; 0.0127; 0.0253; 0.0127; 0.1139; 0.0000
0.0930; 0.3953; 0.0000; 0.0000; 0.0000; 0.1085; 0.3953; 0.0078; 0.0000
0.0000; 0.0000; 0.9038; 0.0000; 0.0769; 0.0000; 0.0192; 0.0000; 0.0000
0.0000; 0.0000; 0.0154; 0.7077; 0.2615; 0.0000; 0.0154; 0.0000; 0.0000
0.0000; 0.0000; 0.0000; 0.3103; 0.6897; 0.0000; 0.0000; 0.0000; 0.0000
0.1485; 0.0792; 0.0198; 0.0000; 0.0693; 0.4158; 0.0891; 0.1782; 0.0000
0.0000; 0.0000; 0.0000; 0.0000; 0.0000; 0.0000; 1.0000; 0.0000; 0.0000
0.1031; 0.0825; 0.0000; 0.0000; 0.0000; 0.2990; 0.0206; 0.4948; 0.0000
Bootstrap 12
Run TT with 157 training and 79 tests
Run CD with 256 training and 129 tests
Run FKW with 102 training and 52 tests
Run KW with 129 training and 65 tests
Run LPLT with 56 training and 29 tests
Run RD with 201 training and 101 tests
Run WBD with 6 training and 3 tests
Run WSD with 193 training and 97 tests
Confusion Matrix 13.0
0.4810; 0.2152; 0.0506; 0.0000; 0.0000; 0.0633; 0.1013; 0.0886; 0.0000
0.0310; 0.3333; 0.0078; 0.0000; 0.0000; 0.1705; 0.3798; 0.0775; 0.0000
0.0000; 0.0000; 0.9808; 0.0192; 0.0000; 0.0000; 0.0000; 0.0000; 0.0000
0.0000; 0.0000; 0.0462; 0.8462; 0.1077; 0.0000; 0.0000; 0.0000; 0.0000
0.0000; 0.0000; 0.0345; 0.3448; 0.6207; 0.0000; 0.0000; 0.0000; 0.0000
0.0000; 0.0297; 0.0000; 0.0000; 0.0000; 0.6535; 0.0099; 0.3069; 0.0000
0.0000; 0.0000; 0.0000; 0.0000; 0.0000; 0.0000; 1.0000; 0.0000; 0.0000
0.0928; 0.0515; 0.0000; 0.0000; 0.0103; 0.2680; 0.0619; 0.5155; 0.0000
Bootstrap 13
Run TT with 157 training and 79 tests
Run CD with 256 training and 129 tests
Run FKW with 102 training and 52 tests
Run KW with 129 training and 65 tests
Run LPLT with 56 training and 29 tests
Run RD with 201 training and 101 tests
Run WBD with 6 training and 3 tests
Run WSD with 193 training and 97 tests
Confusion Matrix 14.0
0.8861; 0.0000; 0.0253; 0.0000; 0.0253; 0.0253; 0.0000; 0.0380; 0.0000
0.1008; 0.3953; 0.0000; 0.0000; 0.0000; 0.1860; 0.2868; 0.0310; 0.0000
0.0000; 0.0000; 0.8077; 0.0000; 0.1538; 0.0000; 0.0385; 0.0000; 0.0000
0.0000; 0.0000; 0.0462; 0.7692; 0.1846; 0.0000; 0.0000; 0.0000; 0.0000
0.0000; 0.0000; 0.0000; 0.3103; 0.6897; 0.0000; 0.0000; 0.0000; 0.0000
0.0198; 0.0099; 0.0000; 0.0000; 0.0000; 0.6238; 0.0000; 0.3465; 0.0000
0.0000; 0.3333; 0.0000; 0.0000; 0.0000; 0.0000; 0.6667; 0.0000; 0.0000
0.1031; 0.0309; 0.0000; 0.0000; 0.0103; 0.2577; 0.0619; 0.5361; 0.0000
Bootstrap 14
Run TT with 157 training and 79 tests
Run CD with 256 training and 129 tests
Run FKW with 102 training and 52 tests
Run KW with 129 training and 65 tests
Run LPLT with 56 training and 29 tests
Run RD with 201 training and 101 tests
Run WBD with 6 training and 3 tests
Run WSD with 193 training and 97 tests
Confusion Matrix 15.0
0.4430; 0.2911; 0.0633; 0.0000; 0.0000; 0.0380; 0.0759; 0.0886; 0.0000
0.0620; 0.4729; 0.0078; 0.0000; 0.0000; 0.2636; 0.0853; 0.1085; 0.0000
0.0000; 0.0385; 0.9615; 0.0000; 0.0000; 0.0000; 0.0000; 0.0000; 0.0000
0.0000; 0.0000; 0.0923; 0.6923; 0.2000; 0.0000; 0.0154; 0.0000; 0.0000
0.0000; 0.0000; 0.0000; 0.5172; 0.4828; 0.0000; 0.0000; 0.0000; 0.0000
0.0099; 0.0495; 0.0099; 0.0000; 0.0693; 0.5545; 0.0099; 0.2970; 0.0000
0.0000; 0.6667; 0.0000; 0.0000; 0.0000; 0.0000; 0.3333; 0.0000; 0.0000
0.0515; 0.0619; 0.0103; 0.0000; 0.0000; 0.2784; 0.0103; 0.5876; 0.0000
Bootstrap 15
Run TT with 157 training and 79 tests
Run CD with 256 training and 129 tests
Run FKW with 102 training and 52 tests
Run KW with 129 training and 65 tests
Run LPLT with 56 training and 29 tests
Run RD with 201 training and 101 tests
Run WBD with 6 training and 3 tests
Run WSD with 193 training and 97 tests
Confusion Matrix 16.0
0.8354; 0.0000; 0.0127; 0.0000; 0.0253; 0.0380; 0.0000; 0.0886; 0.0000
0.1395; 0.3953; 0.0078; 0.0000; 0.0000; 0.1008; 0.2791; 0.0775; 0.0000
0.0000; 0.0192; 0.9231; 0.0000; 0.0385; 0.0000; 0.0192; 0.0000; 0.0000
0.0000; 0.0000; 0.0769; 0.8308; 0.0769; 0.0000; 0.0154; 0.0000; 0.0000
0.0000; 0.0000; 0.0000; 0.6552; 0.3448; 0.0000; 0.0000; 0.0000; 0.0000
0.0990; 0.1683; 0.0000; 0.0000; 0.0297; 0.4851; 0.0594; 0.1584; 0.0000
0.0000; 0.3333; 0.0000; 0.0000; 0.0000; 0.0000; 0.6667; 0.0000; 0.0000
0.0825; 0.0619; 0.0000; 0.0000; 0.0000; 0.3299; 0.0309; 0.4948; 0.0000
Bootstrap 16
Run TT with 157 training and 79 tests
Run CD with 256 training and 129 tests
Run FKW with 102 training and 52 tests
Run KW with 129 training and 65 tests
Run LPLT with 56 training and 29 tests
Run RD with 201 training and 101 tests
Run WBD with 6 training and 3 tests
Run WSD with 193 training and 97 tests
Confusion Matrix 17.0
0.5316; 0.1646; 0.0253; 0.0000; 0.0127; 0.0253; 0.0759; 0.1646; 0.0000
0.1085; 0.4729; 0.0000; 0.0000; 0.0000; 0.2326; 0.1240; 0.0620; 0.0000
0.0192; 0.0192; 0.9038; 0.0000; 0.0577; 0.0000; 0.0000; 0.0000; 0.0000
0.0000; 0.0000; 0.0769; 0.7692; 0.1538; 0.0000; 0.0000; 0.0000; 0.0000
0.0000; 0.0000; 0.0000; 0.6897; 0.3103; 0.0000; 0.0000; 0.0000; 0.0000
0.1386; 0.1287; 0.0396; 0.0099; 0.0495; 0.4356; 0.0495; 0.1485; 0.0000
0.0000; 0.0000; 0.0000; 0.0000; 0.0000; 0.0000; 1.0000; 0.0000; 0.0000
0.0722; 0.0825; 0.0103; 0.0000; 0.0000; 0.2887; 0.0309; 0.5155; 0.0000
Bootstrap 17
Run TT with 157 training and 79 tests
Run CD with 256 training and 129 tests
Run FKW with 102 training and 52 tests
Run KW with 129 training and 65 tests
Run LPLT with 56 training and 29 tests
Run RD with 201 training and 101 tests
Run WBD with 6 training and 3 tests
Run WSD with 193 training and 97 tests
Confusion Matrix 18.0
0.7215; 0.0633; 0.0000; 0.0000; 0.0000; 0.0127; 0.0506; 0.1519; 0.0000
0.0930; 0.4961; 0.0078; 0.0000; 0.0000; 0.1473; 0.2016; 0.0543; 0.0000
0.0000; 0.0192; 0.9808; 0.0000; 0.0000; 0.0000; 0.0000; 0.0000; 0.0000
0.0000; 0.0000; 0.0615; 0.5692; 0.3692; 0.0000; 0.0000; 0.0000; 0.0000
0.0000; 0.0000; 0.1379; 0.1034; 0.7241; 0.0000; 0.0345; 0.0000; 0.0000
0.1287; 0.0990; 0.0099; 0.0000; 0.0198; 0.4653; 0.0891; 0.1881; 0.0000
0.0000; 0.3333; 0.0000; 0.0000; 0.0000; 0.0000; 0.6667; 0.0000; 0.0000
0.0722; 0.0825; 0.0000; 0.0000; 0.0000; 0.3505; 0.0206; 0.4742; 0.0000
Bootstrap 18
Run TT with 157 training and 79 tests
Run CD with 256 training and 129 tests
Run FKW with 102 training and 52 tests
Run KW with 129 training and 65 tests
Run LPLT with 56 training and 29 tests
Run RD with 201 training and 101 tests
Run WBD with 6 training and 3 tests
Run WSD with 193 training and 97 tests
Confusion Matrix 19.0
0.3544; 0.2278; 0.0759; 0.0000; 0.0000; 0.1392; 0.1139; 0.0886; 0.0000
0.0930; 0.4419; 0.0078; 0.0000; 0.0000; 0.2171; 0.1860; 0.0543; 0.0000
0.0000; 0.0000; 0.9231; 0.0000; 0.0769; 0.0000; 0.0000; 0.0000; 0.0000
0.0000; 0.0000; 0.0308; 0.7846; 0.1538; 0.0000; 0.0308; 0.0000; 0.0000
0.0000; 0.0000; 0.0000; 0.7241; 0.2759; 0.0000; 0.0000; 0.0000; 0.0000
0.0000; 0.0099; 0.0000; 0.0000; 0.0000; 0.7723; 0.0000; 0.2178; 0.0000
0.0000; 0.3333; 0.0000; 0.0000; 0.0000; 0.0000; 0.6667; 0.0000; 0.0000
0.0825; 0.0619; 0.0000; 0.0000; 0.0103; 0.2990; 0.0206; 0.5258; 0.0000
Bootstrap 19
Run TT with 157 training and 79 tests
Run CD with 256 training and 129 tests
Run FKW with 102 training and 52 tests
Run KW with 129 training and 65 tests
Run LPLT with 56 training and 29 tests
Run RD with 201 training and 101 tests
Run WBD with 6 training and 3 tests
Run WSD with 193 training and 97 tests
Confusion Matrix 20.0
0.7975; 0.0886; 0.0253; 0.0000; 0.0000; 0.0000; 0.0253; 0.0633; 0.0000
0.0930; 0.4109; 0.0078; 0.0000; 0.0000; 0.1008; 0.2791; 0.1085; 0.0000
0.0000; 0.0000; 0.9423; 0.0192; 0.0000; 0.0192; 0.0192; 0.0000; 0.0000
0.0000; 0.0000; 0.0308; 0.7846; 0.1692; 0.0000; 0.0154; 0.0000; 0.0000
0.0000; 0.0000; 0.0000; 0.6552; 0.3448; 0.0000; 0.0000; 0.0000; 0.0000
0.0000; 0.1386; 0.0000; 0.0000; 0.0000; 0.6337; 0.0000; 0.2277; 0.0000
0.0000; 0.3333; 0.0000; 0.0000; 0.0000; 0.0000; 0.6667; 0.0000; 0.0000
0.0825; 0.0722; 0.0000; 0.0000; 0.0000; 0.2680; 0.0515; 0.5258; 0.0000
Bootstrap 20
Run TT with 157 training and 79 tests
Run CD with 256 training and 129 tests
Run FKW with 102 training and 52 tests
Run KW with 129 training and 65 tests
Run LPLT with 56 training and 29 tests
Run RD with 201 training and 101 tests
Run WBD with 6 training and 3 tests
Run WSD with 193 training and 97 tests
Confusion Matrix 21.0
0.8608; 0.0000; 0.0380; 0.0000; 0.0000; 0.0253; 0.0000; 0.0759; 0.0000
0.1240; 0.4031; 0.0000; 0.0000; 0.0000; 0.2713; 0.1163; 0.0853; 0.0000
0.0000; 0.0192; 0.9423; 0.0192; 0.0192; 0.0000; 0.0000; 0.0000; 0.0000
0.0000; 0.0000; 0.0154; 0.8462; 0.1385; 0.0000; 0.0000; 0.0000; 0.0000
0.0000; 0.0000; 0.0345; 0.4138; 0.5517; 0.0000; 0.0000; 0.0000; 0.0000
0.0891; 0.1881; 0.0000; 0.0099; 0.0297; 0.4257; 0.0396; 0.2178; 0.0000
0.0000; 0.0000; 0.0000; 0.0000; 0.0000; 0.0000; 1.0000; 0.0000; 0.0000
0.0722; 0.0722; 0.0000; 0.0000; 0.0000; 0.3402; 0.0103; 0.5052; 0.0000
Bootstrap 21
Run TT with 157 training and 79 tests
Run CD with 256 training and 129 tests
Run FKW with 102 training and 52 tests
Run KW with 129 training and 65 tests
Run LPLT with 56 training and 29 tests
Run RD with 201 training and 101 tests
Run WBD with 6 training and 3 tests
Run WSD with 193 training and 97 tests
Confusion Matrix 22.0
0.8608; 0.0000; 0.0253; 0.0000; 0.0127; 0.0127; 0.0000; 0.0886; 0.0000
0.1240; 0.4186; 0.0000; 0.0000; 0.0000; 0.2791; 0.1008; 0.0775; 0.0000
0.0000; 0.0192; 0.9615; 0.0000; 0.0192; 0.0000; 0.0000; 0.0000; 0.0000
0.0000; 0.0000; 0.0923; 0.6000; 0.3077; 0.0000; 0.0000; 0.0000; 0.0000
0.0000; 0.0000; 0.0345; 0.1379; 0.8276; 0.0000; 0.0000; 0.0000; 0.0000
0.0990; 0.1782; 0.0198; 0.0099; 0.0396; 0.3960; 0.0594; 0.1980; 0.0000
0.0000; 0.3333; 0.0000; 0.0000; 0.0000; 0.0000; 0.6667; 0.0000; 0.0000
0.1134; 0.0619; 0.0000; 0.0000; 0.0103; 0.3505; 0.0309; 0.4330; 0.0000
Bootstrap 22
Run TT with 157 training and 79 tests
Run CD with 256 training and 129 tests
Run FKW with 102 training and 52 tests
Run KW with 129 training and 65 tests
Run LPLT with 56 training and 29 tests
Run RD with 201 training and 101 tests
Run WBD with 6 training and 3 tests
Run WSD with 193 training and 97 tests
Confusion Matrix 23.0
0.8987; 0.0127; 0.0253; 0.0000; 0.0000; 0.0127; 0.0000; 0.0506; 0.0000
0.0853; 0.4806; 0.0000; 0.0000; 0.0000; 0.1628; 0.2403; 0.0310; 0.0000
0.0000; 0.0192; 0.9615; 0.0000; 0.0192; 0.0000; 0.0000; 0.0000; 0.0000
0.0000; 0.0000; 0.0769; 0.6462; 0.2769; 0.0000; 0.0000; 0.0000; 0.0000
0.0000; 0.0000; 0.0345; 0.3448; 0.6207; 0.0000; 0.0000; 0.0000; 0.0000
0.1287; 0.1485; 0.0198; 0.0000; 0.0495; 0.4059; 0.1089; 0.1386; 0.0000
0.0000; 0.6667; 0.0000; 0.0000; 0.0000; 0.0000; 0.3333; 0.0000; 0.0000
0.0515; 0.0825; 0.0000; 0.0000; 0.0000; 0.3505; 0.0206; 0.4948; 0.0000
Bootstrap 23
Run TT with 157 training and 79 tests
Run CD with 256 training and 129 tests
Run FKW with 102 training and 52 tests
Run KW with 129 training and 65 tests
Run LPLT with 56 training and 29 tests
Run RD with 201 training and 101 tests
Run WBD with 6 training and 3 tests
Run WSD with 193 training and 97 tests
Confusion Matrix 24.0
0.4304; 0.2785; 0.0253; 0.0000; 0.0127; 0.1266; 0.0633; 0.0633; 0.0000
0.1085; 0.3643; 0.0000; 0.0000; 0.0000; 0.2946; 0.1163; 0.1163; 0.0000
0.0000; 0.0385; 0.7885; 0.0385; 0.1346; 0.0000; 0.0000; 0.0000; 0.0000
0.0000; 0.0000; 0.0000; 0.8615; 0.0769; 0.0000; 0.0615; 0.0000; 0.0000
0.0000; 0.0000; 0.0000; 0.6897; 0.3103; 0.0000; 0.0000; 0.0000; 0.0000
0.0000; 0.0198; 0.0000; 0.0000; 0.0000; 0.7129; 0.0000; 0.2673; 0.0000
0.0000; 0.3333; 0.0000; 0.0000; 0.0000; 0.0000; 0.6667; 0.0000; 0.0000
0.0722; 0.0928; 0.0000; 0.0000; 0.0000; 0.2474; 0.0206; 0.5670; 0.0000
Bootstrap 24
Run TT with 157 training and 79 tests
Run CD with 256 training and 129 tests
Run FKW with 102 training and 52 tests
Run KW with 129 training and 65 tests
Run LPLT with 56 training and 29 tests
Run RD with 201 training and 101 tests
Run WBD with 6 training and 3 tests
Run WSD with 193 training and 97 tests
Confusion Matrix 25.0
0.7468; 0.0759; 0.0253; 0.0000; 0.0253; 0.0127; 0.0253; 0.0886; 0.0000
0.0620; 0.4806; 0.0000; 0.0000; 0.0000; 0.1550; 0.2481; 0.0543; 0.0000
0.0000; 0.0192; 0.9423; 0.0385; 0.0000; 0.0000; 0.0000; 0.0000; 0.0000
0.0000; 0.0000; 0.0923; 0.8154; 0.0923; 0.0000; 0.0000; 0.0000; 0.0000
0.0000; 0.0000; 0.0000; 0.6897; 0.3103; 0.0000; 0.0000; 0.0000; 0.0000
0.0990; 0.1287; 0.0297; 0.0000; 0.0792; 0.4653; 0.0891; 0.1089; 0.0000
0.0000; 0.3333; 0.0000; 0.0000; 0.0000; 0.0000; 0.6667; 0.0000; 0.0000
0.0722; 0.0825; 0.0000; 0.0000; 0.0206; 0.3093; 0.0206; 0.4948; 0.0000
Bootstrap 25
Run TT with 157 training and 79 tests
Run CD with 256 training and 129 tests
Run FKW with 102 training and 52 tests
Run KW with 129 training and 65 tests
Run LPLT with 56 training and 29 tests
Run RD with 201 training and 101 tests
Run WBD with 6 training and 3 tests
Run WSD with 193 training and 97 tests
Confusion Matrix 26.0
0.5570; 0.1899; 0.0506; 0.0000; 0.0127; 0.0127; 0.0506; 0.1266; 0.0000
0.0543; 0.6047; 0.0000; 0.0000; 0.0000; 0.0620; 0.2171; 0.0620; 0.0000
0.0192; 0.0192; 0.9423; 0.0192; 0.0000; 0.0000; 0.0000; 0.0000; 0.0000
0.0000; 0.0000; 0.0154; 0.8154; 0.1385; 0.0000; 0.0308; 0.0000; 0.0000
0.0000; 0.0000; 0.0690; 0.1724; 0.7241; 0.0000; 0.0345; 0.0000; 0.0000
0.0990; 0.2277; 0.0396; 0.0099; 0.0099; 0.3762; 0.0594; 0.1782; 0.0000
0.0000; 0.6667; 0.0000; 0.0000; 0.0000; 0.0000; 0.3333; 0.0000; 0.0000
0.0515; 0.1031; 0.0000; 0.0000; 0.0000; 0.3608; 0.0103; 0.4742; 0.0000
Bootstrap 26
Run TT with 157 training and 79 tests
Run CD with 256 training and 129 tests
Run FKW with 102 training and 52 tests
Run KW with 129 training and 65 tests
Run LPLT with 56 training and 29 tests
Run RD with 201 training and 101 tests
Run WBD with 6 training and 3 tests
Run WSD with 193 training and 97 tests
Confusion Matrix 27.0
0.3797; 0.3544; 0.0759; 0.0000; 0.0000; 0.0253; 0.1013; 0.0633; 0.0000
0.0465; 0.4341; 0.0078; 0.0000; 0.0000; 0.0775; 0.4031; 0.0310; 0.0000
0.0000; 0.0000; 0.9423; 0.0385; 0.0192; 0.0000; 0.0000; 0.0000; 0.0000
0.0000; 0.0000; 0.1231; 0.5846; 0.2769; 0.0000; 0.0154; 0.0000; 0.0000
0.0345; 0.0000; 0.1379; 0.0690; 0.7586; 0.0000; 0.0000; 0.0000; 0.0000
0.0990; 0.1584; 0.0297; 0.0099; 0.0495; 0.3861; 0.1089; 0.1584; 0.0000
0.0000; 0.0000; 0.0000; 0.0000; 0.0000; 0.0000; 1.0000; 0.0000; 0.0000
0.0722; 0.1134; 0.0000; 0.0000; 0.0103; 0.2577; 0.0515; 0.4948; 0.0000
Bootstrap 27
Run TT with 157 training and 79 tests
Run CD with 256 training and 129 tests
Run FKW with 102 training and 52 tests
Run KW with 129 training and 65 tests
Run LPLT with 56 training and 29 tests
Run RD with 201 training and 101 tests
Run WBD with 6 training and 3 tests
Run WSD with 193 training and 97 tests
Confusion Matrix 28.0
0.3671; 0.3671; 0.0506; 0.0000; 0.0000; 0.0886; 0.0506; 0.0759; 0.0000
0.0930; 0.3566; 0.0078; 0.0000; 0.0000; 0.2326; 0.2326; 0.0775; 0.0000
0.0000; 0.0192; 0.9808; 0.0000; 0.0000; 0.0000; 0.0000; 0.0000; 0.0000
0.0000; 0.0000; 0.0000; 0.8923; 0.1077; 0.0000; 0.0000; 0.0000; 0.0000
0.0000; 0.0000; 0.0000; 0.4138; 0.5862; 0.0000; 0.0000; 0.0000; 0.0000
0.0000; 0.0099; 0.0000; 0.0000; 0.0000; 0.6139; 0.0099; 0.3663; 0.0000
0.0000; 0.3333; 0.0000; 0.0000; 0.0000; 0.0000; 0.6667; 0.0000; 0.0000
0.0722; 0.0825; 0.0000; 0.0000; 0.0103; 0.1959; 0.0619; 0.5773; 0.0000
Bootstrap 28
Run TT with 157 training and 79 tests
Run CD with 256 training and 129 tests
Run FKW with 102 training and 52 tests
Run KW with 129 training and 65 tests
Run LPLT with 56 training and 29 tests
Run RD with 201 training and 101 tests
Run WBD with 6 training and 3 tests
Run WSD with 193 training and 97 tests
Confusion Matrix 29.0
0.9367; 0.0000; 0.0380; 0.0000; 0.0000; 0.0000; 0.0000; 0.0253; 0.0000
0.0775; 0.3333; 0.0000; 0.0000; 0.0000; 0.1550; 0.3566; 0.0775; 0.0000
0.0000; 0.0577; 0.9423; 0.0000; 0.0000; 0.0000; 0.0000; 0.0000; 0.0000
0.0000; 0.0000; 0.0000; 0.7385; 0.2615; 0.0000; 0.0000; 0.0000; 0.0000
0.0000; 0.0000; 0.0345; 0.3448; 0.6207; 0.0000; 0.0000; 0.0000; 0.0000
0.0000; 0.0198; 0.0000; 0.0000; 0.0000; 0.6931; 0.0000; 0.2871; 0.0000
0.0000; 0.3333; 0.0000; 0.0000; 0.0000; 0.0000; 0.6667; 0.0000; 0.0000
0.0722; 0.0515; 0.0000; 0.0000; 0.0103; 0.2371; 0.0515; 0.5773; 0.0000
Bootstrap 29
Run TT with 157 training and 79 tests
Run CD with 256 training and 129 tests
Run FKW with 102 training and 52 tests
Run KW with 129 training and 65 tests
Run LPLT with 56 training and 29 tests
Run RD with 201 training and 101 tests
Run WBD with 6 training and 3 tests
Run WSD with 193 training and 97 tests
Confusion Matrix 30.0
0.3797; 0.2911; 0.0506; 0.0000; 0.0127; 0.1266; 0.0759; 0.0633; 0.0000
0.0543; 0.3798; 0.0000; 0.0000; 0.0000; 0.1395; 0.3333; 0.0930; 0.0000
0.0000; 0.0192; 0.8846; 0.0192; 0.0769; 0.0000; 0.0000; 0.0000; 0.0000
0.0000; 0.0000; 0.0308; 0.8923; 0.0615; 0.0000; 0.0154; 0.0000; 0.0000
0.0000; 0.0000; 0.0000; 0.3103; 0.6897; 0.0000; 0.0000; 0.0000; 0.0000
0.0099; 0.1089; 0.0000; 0.0000; 0.0000; 0.5644; 0.0198; 0.2970; 0.0000
0.0000; 0.0000; 0.0000; 0.0000; 0.0000; 0.0000; 1.0000; 0.0000; 0.0000
0.1031; 0.0515; 0.0000; 0.0000; 0.0103; 0.2680; 0.0722; 0.4948; 0.0000
Mean confusion
0.6692; 0.1300; 0.0325; 0.0000; 0.0059; 0.0460; 0.0367; 0.0797; 0.0000
0.0876; 0.4292; 0.0034; 0.0000; 0.0000; 0.1775; 0.2341; 0.0682; 0.0000
0.0019; 0.0167; 0.9231; 0.0109; 0.0372; 0.0006; 0.0096; 0.0000; 0.0000
0.0000; 0.0000; 0.0400; 0.7544; 0.1918; 0.0000; 0.0138; 0.0000; 0.0000
0.0011; 0.0000; 0.0253; 0.3782; 0.5920; 0.0000; 0.0034; 0.0000; 0.0000
0.0538; 0.0908; 0.0125; 0.0030; 0.0241; 0.5442; 0.0383; 0.2333; 0.0000
0.0000; 0.2778; 0.0000; 0.0000; 0.0000; 0.0111; 0.7111; 0.0000; 0.0000
0.0784; 0.0715; 0.0007; 0.0000; 0.0041; 0.2907; 0.0357; 0.5189; 0.0000
STD Confusion
0.2038; 0.1273; 0.0193; 0.0000; 0.0086; 0.0415; 0.0355; 0.0324; 0.0000
0.0325; 0.0644; 0.0049; 0.0000; 0.0000; 0.0709; 0.1058; 0.0265; 0.0000
0.0059; 0.0158; 0.0510; 0.0149; 0.0434; 0.0035; 0.0149; 0.0000; 0.0000
0.0000; 0.0000; 0.0358; 0.0891; 0.0763; 0.0000; 0.0163; 0.0000; 0.0000
0.0063; 0.0000; 0.0394; 0.2068; 0.1795; 0.0000; 0.0105; 0.0000; 0.0000
0.0545; 0.0700; 0.0147; 0.0064; 0.0266; 0.1198; 0.0359; 0.0794; 0.0000
0.0000; 0.2330; 0.0000; 0.0000; 0.0000; 0.0609; 0.2271; 0.0000; 0.0000
0.0177; 0.0213; 0.0026; 0.0000; 0.0058; 0.0483; 0.0200; 0.0431; 0.0000
Lower 95% CI
0.3544; 0.0000; 0.0000; 0.0000; 0.0000; 0.0000; 0.0000; 0.0253; 0.0000
0.0310; 0.3333; 0.0000; 0.0000; 0.0000; 0.0620; 0.0310; 0.0078; 0.0000
0.0000; 0.0000; 0.7885; 0.0000; 0.0000; 0.0000; 0.0000; 0.0000; 0.0000
0.0000; 0.0000; 0.0000; 0.5692; 0.0615; 0.0000; 0.0000; 0.0000; 0.0000
0.0000; 0.0000; 0.0000; 0.0345; 0.2759; 0.0000; 0.0000; 0.0000; 0.0000
0.0000; 0.0099; 0.0000; 0.0000; 0.0000; 0.3762; 0.0000; 0.1089; 0.0000
0.0000; 0.0000; 0.0000; 0.0000; 0.0000; 0.0000; 0.3333; 0.0000; 0.0000
0.0412; 0.0309; 0.0000; 0.0000; 0.0000; 0.1959; 0.0103; 0.4330; 0.0000
Upper 95% CI
0.9367; 0.3671; 0.0759; 0.0000; 0.0253; 0.1392; 0.1139; 0.1646; 0.0000
0.1550; 0.6047; 0.0155; 0.0000; 0.0000; 0.2946; 0.4109; 0.1163; 0.0000
0.0192; 0.0577; 1.0000; 0.0385; 0.1538; 0.0192; 0.0385; 0.0000; 0.0000
0.0000; 0.0000; 0.1231; 0.8923; 0.3692; 0.0000; 0.0615; 0.0000; 0.0000
0.0345; 0.0000; 0.1379; 0.7241; 0.9310; 0.0000; 0.0345; 0.0000; 0.0000
0.1485; 0.2277; 0.0396; 0.0297; 0.0792; 0.7723; 0.1089; 0.4356; 0.0000
0.0000; 0.6667; 0.0000; 0.0000; 0.0000; 0.3333; 1.0000; 0.0000; 0.0000
0.1134; 0.1134; 0.0103; 0.0000; 0.0206; 0.3608; 0.0722; 0.6186; 0.0000
Run TT with 236 training and 0 tests
Run CD with 385 training and 0 tests
Run FKW with 154 training and 0 tests
Run KW with 194 training and 0 tests
Run LPLT with 85 training and 0 tests
Run RD with 302 training and 0 tests
Run WBD with 9 training and 0 tests
Run WSD with 290 training and 0 tests