Total Bootstraps 30
Num Species 8
FragmentLength 22; Section Length 55
TT; CD; FKW; KW; LPLT; RD; WBD; WSD
Bootstrap 0
Run TT with 148 training and 75 tests
Run CD with 242 training and 121 tests
Run FKW with 94 training and 48 tests
Run KW with 123 training and 62 tests
Run LPLT with 54 training and 27 tests
Run RD with 192 training and 97 tests
Run WBD with 6 training and 3 tests
Run WSD with 184 training and 92 tests
Confusion Matrix 1.0
0.7867; 0.0533; 0.0133; 0.0000; 0.0000; 0.0133; 0.0400; 0.0933; 0.0000
0.0579; 0.4545; 0.0000; 0.0000; 0.0000; 0.2479; 0.2149; 0.0248; 0.0000
0.0000; 0.0417; 0.8750; 0.0208; 0.0417; 0.0000; 0.0000; 0.0208; 0.0000
0.0000; 0.0000; 0.0161; 0.7419; 0.2419; 0.0000; 0.0000; 0.0000; 0.0000
0.0000; 0.0000; 0.1111; 0.0000; 0.8519; 0.0000; 0.0370; 0.0000; 0.0000
0.0206; 0.0309; 0.0000; 0.0000; 0.0000; 0.5773; 0.0103; 0.3608; 0.0000
0.0000; 0.0000; 0.0000; 0.0000; 0.0000; 0.0000; 1.0000; 0.0000; 0.0000
0.0652; 0.0543; 0.0000; 0.0000; 0.0000; 0.2391; 0.0217; 0.6196; 0.0000
Bootstrap 1
Run TT with 148 training and 75 tests
Run CD with 242 training and 121 tests
Run FKW with 94 training and 48 tests
Run KW with 123 training and 62 tests
Run LPLT with 54 training and 27 tests
Run RD with 192 training and 97 tests
Run WBD with 6 training and 3 tests
Run WSD with 184 training and 92 tests
Confusion Matrix 2.0
0.6933; 0.1067; 0.0133; 0.0000; 0.0000; 0.0533; 0.0400; 0.0933; 0.0000
0.0331; 0.4711; 0.0000; 0.0000; 0.0000; 0.1570; 0.2562; 0.0826; 0.0000
0.0000; 0.0000; 0.9583; 0.0000; 0.0417; 0.0000; 0.0000; 0.0000; 0.0000
0.0000; 0.0000; 0.0806; 0.7903; 0.1290; 0.0000; 0.0000; 0.0000; 0.0000
0.0000; 0.0000; 0.0000; 0.6667; 0.3333; 0.0000; 0.0000; 0.0000; 0.0000
0.0103; 0.2165; 0.0000; 0.0000; 0.0000; 0.4124; 0.0206; 0.3402; 0.0000
0.0000; 0.3333; 0.0000; 0.0000; 0.0000; 0.0000; 0.6667; 0.0000; 0.0000
0.0978; 0.0326; 0.0000; 0.0000; 0.0217; 0.2283; 0.0435; 0.5761; 0.0000
Bootstrap 2
Run TT with 148 training and 75 tests
Run CD with 242 training and 121 tests
Run FKW with 94 training and 48 tests
Run KW with 123 training and 62 tests
Run LPLT with 54 training and 27 tests
Run RD with 192 training and 97 tests
Run WBD with 6 training and 3 tests
Run WSD with 184 training and 92 tests
Confusion Matrix 3.0
0.7867; 0.0667; 0.0267; 0.0000; 0.0000; 0.0267; 0.0133; 0.0800; 0.0000
0.0909; 0.3884; 0.0000; 0.0000; 0.0000; 0.1074; 0.4132; 0.0000; 0.0000
0.0000; 0.0000; 0.9375; 0.0208; 0.0417; 0.0000; 0.0000; 0.0000; 0.0000
0.0000; 0.0000; 0.0323; 0.8548; 0.1129; 0.0000; 0.0000; 0.0000; 0.0000
0.0000; 0.0000; 0.0000; 0.6296; 0.3704; 0.0000; 0.0000; 0.0000; 0.0000
0.0309; 0.0000; 0.0000; 0.0000; 0.0000; 0.6082; 0.0000; 0.3608; 0.0000
0.0000; 0.0000; 0.0000; 0.0000; 0.0000; 0.0000; 1.0000; 0.0000; 0.0000
0.1087; 0.0652; 0.0000; 0.0109; 0.0000; 0.2935; 0.0109; 0.5109; 0.0000
Bootstrap 3
Run TT with 148 training and 75 tests
Run CD with 242 training and 121 tests
Run FKW with 94 training and 48 tests
Run KW with 123 training and 62 tests
Run LPLT with 54 training and 27 tests
Run RD with 192 training and 97 tests
Run WBD with 6 training and 3 tests
Run WSD with 184 training and 92 tests
Confusion Matrix 4.0
0.5867; 0.1200; 0.0400; 0.0000; 0.0000; 0.0533; 0.0133; 0.1867; 0.0000
0.0661; 0.5455; 0.0000; 0.0000; 0.0000; 0.1240; 0.2479; 0.0165; 0.0000
0.0000; 0.0208; 0.8542; 0.0208; 0.0833; 0.0000; 0.0000; 0.0208; 0.0000
0.0000; 0.0000; 0.0000; 0.8548; 0.1290; 0.0000; 0.0161; 0.0000; 0.0000
0.0000; 0.0000; 0.0000; 0.4444; 0.5556; 0.0000; 0.0000; 0.0000; 0.0000
0.0000; 0.0000; 0.0000; 0.0000; 0.0000; 0.7629; 0.0000; 0.2371; 0.0000
0.0000; 0.6667; 0.0000; 0.0000; 0.0000; 0.0000; 0.3333; 0.0000; 0.0000
0.0761; 0.0543; 0.0000; 0.0000; 0.0000; 0.3152; 0.0217; 0.5326; 0.0000
Bootstrap 4
Run TT with 148 training and 75 tests
Run CD with 242 training and 121 tests
Run FKW with 94 training and 48 tests
Run KW with 123 training and 62 tests
Run LPLT with 54 training and 27 tests
Run RD with 192 training and 97 tests
Run WBD with 6 training and 3 tests
Run WSD with 184 training and 92 tests
Confusion Matrix 5.0
0.8933; 0.0000; 0.0267; 0.0000; 0.0000; 0.0133; 0.0133; 0.0533; 0.0000
0.1074; 0.4711; 0.0000; 0.0000; 0.0000; 0.2479; 0.1240; 0.0496; 0.0000
0.0000; 0.0000; 0.9167; 0.0000; 0.0625; 0.0000; 0.0208; 0.0000; 0.0000
0.0000; 0.0000; 0.0000; 0.8548; 0.1452; 0.0000; 0.0000; 0.0000; 0.0000
0.0000; 0.0000; 0.0370; 0.2963; 0.6667; 0.0000; 0.0000; 0.0000; 0.0000
0.0000; 0.0515; 0.0000; 0.0000; 0.0000; 0.5773; 0.0000; 0.3711; 0.0000
0.0000; 0.3333; 0.0000; 0.0000; 0.0000; 0.0000; 0.6667; 0.0000; 0.0000
0.0870; 0.0435; 0.0000; 0.0000; 0.0217; 0.3261; 0.0217; 0.5000; 0.0000
Bootstrap 5
Run TT with 148 training and 75 tests
Run CD with 242 training and 121 tests
Run FKW with 94 training and 48 tests
Run KW with 123 training and 62 tests
Run LPLT with 54 training and 27 tests
Run RD with 192 training and 97 tests
Run WBD with 6 training and 3 tests
Run WSD with 184 training and 92 tests
Confusion Matrix 6.0
0.7067; 0.1333; 0.0267; 0.0000; 0.0000; 0.0400; 0.0400; 0.0533; 0.0000
0.0579; 0.4545; 0.0000; 0.0000; 0.0000; 0.0496; 0.4050; 0.0331; 0.0000
0.0000; 0.0000; 0.9583; 0.0000; 0.0000; 0.0000; 0.0417; 0.0000; 0.0000
0.0000; 0.0000; 0.0968; 0.6774; 0.2258; 0.0000; 0.0000; 0.0000; 0.0000
0.0000; 0.0000; 0.1111; 0.0741; 0.8148; 0.0000; 0.0000; 0.0000; 0.0000
0.1031; 0.1237; 0.0412; 0.0000; 0.0309; 0.4227; 0.1031; 0.1753; 0.0000
0.0000; 0.0000; 0.0000; 0.0000; 0.0000; 0.0000; 1.0000; 0.0000; 0.0000
0.0761; 0.0652; 0.0000; 0.0000; 0.0109; 0.3696; 0.0217; 0.4565; 0.0000
Bootstrap 6
Run TT with 148 training and 75 tests
Run CD with 242 training and 121 tests
Run FKW with 94 training and 48 tests
Run KW with 123 training and 62 tests
Run LPLT with 54 training and 27 tests
Run RD with 192 training and 97 tests
Run WBD with 6 training and 3 tests
Run WSD with 184 training and 92 tests
Confusion Matrix 7.0
0.3333; 0.3467; 0.0267; 0.0000; 0.0000; 0.0533; 0.1467; 0.0933; 0.0000
0.0248; 0.3884; 0.0083; 0.0000; 0.0000; 0.1240; 0.3719; 0.0826; 0.0000
0.0000; 0.0208; 0.8958; 0.0208; 0.0625; 0.0000; 0.0000; 0.0000; 0.0000
0.0000; 0.0000; 0.0323; 0.7903; 0.1613; 0.0000; 0.0161; 0.0000; 0.0000
0.0000; 0.0000; 0.0000; 0.2963; 0.7037; 0.0000; 0.0000; 0.0000; 0.0000
0.0825; 0.1443; 0.0103; 0.0000; 0.0206; 0.3814; 0.1031; 0.2577; 0.0000
0.0000; 0.0000; 0.0000; 0.0000; 0.0000; 0.0000; 1.0000; 0.0000; 0.0000
0.0761; 0.0761; 0.0000; 0.0000; 0.0109; 0.3696; 0.0109; 0.4565; 0.0000
Bootstrap 7
Run TT with 148 training and 75 tests
Run CD with 242 training and 121 tests
Run FKW with 94 training and 48 tests
Run KW with 123 training and 62 tests
Run LPLT with 54 training and 27 tests
Run RD with 192 training and 97 tests
Run WBD with 6 training and 3 tests
Run WSD with 184 training and 92 tests
Confusion Matrix 8.0
0.6667; 0.2000; 0.0133; 0.0000; 0.0000; 0.0533; 0.0267; 0.0400; 0.0000
0.0413; 0.5289; 0.0000; 0.0000; 0.0000; 0.1653; 0.2562; 0.0083; 0.0000
0.0000; 0.0417; 0.9583; 0.0000; 0.0000; 0.0000; 0.0000; 0.0000; 0.0000
0.0000; 0.0000; 0.0161; 0.8226; 0.1452; 0.0000; 0.0161; 0.0000; 0.0000
0.0000; 0.0000; 0.0370; 0.1852; 0.7778; 0.0000; 0.0000; 0.0000; 0.0000
0.0309; 0.0412; 0.0412; 0.0000; 0.0619; 0.5052; 0.0206; 0.2990; 0.0000
0.0000; 0.6667; 0.0000; 0.0000; 0.0000; 0.0000; 0.3333; 0.0000; 0.0000
0.0543; 0.0870; 0.0000; 0.0000; 0.0000; 0.2717; 0.0217; 0.5652; 0.0000
Bootstrap 8
Run TT with 148 training and 75 tests
Run CD with 242 training and 121 tests
Run FKW with 94 training and 48 tests
Run KW with 123 training and 62 tests
Run LPLT with 54 training and 27 tests
Run RD with 192 training and 97 tests
Run WBD with 6 training and 3 tests
Run WSD with 184 training and 92 tests
Confusion Matrix 9.0
0.4933; 0.2267; 0.0400; 0.0000; 0.0000; 0.1467; 0.0400; 0.0533; 0.0000
0.0992; 0.3388; 0.0083; 0.0000; 0.0000; 0.3471; 0.1322; 0.0744; 0.0000
0.0000; 0.0208; 0.8750; 0.0625; 0.0417; 0.0000; 0.0000; 0.0000; 0.0000
0.0000; 0.0000; 0.0968; 0.6613; 0.2258; 0.0000; 0.0161; 0.0000; 0.0000
0.0000; 0.0000; 0.0000; 0.0741; 0.9259; 0.0000; 0.0000; 0.0000; 0.0000
0.0103; 0.0103; 0.0000; 0.0000; 0.0309; 0.5567; 0.0103; 0.3814; 0.0000
0.0000; 0.3333; 0.0000; 0.0000; 0.0000; 0.0000; 0.6667; 0.0000; 0.0000
0.0543; 0.0652; 0.0000; 0.0000; 0.0000; 0.2717; 0.0217; 0.5870; 0.0000
Bootstrap 9
Run TT with 148 training and 75 tests
Run CD with 242 training and 121 tests
Run FKW with 94 training and 48 tests
Run KW with 123 training and 62 tests
Run LPLT with 54 training and 27 tests
Run RD with 192 training and 97 tests
Run WBD with 6 training and 3 tests
Run WSD with 184 training and 92 tests
Confusion Matrix 10.0
0.8667; 0.0133; 0.0267; 0.0000; 0.0133; 0.0133; 0.0133; 0.0533; 0.0000
0.0826; 0.5289; 0.0000; 0.0000; 0.0000; 0.0579; 0.3306; 0.0000; 0.0000
0.0000; 0.0000; 0.9583; 0.0000; 0.0208; 0.0000; 0.0208; 0.0000; 0.0000
0.0000; 0.0000; 0.0645; 0.7419; 0.1774; 0.0000; 0.0161; 0.0000; 0.0000
0.0000; 0.0000; 0.0000; 0.4815; 0.5185; 0.0000; 0.0000; 0.0000; 0.0000
0.0928; 0.1546; 0.0206; 0.0103; 0.0825; 0.4124; 0.0619; 0.1649; 0.0000
0.0000; 0.0000; 0.0000; 0.0000; 0.0000; 0.0000; 1.0000; 0.0000; 0.0000
0.0870; 0.0652; 0.0000; 0.0000; 0.0000; 0.3696; 0.0217; 0.4565; 0.0000
Bootstrap 10
Run TT with 148 training and 75 tests
Run CD with 242 training and 121 tests
Run FKW with 94 training and 48 tests
Run KW with 123 training and 62 tests
Run LPLT with 54 training and 27 tests
Run RD with 192 training and 97 tests
Run WBD with 6 training and 3 tests
Run WSD with 184 training and 92 tests
Confusion Matrix 11.0
0.7600; 0.0400; 0.0000; 0.0000; 0.0267; 0.0133; 0.0533; 0.1067; 0.0000
0.0496; 0.5620; 0.0000; 0.0000; 0.0000; 0.0579; 0.2893; 0.0413; 0.0000
0.0000; 0.0208; 0.8750; 0.0208; 0.0417; 0.0000; 0.0417; 0.0000; 0.0000
0.0000; 0.0000; 0.0161; 0.8710; 0.1129; 0.0000; 0.0000; 0.0000; 0.0000
0.0000; 0.0000; 0.0000; 0.6667; 0.3333; 0.0000; 0.0000; 0.0000; 0.0000
0.0928; 0.1546; 0.0206; 0.0103; 0.0619; 0.4227; 0.0825; 0.1546; 0.0000
0.0000; 0.0000; 0.0000; 0.0000; 0.0000; 0.0000; 1.0000; 0.0000; 0.0000
0.0217; 0.0978; 0.0000; 0.0000; 0.0000; 0.3696; 0.0217; 0.4891; 0.0000
Bootstrap 11
Run TT with 148 training and 75 tests
Run CD with 242 training and 121 tests
Run FKW with 94 training and 48 tests
Run KW with 123 training and 62 tests
Run LPLT with 54 training and 27 tests
Run RD with 192 training and 97 tests
Run WBD with 6 training and 3 tests
Run WSD with 184 training and 92 tests
Confusion Matrix 12.0
0.4667; 0.2000; 0.0533; 0.0000; 0.0000; 0.0667; 0.1200; 0.0933; 0.0000
0.0496; 0.3802; 0.0000; 0.0000; 0.0000; 0.1074; 0.4463; 0.0165; 0.0000
0.0000; 0.0208; 0.8750; 0.0000; 0.0833; 0.0000; 0.0208; 0.0000; 0.0000
0.0000; 0.0000; 0.0323; 0.7419; 0.1935; 0.0000; 0.0323; 0.0000; 0.0000
0.0000; 0.0000; 0.0741; 0.0370; 0.8889; 0.0000; 0.0000; 0.0000; 0.0000
0.0206; 0.0103; 0.0206; 0.0000; 0.0412; 0.6392; 0.0309; 0.2371; 0.0000
0.0000; 0.0000; 0.0000; 0.0000; 0.0000; 0.0000; 1.0000; 0.0000; 0.0000
0.0652; 0.0652; 0.0000; 0.0000; 0.0000; 0.2935; 0.0109; 0.5652; 0.0000
Bootstrap 12
Run TT with 148 training and 75 tests
Run CD with 242 training and 121 tests
Run FKW with 94 training and 48 tests
Run KW with 123 training and 62 tests
Run LPLT with 54 training and 27 tests
Run RD with 192 training and 97 tests
Run WBD with 6 training and 3 tests
Run WSD with 184 training and 92 tests
Confusion Matrix 13.0
0.3867; 0.2267; 0.0400; 0.0000; 0.0000; 0.1067; 0.1733; 0.0667; 0.0000
0.0000; 0.4050; 0.0000; 0.0000; 0.0000; 0.0992; 0.4380; 0.0579; 0.0000
0.0000; 0.0000; 0.8542; 0.0833; 0.0417; 0.0000; 0.0208; 0.0000; 0.0000
0.0000; 0.0000; 0.0161; 0.7581; 0.2097; 0.0000; 0.0161; 0.0000; 0.0000
0.0000; 0.0000; 0.0741; 0.0370; 0.8148; 0.0000; 0.0741; 0.0000; 0.0000
0.0000; 0.0103; 0.0000; 0.0000; 0.0000; 0.7423; 0.0000; 0.2474; 0.0000
0.0000; 0.0000; 0.0000; 0.0000; 0.0000; 0.0000; 1.0000; 0.0000; 0.0000
0.0761; 0.0217; 0.0000; 0.0000; 0.0109; 0.3043; 0.0435; 0.5435; 0.0000
Bootstrap 13
Run TT with 148 training and 75 tests
Run CD with 242 training and 121 tests
Run FKW with 94 training and 48 tests
Run KW with 123 training and 62 tests
Run LPLT with 54 training and 27 tests
Run RD with 192 training and 97 tests
Run WBD with 6 training and 3 tests
Run WSD with 184 training and 92 tests
Confusion Matrix 14.0
0.8667; 0.0533; 0.0267; 0.0000; 0.0133; 0.0133; 0.0000; 0.0267; 0.0000
0.0826; 0.3967; 0.0000; 0.0000; 0.0000; 0.1240; 0.3884; 0.0083; 0.0000
0.0000; 0.0000; 0.9375; 0.0000; 0.0417; 0.0000; 0.0208; 0.0000; 0.0000
0.0000; 0.0000; 0.0161; 0.9032; 0.0806; 0.0000; 0.0000; 0.0000; 0.0000
0.0000; 0.0000; 0.0000; 0.5926; 0.4074; 0.0000; 0.0000; 0.0000; 0.0000
0.0000; 0.1649; 0.0000; 0.0000; 0.0000; 0.4742; 0.0309; 0.3299; 0.0000
0.0000; 0.0000; 0.0000; 0.0000; 0.0000; 0.0000; 1.0000; 0.0000; 0.0000
0.0870; 0.0543; 0.0000; 0.0000; 0.0000; 0.3478; 0.0109; 0.5000; 0.0000
Bootstrap 14
Run TT with 148 training and 75 tests
Run CD with 242 training and 121 tests
Run FKW with 94 training and 48 tests
Run KW with 123 training and 62 tests
Run LPLT with 54 training and 27 tests
Run RD with 192 training and 97 tests
Run WBD with 6 training and 3 tests
Run WSD with 184 training and 92 tests
Confusion Matrix 15.0
0.7733; 0.0400; 0.0133; 0.0000; 0.0000; 0.0400; 0.0400; 0.0933; 0.0000
0.1322; 0.4959; 0.0000; 0.0000; 0.0000; 0.1736; 0.1488; 0.0496; 0.0000
0.0000; 0.0000; 0.9583; 0.0000; 0.0417; 0.0000; 0.0000; 0.0000; 0.0000
0.0000; 0.0000; 0.0323; 0.7258; 0.2258; 0.0000; 0.0161; 0.0000; 0.0000
0.0000; 0.0000; 0.0000; 0.3704; 0.6296; 0.0000; 0.0000; 0.0000; 0.0000
0.1237; 0.1546; 0.0103; 0.0103; 0.0928; 0.4742; 0.0515; 0.0825; 0.0000
0.0000; 0.0000; 0.0000; 0.0000; 0.0000; 0.0000; 1.0000; 0.0000; 0.0000
0.1196; 0.0761; 0.0000; 0.0000; 0.0000; 0.2935; 0.0109; 0.5000; 0.0000
Bootstrap 15
Run TT with 148 training and 75 tests
Run CD with 242 training and 121 tests
Run FKW with 94 training and 48 tests
Run KW with 123 training and 62 tests
Run LPLT with 54 training and 27 tests
Run RD with 192 training and 97 tests
Run WBD with 6 training and 3 tests
Run WSD with 184 training and 92 tests
Confusion Matrix 16.0
0.8933; 0.0133; 0.0400; 0.0000; 0.0000; 0.0267; 0.0000; 0.0267; 0.0000
0.1074; 0.2231; 0.0000; 0.0000; 0.0000; 0.1653; 0.4711; 0.0331; 0.0000
0.0000; 0.0000; 0.9583; 0.0000; 0.0208; 0.0000; 0.0208; 0.0000; 0.0000
0.0000; 0.0000; 0.0161; 0.8387; 0.1290; 0.0000; 0.0161; 0.0000; 0.0000
0.0000; 0.0000; 0.0000; 0.2222; 0.7778; 0.0000; 0.0000; 0.0000; 0.0000
0.1031; 0.1134; 0.0000; 0.0000; 0.0000; 0.4227; 0.1443; 0.2165; 0.0000
0.0000; 0.0000; 0.0000; 0.0000; 0.0000; 0.0000; 1.0000; 0.0000; 0.0000
0.0761; 0.0652; 0.0000; 0.0000; 0.0000; 0.3696; 0.0217; 0.4674; 0.0000
Bootstrap 16
Run TT with 148 training and 75 tests
Run CD with 242 training and 121 tests
Run FKW with 94 training and 48 tests
Run KW with 123 training and 62 tests
Run LPLT with 54 training and 27 tests
Run RD with 192 training and 97 tests
Run WBD with 6 training and 3 tests
Run WSD with 184 training and 92 tests
Confusion Matrix 17.0
0.4133; 0.2533; 0.0400; 0.0000; 0.0133; 0.0933; 0.1200; 0.0667; 0.0000
0.0248; 0.4628; 0.0000; 0.0000; 0.0000; 0.2479; 0.2397; 0.0248; 0.0000
0.0000; 0.0000; 0.9375; 0.0417; 0.0208; 0.0000; 0.0000; 0.0000; 0.0000
0.0000; 0.0000; 0.0806; 0.7581; 0.1613; 0.0000; 0.0000; 0.0000; 0.0000
0.0000; 0.0000; 0.0000; 0.4815; 0.5185; 0.0000; 0.0000; 0.0000; 0.0000
0.0103; 0.0103; 0.0000; 0.0000; 0.0000; 0.7113; 0.0000; 0.2680; 0.0000
0.0000; 0.3333; 0.0000; 0.0000; 0.0000; 0.0000; 0.6667; 0.0000; 0.0000
0.0761; 0.0326; 0.0000; 0.0000; 0.0000; 0.2609; 0.0435; 0.5870; 0.0000
Bootstrap 17
Run TT with 148 training and 75 tests
Run CD with 242 training and 121 tests
Run FKW with 94 training and 48 tests
Run KW with 123 training and 62 tests
Run LPLT with 54 training and 27 tests
Run RD with 192 training and 97 tests
Run WBD with 6 training and 3 tests
Run WSD with 184 training and 92 tests
Confusion Matrix 18.0
0.6000; 0.2000; 0.0133; 0.0000; 0.0000; 0.0933; 0.0400; 0.0533; 0.0000
0.0496; 0.4298; 0.0000; 0.0000; 0.0000; 0.0496; 0.4545; 0.0165; 0.0000
0.0000; 0.0000; 0.9792; 0.0000; 0.0000; 0.0000; 0.0208; 0.0000; 0.0000
0.0000; 0.0000; 0.0484; 0.7903; 0.1613; 0.0000; 0.0000; 0.0000; 0.0000
0.0000; 0.0000; 0.0000; 0.1111; 0.8889; 0.0000; 0.0000; 0.0000; 0.0000
0.1237; 0.1340; 0.0206; 0.0103; 0.0619; 0.4742; 0.0928; 0.0825; 0.0000
0.0000; 0.3333; 0.0000; 0.0000; 0.0000; 0.0000; 0.6667; 0.0000; 0.0000
0.0870; 0.0978; 0.0000; 0.0000; 0.0000; 0.3043; 0.0109; 0.5000; 0.0000
Bootstrap 18
Run TT with 148 training and 75 tests
Run CD with 242 training and 121 tests
Run FKW with 94 training and 48 tests
Run KW with 123 training and 62 tests
Run LPLT with 54 training and 27 tests
Run RD with 192 training and 97 tests
Run WBD with 6 training and 3 tests
Run WSD with 184 training and 92 tests
Confusion Matrix 19.0
0.8933; 0.0000; 0.0133; 0.0000; 0.0000; 0.0000; 0.0133; 0.0800; 0.0000
0.1157; 0.4380; 0.0083; 0.0000; 0.0000; 0.2810; 0.0744; 0.0826; 0.0000
0.0000; 0.0417; 0.8958; 0.0208; 0.0417; 0.0000; 0.0000; 0.0000; 0.0000
0.0000; 0.0000; 0.0806; 0.6613; 0.2581; 0.0000; 0.0000; 0.0000; 0.0000
0.0000; 0.0000; 0.0000; 0.1481; 0.8519; 0.0000; 0.0000; 0.0000; 0.0000
0.0000; 0.0309; 0.0000; 0.0000; 0.0000; 0.5979; 0.0000; 0.3711; 0.0000
0.0000; 0.6667; 0.0000; 0.0000; 0.0000; 0.0000; 0.3333; 0.0000; 0.0000
0.0870; 0.0326; 0.0000; 0.0000; 0.0109; 0.3043; 0.0543; 0.5109; 0.0000
Bootstrap 19
Run TT with 148 training and 75 tests
Run CD with 242 training and 121 tests
Run FKW with 94 training and 48 tests
Run KW with 123 training and 62 tests
Run LPLT with 54 training and 27 tests
Run RD with 192 training and 97 tests
Run WBD with 6 training and 3 tests
Run WSD with 184 training and 92 tests
Confusion Matrix 20.0
0.4533; 0.2000; 0.0267; 0.0000; 0.0267; 0.0400; 0.1067; 0.1467; 0.0000
0.0413; 0.5372; 0.0000; 0.0000; 0.0000; 0.0992; 0.3223; 0.0000; 0.0000
0.0000; 0.0000; 0.8542; 0.0208; 0.1042; 0.0208; 0.0000; 0.0000; 0.0000
0.0000; 0.0000; 0.0161; 0.8871; 0.0968; 0.0000; 0.0000; 0.0000; 0.0000
0.0000; 0.0000; 0.0000; 0.6667; 0.3333; 0.0000; 0.0000; 0.0000; 0.0000
0.0825; 0.1649; 0.0000; 0.0000; 0.0412; 0.4433; 0.0928; 0.1753; 0.0000
0.0000; 0.0000; 0.0000; 0.0000; 0.0000; 0.0000; 1.0000; 0.0000; 0.0000
0.0761; 0.0761; 0.0000; 0.0109; 0.0000; 0.3913; 0.0217; 0.4239; 0.0000
Bootstrap 20
Run TT with 148 training and 75 tests
Run CD with 242 training and 121 tests
Run FKW with 94 training and 48 tests
Run KW with 123 training and 62 tests
Run LPLT with 54 training and 27 tests
Run RD with 192 training and 97 tests
Run WBD with 6 training and 3 tests
Run WSD with 184 training and 92 tests
Confusion Matrix 21.0
0.3467; 0.3200; 0.0400; 0.0000; 0.0133; 0.1467; 0.0800; 0.0533; 0.0000
0.0331; 0.5289; 0.0000; 0.0000; 0.0000; 0.1157; 0.3223; 0.0000; 0.0000
0.0000; 0.0000; 0.9167; 0.0000; 0.0417; 0.0000; 0.0417; 0.0000; 0.0000
0.0000; 0.0000; 0.0000; 0.7097; 0.2419; 0.0000; 0.0484; 0.0000; 0.0000
0.0000; 0.0000; 0.0370; 0.1481; 0.7778; 0.0000; 0.0370; 0.0000; 0.0000
0.0000; 0.1959; 0.0000; 0.0000; 0.0000; 0.4433; 0.0412; 0.3196; 0.0000
0.0000; 0.0000; 0.0000; 0.0000; 0.0000; 0.0000; 1.0000; 0.0000; 0.0000
0.0326; 0.1196; 0.0000; 0.0000; 0.0000; 0.2935; 0.0109; 0.5435; 0.0000
Bootstrap 21
Run TT with 148 training and 75 tests
Run CD with 242 training and 121 tests
Run FKW with 94 training and 48 tests
Run KW with 123 training and 62 tests
Run LPLT with 54 training and 27 tests
Run RD with 192 training and 97 tests
Run WBD with 6 training and 3 tests
Run WSD with 184 training and 92 tests
Confusion Matrix 22.0
0.4667; 0.1867; 0.0400; 0.0000; 0.0000; 0.0933; 0.0933; 0.1200; 0.0000
0.0248; 0.4050; 0.0000; 0.0000; 0.0000; 0.1405; 0.4050; 0.0248; 0.0000
0.0000; 0.0208; 0.8750; 0.0625; 0.0417; 0.0000; 0.0000; 0.0000; 0.0000
0.0000; 0.0000; 0.0645; 0.8065; 0.1290; 0.0000; 0.0000; 0.0000; 0.0000
0.0000; 0.0000; 0.0000; 0.1852; 0.8148; 0.0000; 0.0000; 0.0000; 0.0000
0.0000; 0.0825; 0.0000; 0.0000; 0.0000; 0.6804; 0.0000; 0.2371; 0.0000
0.0000; 0.0000; 0.0000; 0.0000; 0.0000; 0.0000; 1.0000; 0.0000; 0.0000
0.0761; 0.0761; 0.0000; 0.0000; 0.0109; 0.2717; 0.0109; 0.5543; 0.0000
Bootstrap 22
Run TT with 148 training and 75 tests
Run CD with 242 training and 121 tests
Run FKW with 94 training and 48 tests
Run KW with 123 training and 62 tests
Run LPLT with 54 training and 27 tests
Run RD with 192 training and 97 tests
Run WBD with 6 training and 3 tests
Run WSD with 184 training and 92 tests
Confusion Matrix 23.0
0.3733; 0.3467; 0.0400; 0.0000; 0.0000; 0.0667; 0.1200; 0.0533; 0.0000
0.0496; 0.4876; 0.0083; 0.0000; 0.0000; 0.1736; 0.2314; 0.0496; 0.0000
0.0000; 0.0000; 0.9167; 0.0000; 0.0417; 0.0000; 0.0417; 0.0000; 0.0000
0.0000; 0.0000; 0.0323; 0.8871; 0.0806; 0.0000; 0.0000; 0.0000; 0.0000
0.0000; 0.0000; 0.0000; 0.6667; 0.3333; 0.0000; 0.0000; 0.0000; 0.0000
0.1031; 0.1134; 0.0103; 0.0000; 0.0928; 0.4742; 0.1031; 0.1031; 0.0000
0.0000; 0.0000; 0.0000; 0.0000; 0.0000; 0.0000; 1.0000; 0.0000; 0.0000
0.0326; 0.1196; 0.0000; 0.0000; 0.0000; 0.2935; 0.0109; 0.5435; 0.0000
Bootstrap 23
Run TT with 148 training and 75 tests
Run CD with 242 training and 121 tests
Run FKW with 94 training and 48 tests
Run KW with 123 training and 62 tests
Run LPLT with 54 training and 27 tests
Run RD with 192 training and 97 tests
Run WBD with 6 training and 3 tests
Run WSD with 184 training and 92 tests
Confusion Matrix 24.0
0.7867; 0.0400; 0.0267; 0.0000; 0.0000; 0.0133; 0.0267; 0.1067; 0.0000
0.0413; 0.5372; 0.0000; 0.0000; 0.0000; 0.1157; 0.2397; 0.0661; 0.0000
0.0000; 0.0000; 0.9583; 0.0000; 0.0417; 0.0000; 0.0000; 0.0000; 0.0000
0.0000; 0.0000; 0.0645; 0.6129; 0.2903; 0.0000; 0.0323; 0.0000; 0.0000
0.0000; 0.0000; 0.0000; 0.2963; 0.7037; 0.0000; 0.0000; 0.0000; 0.0000
0.0206; 0.0103; 0.0000; 0.0000; 0.0000; 0.6907; 0.0000; 0.2784; 0.0000
0.0000; 1.0000; 0.0000; 0.0000; 0.0000; 0.0000; 0.0000; 0.0000; 0.0000
0.0870; 0.0326; 0.0000; 0.0109; 0.0000; 0.3261; 0.0109; 0.5326; 0.0000
Bootstrap 24
Run TT with 148 training and 75 tests
Run CD with 242 training and 121 tests
Run FKW with 94 training and 48 tests
Run KW with 123 training and 62 tests
Run LPLT with 54 training and 27 tests
Run RD with 192 training and 97 tests
Run WBD with 6 training and 3 tests
Run WSD with 184 training and 92 tests
Confusion Matrix 25.0
0.8133; 0.0667; 0.0267; 0.0000; 0.0133; 0.0000; 0.0133; 0.0667; 0.0000
0.0909; 0.4380; 0.0000; 0.0000; 0.0000; 0.2066; 0.1901; 0.0744; 0.0000
0.0000; 0.0000; 0.9792; 0.0208; 0.0000; 0.0000; 0.0000; 0.0000; 0.0000
0.0000; 0.0000; 0.0323; 0.7581; 0.2097; 0.0000; 0.0000; 0.0000; 0.0000
0.0000; 0.0000; 0.0000; 0.4074; 0.5926; 0.0000; 0.0000; 0.0000; 0.0000
0.0412; 0.0309; 0.0412; 0.0206; 0.0515; 0.5979; 0.0309; 0.1856; 0.0000
0.0000; 0.0000; 0.0000; 0.0000; 0.0000; 0.0000; 1.0000; 0.0000; 0.0000
0.1087; 0.0326; 0.0000; 0.0000; 0.0000; 0.2935; 0.0217; 0.5435; 0.0000
Bootstrap 25
Run TT with 148 training and 75 tests
Run CD with 242 training and 121 tests
Run FKW with 94 training and 48 tests
Run KW with 123 training and 62 tests
Run LPLT with 54 training and 27 tests
Run RD with 192 training and 97 tests
Run WBD with 6 training and 3 tests
Run WSD with 184 training and 92 tests
Confusion Matrix 26.0
0.6933; 0.1600; 0.0267; 0.0000; 0.0000; 0.0267; 0.0400; 0.0533; 0.0000
0.1322; 0.5041; 0.0000; 0.0000; 0.0000; 0.2479; 0.0744; 0.0413; 0.0000
0.0000; 0.0208; 0.8750; 0.0208; 0.0625; 0.0208; 0.0000; 0.0000; 0.0000
0.0000; 0.0000; 0.0323; 0.8387; 0.1290; 0.0000; 0.0000; 0.0000; 0.0000
0.0000; 0.0000; 0.0000; 0.1852; 0.8148; 0.0000; 0.0000; 0.0000; 0.0000
0.0928; 0.1443; 0.0000; 0.0000; 0.0309; 0.4536; 0.0722; 0.2062; 0.0000
0.0000; 0.3333; 0.0000; 0.0000; 0.0000; 0.0000; 0.6667; 0.0000; 0.0000
0.0978; 0.0435; 0.0000; 0.0000; 0.0000; 0.3152; 0.0217; 0.5217; 0.0000
Bootstrap 26
Run TT with 148 training and 75 tests
Run CD with 242 training and 121 tests
Run FKW with 94 training and 48 tests
Run KW with 123 training and 62 tests
Run LPLT with 54 training and 27 tests
Run RD with 192 training and 97 tests
Run WBD with 6 training and 3 tests
Run WSD with 184 training and 92 tests
Confusion Matrix 27.0
0.7067; 0.1200; 0.0133; 0.0000; 0.0000; 0.0667; 0.0533; 0.0400; 0.0000
0.0331; 0.5455; 0.0000; 0.0000; 0.0000; 0.1901; 0.1818; 0.0496; 0.0000
0.0000; 0.0208; 0.9583; 0.0000; 0.0208; 0.0000; 0.0000; 0.0000; 0.0000
0.0000; 0.0000; 0.0806; 0.7258; 0.1935; 0.0000; 0.0000; 0.0000; 0.0000
0.0000; 0.0000; 0.0000; 0.5926; 0.4074; 0.0000; 0.0000; 0.0000; 0.0000
0.0000; 0.0722; 0.0000; 0.0000; 0.0000; 0.5773; 0.0206; 0.3299; 0.0000
0.0000; 0.0000; 0.0000; 0.0000; 0.0000; 0.0000; 1.0000; 0.0000; 0.0000
0.0978; 0.0652; 0.0000; 0.0000; 0.0000; 0.3261; 0.0217; 0.4891; 0.0000
Bootstrap 27
Run TT with 148 training and 75 tests
Run CD with 242 training and 121 tests
Run FKW with 94 training and 48 tests
Run KW with 123 training and 62 tests
Run LPLT with 54 training and 27 tests
Run RD with 192 training and 97 tests
Run WBD with 6 training and 3 tests
Run WSD with 184 training and 92 tests
Confusion Matrix 28.0
0.4400; 0.2133; 0.0400; 0.0000; 0.0000; 0.1067; 0.1067; 0.0933; 0.0000
0.0413; 0.4132; 0.0000; 0.0000; 0.0000; 0.0661; 0.4545; 0.0248; 0.0000
0.0000; 0.0000; 0.8958; 0.0000; 0.0417; 0.0000; 0.0625; 0.0000; 0.0000
0.0000; 0.0000; 0.0323; 0.7258; 0.2419; 0.0000; 0.0000; 0.0000; 0.0000
0.0000; 0.0000; 0.0000; 0.4074; 0.5926; 0.0000; 0.0000; 0.0000; 0.0000
0.0103; 0.0000; 0.0000; 0.0000; 0.0000; 0.6392; 0.0103; 0.3402; 0.0000
0.0000; 0.3333; 0.0000; 0.0000; 0.0000; 0.0000; 0.6667; 0.0000; 0.0000
0.0435; 0.0978; 0.0000; 0.0000; 0.0000; 0.2283; 0.0109; 0.6196; 0.0000
Bootstrap 28
Run TT with 148 training and 75 tests
Run CD with 242 training and 121 tests
Run FKW with 94 training and 48 tests
Run KW with 123 training and 62 tests
Run LPLT with 54 training and 27 tests
Run RD with 192 training and 97 tests
Run WBD with 6 training and 3 tests
Run WSD with 184 training and 92 tests
Confusion Matrix 29.0
0.8667; 0.0133; 0.0533; 0.0000; 0.0000; 0.0133; 0.0000; 0.0533; 0.0000
0.0744; 0.3967; 0.0000; 0.0000; 0.0000; 0.1488; 0.3802; 0.0000; 0.0000
0.0000; 0.0000; 0.9583; 0.0000; 0.0208; 0.0000; 0.0208; 0.0000; 0.0000
0.0000; 0.0000; 0.0323; 0.7581; 0.2097; 0.0000; 0.0000; 0.0000; 0.0000
0.0000; 0.0000; 0.0370; 0.1481; 0.7407; 0.0000; 0.0741; 0.0000; 0.0000
0.0000; 0.0722; 0.0000; 0.0000; 0.0000; 0.6392; 0.0000; 0.2887; 0.0000
0.0000; 0.3333; 0.0000; 0.0000; 0.0000; 0.0000; 0.6667; 0.0000; 0.0000
0.0978; 0.0435; 0.0000; 0.0000; 0.0000; 0.3043; 0.0543; 0.5000; 0.0000
Bootstrap 29
Run TT with 148 training and 75 tests
Run CD with 242 training and 121 tests
Run FKW with 94 training and 48 tests
Run KW with 123 training and 62 tests
Run LPLT with 54 training and 27 tests
Run RD with 192 training and 97 tests
Run WBD with 6 training and 3 tests
Run WSD with 184 training and 92 tests
Confusion Matrix 30.0
0.7867; 0.0533; 0.0133; 0.0000; 0.0000; 0.0133; 0.0267; 0.1067; 0.0000
0.0744; 0.5041; 0.0000; 0.0000; 0.0000; 0.2231; 0.1570; 0.0413; 0.0000
0.0208; 0.0417; 0.9375; 0.0000; 0.0000; 0.0000; 0.0000; 0.0000; 0.0000
0.0000; 0.0000; 0.0323; 0.8065; 0.1613; 0.0000; 0.0000; 0.0000; 0.0000
0.0000; 0.0000; 0.0370; 0.1852; 0.7407; 0.0000; 0.0370; 0.0000; 0.0000
0.0000; 0.0103; 0.0000; 0.0000; 0.0000; 0.7320; 0.0000; 0.2577; 0.0000
0.0000; 0.6667; 0.0000; 0.0000; 0.0000; 0.0000; 0.0000; 0.3333; 0.0000
0.0543; 0.0652; 0.0000; 0.0000; 0.0000; 0.2935; 0.0109; 0.5761; 0.0000
Mean confusion
0.6533; 0.1338; 0.0280; 0.0000; 0.0040; 0.0502; 0.0538; 0.0769; 0.0000
0.0636; 0.4554; 0.0011; 0.0000; 0.0000; 0.1554; 0.2887; 0.0358; 0.0000
0.0007; 0.0111; 0.9194; 0.0146; 0.0382; 0.0014; 0.0132; 0.0014; 0.0000
0.0000; 0.0000; 0.0398; 0.7785; 0.1737; 0.0000; 0.0081; 0.0000; 0.0000
0.0000; 0.0000; 0.0185; 0.3235; 0.6494; 0.0000; 0.0086; 0.0000; 0.0000
0.0402; 0.0818; 0.0079; 0.0021; 0.0234; 0.5515; 0.0378; 0.2553; 0.0000
0.0000; 0.2111; 0.0000; 0.0000; 0.0000; 0.0000; 0.7778; 0.0111; 0.0000
0.0761; 0.0641; 0.0000; 0.0011; 0.0033; 0.3080; 0.0217; 0.5257; 0.0000
STD Confusion
0.1887; 0.1050; 0.0133; 0.0000; 0.0079; 0.0412; 0.0477; 0.0353; 0.0000
0.0342; 0.0748; 0.0029; 0.0000; 0.0000; 0.0749; 0.1212; 0.0271; 0.0000
0.0038; 0.0152; 0.0408; 0.0220; 0.0257; 0.0053; 0.0177; 0.0053; 0.0000
0.0000; 0.0000; 0.0290; 0.0743; 0.0558; 0.0000; 0.0125; 0.0000; 0.0000
0.0000; 0.0000; 0.0333; 0.2205; 0.1947; 0.0000; 0.0210; 0.0000; 0.0000
0.0450; 0.0686; 0.0135; 0.0050; 0.0313; 0.1151; 0.0422; 0.0875; 0.0000
0.0000; 0.2834; 0.0000; 0.0000; 0.0000; 0.0000; 0.3074; 0.0609; 0.0000
0.0235; 0.0256; 0.0000; 0.0033; 0.0065; 0.0430; 0.0131; 0.0492; 0.0000
Lower 95% CI
0.3333; 0.0000; 0.0000; 0.0000; 0.0000; 0.0000; 0.0000; 0.0267; 0.0000
0.0000; 0.2231; 0.0000; 0.0000; 0.0000; 0.0496; 0.0744; 0.0000; 0.0000
0.0000; 0.0000; 0.8542; 0.0000; 0.0000; 0.0000; 0.0000; 0.0000; 0.0000
0.0000; 0.0000; 0.0000; 0.6129; 0.0806; 0.0000; 0.0000; 0.0000; 0.0000
0.0000; 0.0000; 0.0000; 0.0000; 0.3333; 0.0000; 0.0000; 0.0000; 0.0000
0.0000; 0.0000; 0.0000; 0.0000; 0.0000; 0.3814; 0.0000; 0.0825; 0.0000
0.0000; 0.0000; 0.0000; 0.0000; 0.0000; 0.0000; 0.0000; 0.0000; 0.0000
0.0217; 0.0217; 0.0000; 0.0000; 0.0000; 0.2283; 0.0109; 0.4239; 0.0000
Upper 95% CI
0.8933; 0.3467; 0.0533; 0.0000; 0.0267; 0.1467; 0.1733; 0.1867; 0.0000
0.1322; 0.5620; 0.0083; 0.0000; 0.0000; 0.3471; 0.4711; 0.0826; 0.0000
0.0208; 0.0417; 0.9792; 0.0833; 0.1042; 0.0208; 0.0625; 0.0208; 0.0000
0.0000; 0.0000; 0.0968; 0.9032; 0.2903; 0.0000; 0.0484; 0.0000; 0.0000
0.0000; 0.0000; 0.1111; 0.6667; 0.9259; 0.0000; 0.0741; 0.0000; 0.0000
0.1237; 0.2165; 0.0412; 0.0206; 0.0928; 0.7629; 0.1443; 0.3814; 0.0000
0.0000; 1.0000; 0.0000; 0.0000; 0.0000; 0.0000; 1.0000; 0.3333; 0.0000
0.1196; 0.1196; 0.0000; 0.0109; 0.0217; 0.3913; 0.0543; 0.6196; 0.0000
Run TT with 223 training and 0 tests
Run CD with 363 training and 0 tests
Run FKW with 142 training and 0 tests
Run KW with 185 training and 0 tests
Run LPLT with 81 training and 0 tests
Run RD with 289 training and 0 tests
Run WBD with 9 training and 0 tests
Run WSD with 276 training and 0 tests