Total Bootstraps 30
Num Species 8
FragmentLength 26; Section Length 60
TT; CD; FKW; KW; LPLT; RD; WBD; WSD
Bootstrap 0
Run TT with 102 training and 52 tests
Run CD with 169 training and 85 tests
Run FKW with 69 training and 35 tests
Run KW with 84 training and 42 tests
Run LPLT with 36 training and 19 tests
Run RD with 130 training and 66 tests
Run WBD with 4 training and 2 tests
Run WSD with 125 training and 63 tests
Confusion Matrix 1.0
0.9423; 0.0000; 0.0192; 0.0000; 0.0000; 0.0000; 0.0000; 0.0385; 0.0000
0.0235; 0.4941; 0.0000; 0.0000; 0.0000; 0.0941; 0.3765; 0.0118; 0.0000
0.0000; 0.0000; 0.9429; 0.0286; 0.0286; 0.0000; 0.0000; 0.0000; 0.0000
0.0000; 0.0000; 0.0000; 0.9048; 0.0952; 0.0000; 0.0000; 0.0000; 0.0000
0.0000; 0.0000; 0.0000; 0.6842; 0.3158; 0.0000; 0.0000; 0.0000; 0.0000
0.0000; 0.0152; 0.0000; 0.0000; 0.0000; 0.6212; 0.0000; 0.3636; 0.0000
0.0000; 0.5000; 0.0000; 0.0000; 0.0000; 0.0000; 0.5000; 0.0000; 0.0000
0.0635; 0.0794; 0.0000; 0.0000; 0.0000; 0.2381; 0.0317; 0.5873; 0.0000
Bootstrap 1
Run TT with 102 training and 52 tests
Run CD with 169 training and 85 tests
Run FKW with 69 training and 35 tests
Run KW with 84 training and 42 tests
Run LPLT with 36 training and 19 tests
Run RD with 130 training and 66 tests
Run WBD with 4 training and 2 tests
Run WSD with 125 training and 63 tests
Confusion Matrix 2.0
0.6346; 0.1538; 0.0000; 0.0000; 0.0000; 0.0385; 0.0577; 0.1154; 0.0000
0.0000; 0.5176; 0.0000; 0.0000; 0.0000; 0.0706; 0.3647; 0.0471; 0.0000
0.0000; 0.0000; 0.9714; 0.0000; 0.0000; 0.0286; 0.0000; 0.0000; 0.0000
0.0000; 0.0000; 0.0238; 0.8810; 0.0952; 0.0000; 0.0000; 0.0000; 0.0000
0.0000; 0.0000; 0.0000; 0.7895; 0.2105; 0.0000; 0.0000; 0.0000; 0.0000
0.0303; 0.1667; 0.0000; 0.0000; 0.0000; 0.4394; 0.0455; 0.3182; 0.0000
0.0000; 0.0000; 0.0000; 0.0000; 0.0000; 0.0000; 1.0000; 0.0000; 0.0000
0.0317; 0.0635; 0.0000; 0.0000; 0.0000; 0.3016; 0.0317; 0.5714; 0.0000
Bootstrap 2
Run TT with 102 training and 52 tests
Run CD with 169 training and 85 tests
Run FKW with 69 training and 35 tests
Run KW with 84 training and 42 tests
Run LPLT with 36 training and 19 tests
Run RD with 130 training and 66 tests
Run WBD with 4 training and 2 tests
Run WSD with 125 training and 63 tests
Confusion Matrix 3.0
0.9615; 0.0000; 0.0192; 0.0000; 0.0000; 0.0000; 0.0000; 0.0192; 0.0000
0.0471; 0.5294; 0.0000; 0.0000; 0.0000; 0.0706; 0.2824; 0.0706; 0.0000
0.0000; 0.0000; 0.9714; 0.0000; 0.0286; 0.0000; 0.0000; 0.0000; 0.0000
0.0000; 0.0000; 0.0476; 0.9048; 0.0238; 0.0000; 0.0238; 0.0000; 0.0000
0.0000; 0.0000; 0.0000; 0.7895; 0.2105; 0.0000; 0.0000; 0.0000; 0.0000
0.0909; 0.1818; 0.0000; 0.0000; 0.0000; 0.4848; 0.0606; 0.1818; 0.0000
0.0000; 0.5000; 0.0000; 0.0000; 0.0000; 0.0000; 0.5000; 0.0000; 0.0000
0.0794; 0.0635; 0.0000; 0.0000; 0.0159; 0.2540; 0.0317; 0.5556; 0.0000
Bootstrap 3
Run TT with 102 training and 52 tests
Run CD with 169 training and 85 tests
Run FKW with 69 training and 35 tests
Run KW with 84 training and 42 tests
Run LPLT with 36 training and 19 tests
Run RD with 130 training and 66 tests
Run WBD with 4 training and 2 tests
Run WSD with 125 training and 63 tests
Confusion Matrix 4.0
0.7692; 0.1538; 0.0000; 0.0000; 0.0000; 0.0385; 0.0192; 0.0192; 0.0000
0.0353; 0.6000; 0.0000; 0.0000; 0.0000; 0.0706; 0.2235; 0.0706; 0.0000
0.0000; 0.0000; 0.9714; 0.0000; 0.0286; 0.0000; 0.0000; 0.0000; 0.0000
0.0000; 0.0000; 0.0476; 0.6667; 0.2619; 0.0000; 0.0238; 0.0000; 0.0000
0.0000; 0.0000; 0.1053; 0.1053; 0.7895; 0.0000; 0.0000; 0.0000; 0.0000
0.1212; 0.1667; 0.0000; 0.0000; 0.0152; 0.5000; 0.0455; 0.1515; 0.0000
0.0000; 0.5000; 0.0000; 0.0000; 0.0000; 0.0000; 0.5000; 0.0000; 0.0000
0.0317; 0.1746; 0.0000; 0.0000; 0.0000; 0.2698; 0.0159; 0.5079; 0.0000
Bootstrap 4
Run TT with 102 training and 52 tests
Run CD with 169 training and 85 tests
Run FKW with 69 training and 35 tests
Run KW with 84 training and 42 tests
Run LPLT with 36 training and 19 tests
Run RD with 130 training and 66 tests
Run WBD with 4 training and 2 tests
Run WSD with 125 training and 63 tests
Confusion Matrix 5.0
0.5385; 0.2308; 0.0192; 0.0000; 0.0000; 0.0000; 0.1346; 0.0769; 0.0000
0.0353; 0.6235; 0.0000; 0.0000; 0.0000; 0.0353; 0.2824; 0.0235; 0.0000
0.0000; 0.0286; 0.9143; 0.0000; 0.0571; 0.0000; 0.0000; 0.0000; 0.0000
0.0000; 0.0000; 0.0238; 0.5952; 0.3810; 0.0000; 0.0000; 0.0000; 0.0000
0.0000; 0.0000; 0.0526; 0.0526; 0.8947; 0.0000; 0.0000; 0.0000; 0.0000
0.1061; 0.1667; 0.0152; 0.0000; 0.0455; 0.5152; 0.0758; 0.0758; 0.0000
0.0000; 0.5000; 0.0000; 0.0000; 0.0000; 0.0000; 0.5000; 0.0000; 0.0000
0.0476; 0.1111; 0.0000; 0.0000; 0.0000; 0.2222; 0.0159; 0.6032; 0.0000
Bootstrap 5
Run TT with 102 training and 52 tests
Run CD with 169 training and 85 tests
Run FKW with 69 training and 35 tests
Run KW with 84 training and 42 tests
Run LPLT with 36 training and 19 tests
Run RD with 130 training and 66 tests
Run WBD with 4 training and 2 tests
Run WSD with 125 training and 63 tests
Confusion Matrix 6.0
0.8462; 0.0577; 0.0000; 0.0000; 0.0000; 0.0192; 0.0192; 0.0577; 0.0000
0.0706; 0.5412; 0.0000; 0.0000; 0.0000; 0.1412; 0.1882; 0.0588; 0.0000
0.0000; 0.0000; 0.9714; 0.0000; 0.0286; 0.0000; 0.0000; 0.0000; 0.0000
0.0000; 0.0000; 0.0000; 0.7857; 0.2143; 0.0000; 0.0000; 0.0000; 0.0000
0.0000; 0.0000; 0.1579; 0.1579; 0.6842; 0.0000; 0.0000; 0.0000; 0.0000
0.0000; 0.0152; 0.0000; 0.0000; 0.0000; 0.8030; 0.0000; 0.1818; 0.0000
0.0000; 0.0000; 0.0000; 0.0000; 0.0000; 0.0000; 1.0000; 0.0000; 0.0000
0.0794; 0.0476; 0.0000; 0.0000; 0.0000; 0.2381; 0.0159; 0.6190; 0.0000
Bootstrap 6
Run TT with 102 training and 52 tests
Run CD with 169 training and 85 tests
Run FKW with 69 training and 35 tests
Run KW with 84 training and 42 tests
Run LPLT with 36 training and 19 tests
Run RD with 130 training and 66 tests
Run WBD with 4 training and 2 tests
Run WSD with 125 training and 63 tests
Confusion Matrix 7.0
0.7885; 0.0962; 0.0000; 0.0000; 0.0000; 0.0769; 0.0192; 0.0192; 0.0000
0.0941; 0.5882; 0.0000; 0.0000; 0.0000; 0.1765; 0.0824; 0.0588; 0.0000
0.0000; 0.0286; 0.9714; 0.0000; 0.0000; 0.0000; 0.0000; 0.0000; 0.0000
0.0000; 0.0000; 0.0476; 0.7143; 0.2381; 0.0000; 0.0000; 0.0000; 0.0000
0.0000; 0.0000; 0.0000; 0.1579; 0.8421; 0.0000; 0.0000; 0.0000; 0.0000
0.0000; 0.0000; 0.0000; 0.0000; 0.0000; 0.6515; 0.0000; 0.3485; 0.0000
0.0000; 0.0000; 0.0000; 0.0000; 0.0000; 0.0000; 1.0000; 0.0000; 0.0000
0.0317; 0.0635; 0.0000; 0.0000; 0.0159; 0.2540; 0.0159; 0.6190; 0.0000
Bootstrap 7
Run TT with 102 training and 52 tests
Run CD with 169 training and 85 tests
Run FKW with 69 training and 35 tests
Run KW with 84 training and 42 tests
Run LPLT with 36 training and 19 tests
Run RD with 130 training and 66 tests
Run WBD with 4 training and 2 tests
Run WSD with 125 training and 63 tests
Confusion Matrix 8.0
0.9038; 0.0000; 0.0192; 0.0000; 0.0000; 0.0385; 0.0000; 0.0385; 0.0000
0.1294; 0.3176; 0.0000; 0.0000; 0.0000; 0.3765; 0.0706; 0.1059; 0.0000
0.0000; 0.0286; 0.9143; 0.0000; 0.0571; 0.0000; 0.0000; 0.0000; 0.0000
0.0000; 0.0000; 0.0000; 0.7619; 0.2381; 0.0000; 0.0000; 0.0000; 0.0000
0.0000; 0.0000; 0.0000; 0.0526; 0.9474; 0.0000; 0.0000; 0.0000; 0.0000
0.0000; 0.0152; 0.0000; 0.0000; 0.0303; 0.6515; 0.0303; 0.2727; 0.0000
0.0000; 0.0000; 0.0000; 0.0000; 0.0000; 0.0000; 1.0000; 0.0000; 0.0000
0.0159; 0.0317; 0.0159; 0.0000; 0.0000; 0.2698; 0.0317; 0.6349; 0.0000
Bootstrap 8
Run TT with 102 training and 52 tests
Run CD with 169 training and 85 tests
Run FKW with 69 training and 35 tests
Run KW with 84 training and 42 tests
Run LPLT with 36 training and 19 tests
Run RD with 130 training and 66 tests
Run WBD with 4 training and 2 tests
Run WSD with 125 training and 63 tests
Confusion Matrix 9.0
0.9038; 0.0000; 0.0192; 0.0000; 0.0000; 0.0385; 0.0192; 0.0192; 0.0000
0.1059; 0.4706; 0.0000; 0.0000; 0.0000; 0.1882; 0.1529; 0.0824; 0.0000
0.0000; 0.0286; 0.9143; 0.0000; 0.0286; 0.0000; 0.0286; 0.0000; 0.0000
0.0000; 0.0000; 0.0238; 0.6667; 0.3095; 0.0000; 0.0000; 0.0000; 0.0000
0.0000; 0.0000; 0.0000; 0.2632; 0.7368; 0.0000; 0.0000; 0.0000; 0.0000
0.0000; 0.0000; 0.0000; 0.0000; 0.0000; 0.6364; 0.0152; 0.3485; 0.0000
0.0000; 0.0000; 0.0000; 0.0000; 0.0000; 0.0000; 1.0000; 0.0000; 0.0000
0.0635; 0.0000; 0.0000; 0.0000; 0.0000; 0.3175; 0.0317; 0.5873; 0.0000
Bootstrap 9
Run TT with 102 training and 52 tests
Run CD with 169 training and 85 tests
Run FKW with 69 training and 35 tests
Run KW with 84 training and 42 tests
Run LPLT with 36 training and 19 tests
Run RD with 130 training and 66 tests
Run WBD with 4 training and 2 tests
Run WSD with 125 training and 63 tests
Confusion Matrix 10.0
0.9423; 0.0000; 0.0192; 0.0000; 0.0000; 0.0000; 0.0000; 0.0385; 0.0000
0.0588; 0.4941; 0.0000; 0.0000; 0.0000; 0.0706; 0.3765; 0.0000; 0.0000
0.0000; 0.0000; 0.9429; 0.0000; 0.0571; 0.0000; 0.0000; 0.0000; 0.0000
0.0000; 0.0000; 0.0000; 0.8333; 0.1667; 0.0000; 0.0000; 0.0000; 0.0000
0.0000; 0.0000; 0.0000; 0.4737; 0.5263; 0.0000; 0.0000; 0.0000; 0.0000
0.0152; 0.0152; 0.0000; 0.0000; 0.0000; 0.6970; 0.0000; 0.2727; 0.0000
0.0000; 0.0000; 0.0000; 0.0000; 0.0000; 0.0000; 1.0000; 0.0000; 0.0000
0.0159; 0.0794; 0.0000; 0.0000; 0.0000; 0.2698; 0.0317; 0.6032; 0.0000
Bootstrap 10
Run TT with 102 training and 52 tests
Run CD with 169 training and 85 tests
Run FKW with 69 training and 35 tests
Run KW with 84 training and 42 tests
Run LPLT with 36 training and 19 tests
Run RD with 130 training and 66 tests
Run WBD with 4 training and 2 tests
Run WSD with 125 training and 63 tests
Confusion Matrix 11.0
0.7308; 0.1154; 0.0000; 0.0000; 0.0000; 0.0192; 0.0385; 0.0962; 0.0000
0.0353; 0.5882; 0.0000; 0.0000; 0.0000; 0.0706; 0.3059; 0.0000; 0.0000
0.0000; 0.0000; 0.9714; 0.0286; 0.0000; 0.0000; 0.0000; 0.0000; 0.0000
0.0000; 0.0000; 0.0238; 0.8333; 0.0952; 0.0000; 0.0476; 0.0000; 0.0000
0.0000; 0.0000; 0.0526; 0.1053; 0.8421; 0.0000; 0.0000; 0.0000; 0.0000
0.0303; 0.1515; 0.0000; 0.0000; 0.0000; 0.5152; 0.0152; 0.2879; 0.0000
0.0000; 0.0000; 0.0000; 0.0000; 0.0000; 0.0000; 1.0000; 0.0000; 0.0000
0.0635; 0.0476; 0.0000; 0.0000; 0.0000; 0.2540; 0.0159; 0.6190; 0.0000
Bootstrap 11
Run TT with 102 training and 52 tests
Run CD with 169 training and 85 tests
Run FKW with 69 training and 35 tests
Run KW with 84 training and 42 tests
Run LPLT with 36 training and 19 tests
Run RD with 130 training and 66 tests
Run WBD with 4 training and 2 tests
Run WSD with 125 training and 63 tests
Confusion Matrix 12.0
0.9038; 0.0385; 0.0192; 0.0000; 0.0000; 0.0000; 0.0000; 0.0385; 0.0000
0.0471; 0.3647; 0.0000; 0.0000; 0.0000; 0.1412; 0.4118; 0.0353; 0.0000
0.0000; 0.0000; 1.0000; 0.0000; 0.0000; 0.0000; 0.0000; 0.0000; 0.0000
0.0000; 0.0000; 0.0476; 0.6429; 0.3095; 0.0000; 0.0000; 0.0000; 0.0000
0.0000; 0.0000; 0.0526; 0.1053; 0.8421; 0.0000; 0.0000; 0.0000; 0.0000
0.0000; 0.0000; 0.0000; 0.0000; 0.0000; 0.6970; 0.0000; 0.3030; 0.0000
0.0000; 0.0000; 0.0000; 0.0000; 0.0000; 0.0000; 1.0000; 0.0000; 0.0000
0.1111; 0.0635; 0.0000; 0.0000; 0.0000; 0.1746; 0.0635; 0.5873; 0.0000
Bootstrap 12
Run TT with 102 training and 52 tests
Run CD with 169 training and 85 tests
Run FKW with 69 training and 35 tests
Run KW with 84 training and 42 tests
Run LPLT with 36 training and 19 tests
Run RD with 130 training and 66 tests
Run WBD with 4 training and 2 tests
Run WSD with 125 training and 63 tests
Confusion Matrix 13.0
0.8462; 0.0577; 0.0000; 0.0000; 0.0000; 0.0385; 0.0385; 0.0192; 0.0000
0.0941; 0.5882; 0.0000; 0.0000; 0.0000; 0.1176; 0.1765; 0.0235; 0.0000
0.0000; 0.0286; 0.9429; 0.0000; 0.0000; 0.0000; 0.0286; 0.0000; 0.0000
0.0000; 0.0000; 0.0238; 0.6429; 0.3333; 0.0000; 0.0000; 0.0000; 0.0000
0.0000; 0.0000; 0.0000; 0.1053; 0.8947; 0.0000; 0.0000; 0.0000; 0.0000
0.0000; 0.0606; 0.0000; 0.0000; 0.0000; 0.6970; 0.0000; 0.2424; 0.0000
0.0000; 0.0000; 0.0000; 0.0000; 0.0000; 0.0000; 1.0000; 0.0000; 0.0000
0.0794; 0.0952; 0.0000; 0.0000; 0.0000; 0.2063; 0.0159; 0.6032; 0.0000
Bootstrap 13
Run TT with 102 training and 52 tests
Run CD with 169 training and 85 tests
Run FKW with 69 training and 35 tests
Run KW with 84 training and 42 tests
Run LPLT with 36 training and 19 tests
Run RD with 130 training and 66 tests
Run WBD with 4 training and 2 tests
Run WSD with 125 training and 63 tests
Confusion Matrix 14.0
0.4808; 0.3462; 0.0192; 0.0000; 0.0000; 0.0000; 0.0962; 0.0577; 0.0000
0.0000; 0.4235; 0.0000; 0.0000; 0.0000; 0.1059; 0.4353; 0.0353; 0.0000
0.0000; 0.0000; 1.0000; 0.0000; 0.0000; 0.0000; 0.0000; 0.0000; 0.0000
0.0000; 0.0000; 0.0714; 0.8333; 0.0952; 0.0000; 0.0000; 0.0000; 0.0000
0.0000; 0.0000; 0.0000; 0.7368; 0.2632; 0.0000; 0.0000; 0.0000; 0.0000
0.0000; 0.0000; 0.0000; 0.0000; 0.0000; 0.6970; 0.0152; 0.2879; 0.0000
0.0000; 0.0000; 0.0000; 0.0000; 0.0000; 0.0000; 1.0000; 0.0000; 0.0000
0.0317; 0.1111; 0.0000; 0.0000; 0.0000; 0.2698; 0.0317; 0.5556; 0.0000
Bootstrap 14
Run TT with 102 training and 52 tests
Run CD with 169 training and 85 tests
Run FKW with 69 training and 35 tests
Run KW with 84 training and 42 tests
Run LPLT with 36 training and 19 tests
Run RD with 130 training and 66 tests
Run WBD with 4 training and 2 tests
Run WSD with 125 training and 63 tests
Confusion Matrix 15.0
0.5000; 0.3654; 0.0192; 0.0000; 0.0000; 0.0577; 0.0385; 0.0192; 0.0000
0.0941; 0.4706; 0.0118; 0.0000; 0.0000; 0.2588; 0.0588; 0.1059; 0.0000
0.0000; 0.0286; 0.9714; 0.0000; 0.0000; 0.0000; 0.0000; 0.0000; 0.0000
0.0000; 0.0000; 0.0714; 0.8333; 0.0952; 0.0000; 0.0000; 0.0000; 0.0000
0.0000; 0.0000; 0.0000; 0.6316; 0.3684; 0.0000; 0.0000; 0.0000; 0.0000
0.0758; 0.2121; 0.0000; 0.0000; 0.0000; 0.4848; 0.0303; 0.1970; 0.0000
0.0000; 0.5000; 0.0000; 0.0000; 0.0000; 0.0000; 0.5000; 0.0000; 0.0000
0.0317; 0.0476; 0.0000; 0.0000; 0.0159; 0.3651; 0.0159; 0.5238; 0.0000
Bootstrap 15
Run TT with 102 training and 52 tests
Run CD with 169 training and 85 tests
Run FKW with 69 training and 35 tests
Run KW with 84 training and 42 tests
Run LPLT with 36 training and 19 tests
Run RD with 130 training and 66 tests
Run WBD with 4 training and 2 tests
Run WSD with 125 training and 63 tests
Confusion Matrix 16.0
0.9038; 0.0000; 0.0385; 0.0000; 0.0000; 0.0192; 0.0000; 0.0385; 0.0000
0.1059; 0.4235; 0.0000; 0.0000; 0.0000; 0.2588; 0.1294; 0.0824; 0.0000
0.0000; 0.0000; 1.0000; 0.0000; 0.0000; 0.0000; 0.0000; 0.0000; 0.0000
0.0000; 0.0000; 0.0000; 0.7381; 0.2619; 0.0000; 0.0000; 0.0000; 0.0000
0.0000; 0.0000; 0.0000; 0.0526; 0.9474; 0.0000; 0.0000; 0.0000; 0.0000
0.0303; 0.0758; 0.0303; 0.0000; 0.0455; 0.5303; 0.0909; 0.1970; 0.0000
0.0000; 0.5000; 0.0000; 0.0000; 0.0000; 0.0000; 0.5000; 0.0000; 0.0000
0.0476; 0.0476; 0.0000; 0.0000; 0.0159; 0.2698; 0.0000; 0.6190; 0.0000
Bootstrap 16
Run TT with 102 training and 52 tests
Run CD with 169 training and 85 tests
Run FKW with 69 training and 35 tests
Run KW with 84 training and 42 tests
Run LPLT with 36 training and 19 tests
Run RD with 130 training and 66 tests
Run WBD with 4 training and 2 tests
Run WSD with 125 training and 63 tests
Confusion Matrix 17.0
0.4808; 0.2885; 0.0192; 0.0000; 0.0000; 0.0385; 0.1346; 0.0385; 0.0000
0.0118; 0.5529; 0.0000; 0.0000; 0.0000; 0.0588; 0.3176; 0.0588; 0.0000
0.0000; 0.0000; 0.9429; 0.0000; 0.0571; 0.0000; 0.0000; 0.0000; 0.0000
0.0000; 0.0000; 0.0238; 0.8571; 0.1190; 0.0000; 0.0000; 0.0000; 0.0000
0.0000; 0.0000; 0.0000; 0.5263; 0.4737; 0.0000; 0.0000; 0.0000; 0.0000
0.0758; 0.1667; 0.0152; 0.0152; 0.0455; 0.5000; 0.1061; 0.0758; 0.0000
0.0000; 0.5000; 0.0000; 0.0000; 0.0000; 0.0000; 0.5000; 0.0000; 0.0000
0.0317; 0.0794; 0.0000; 0.0000; 0.0000; 0.3175; 0.0159; 0.5556; 0.0000
Bootstrap 17
Run TT with 102 training and 52 tests
Run CD with 169 training and 85 tests
Run FKW with 69 training and 35 tests
Run KW with 84 training and 42 tests
Run LPLT with 36 training and 19 tests
Run RD with 130 training and 66 tests
Run WBD with 4 training and 2 tests
Run WSD with 125 training and 63 tests
Confusion Matrix 18.0
0.9231; 0.0000; 0.0385; 0.0000; 0.0000; 0.0000; 0.0000; 0.0385; 0.0000
0.0353; 0.5059; 0.0000; 0.0000; 0.0000; 0.0353; 0.3765; 0.0471; 0.0000
0.0000; 0.0000; 1.0000; 0.0000; 0.0000; 0.0000; 0.0000; 0.0000; 0.0000
0.0000; 0.0000; 0.0000; 0.8810; 0.1190; 0.0000; 0.0000; 0.0000; 0.0000
0.0000; 0.0000; 0.0000; 0.7368; 0.2632; 0.0000; 0.0000; 0.0000; 0.0000
0.0909; 0.1818; 0.0606; 0.0000; 0.0152; 0.4242; 0.0606; 0.1667; 0.0000
0.0000; 0.0000; 0.0000; 0.0000; 0.0000; 0.0000; 1.0000; 0.0000; 0.0000
0.0794; 0.0952; 0.0000; 0.0000; 0.0000; 0.3492; 0.0000; 0.4762; 0.0000
Bootstrap 18
Run TT with 102 training and 52 tests
Run CD with 169 training and 85 tests
Run FKW with 69 training and 35 tests
Run KW with 84 training and 42 tests
Run LPLT with 36 training and 19 tests
Run RD with 130 training and 66 tests
Run WBD with 4 training and 2 tests
Run WSD with 125 training and 63 tests
Confusion Matrix 19.0
0.5577; 0.1923; 0.0385; 0.0000; 0.0000; 0.0577; 0.0962; 0.0577; 0.0000
0.0471; 0.6588; 0.0000; 0.0000; 0.0000; 0.0588; 0.2235; 0.0118; 0.0000
0.0000; 0.0286; 0.9429; 0.0286; 0.0000; 0.0000; 0.0000; 0.0000; 0.0000
0.0000; 0.0000; 0.0238; 0.6429; 0.3333; 0.0000; 0.0000; 0.0000; 0.0000
0.0000; 0.0000; 0.0000; 0.1579; 0.8421; 0.0000; 0.0000; 0.0000; 0.0000
0.0606; 0.2273; 0.0000; 0.0000; 0.0000; 0.5303; 0.0303; 0.1515; 0.0000
0.0000; 0.5000; 0.0000; 0.0000; 0.0000; 0.0000; 0.5000; 0.0000; 0.0000
0.0159; 0.1429; 0.0000; 0.0000; 0.0000; 0.2698; 0.0317; 0.5397; 0.0000
Bootstrap 19
Run TT with 102 training and 52 tests
Run CD with 169 training and 85 tests
Run FKW with 69 training and 35 tests
Run KW with 84 training and 42 tests
Run LPLT with 36 training and 19 tests
Run RD with 130 training and 66 tests
Run WBD with 4 training and 2 tests
Run WSD with 125 training and 63 tests
Confusion Matrix 20.0
0.8077; 0.0385; 0.0192; 0.0000; 0.0000; 0.0000; 0.0577; 0.0769; 0.0000
0.0235; 0.4941; 0.0000; 0.0000; 0.0000; 0.1412; 0.2941; 0.0471; 0.0000
0.0000; 0.0000; 0.9714; 0.0000; 0.0000; 0.0286; 0.0000; 0.0000; 0.0000
0.0000; 0.0000; 0.0238; 0.8810; 0.0952; 0.0000; 0.0000; 0.0000; 0.0000
0.0000; 0.0000; 0.0000; 0.6316; 0.3684; 0.0000; 0.0000; 0.0000; 0.0000
0.0000; 0.0303; 0.0000; 0.0000; 0.0000; 0.6667; 0.0000; 0.3030; 0.0000
0.0000; 1.0000; 0.0000; 0.0000; 0.0000; 0.0000; 0.0000; 0.0000; 0.0000
0.0317; 0.0476; 0.0000; 0.0000; 0.0159; 0.3016; 0.0159; 0.5873; 0.0000
Bootstrap 20
Run TT with 102 training and 52 tests
Run CD with 169 training and 85 tests
Run FKW with 69 training and 35 tests
Run KW with 84 training and 42 tests
Run LPLT with 36 training and 19 tests
Run RD with 130 training and 66 tests
Run WBD with 4 training and 2 tests
Run WSD with 125 training and 63 tests
Confusion Matrix 21.0
0.7308; 0.1923; 0.0000; 0.0000; 0.0000; 0.0385; 0.0192; 0.0192; 0.0000
0.1294; 0.3647; 0.0000; 0.0000; 0.0000; 0.3294; 0.0471; 0.1294; 0.0000
0.0000; 0.0571; 0.9143; 0.0000; 0.0286; 0.0000; 0.0000; 0.0000; 0.0000
0.0000; 0.0000; 0.0238; 0.8571; 0.1190; 0.0000; 0.0000; 0.0000; 0.0000
0.0000; 0.0000; 0.0000; 0.4737; 0.5263; 0.0000; 0.0000; 0.0000; 0.0000
0.0455; 0.0303; 0.0152; 0.0303; 0.0152; 0.5606; 0.0000; 0.3030; 0.0000
0.0000; 0.0000; 0.0000; 0.0000; 0.0000; 0.0000; 1.0000; 0.0000; 0.0000
0.0476; 0.0317; 0.0000; 0.0000; 0.0000; 0.3016; 0.0317; 0.5873; 0.0000
Bootstrap 21
Run TT with 102 training and 52 tests
Run CD with 169 training and 85 tests
Run FKW with 69 training and 35 tests
Run KW with 84 training and 42 tests
Run LPLT with 36 training and 19 tests
Run RD with 130 training and 66 tests
Run WBD with 4 training and 2 tests
Run WSD with 125 training and 63 tests
Confusion Matrix 22.0
0.8077; 0.0577; 0.0385; 0.0000; 0.0000; 0.0000; 0.0000; 0.0962; 0.0000
0.0824; 0.7176; 0.0000; 0.0000; 0.0000; 0.0235; 0.1765; 0.0000; 0.0000
0.0000; 0.0000; 0.9143; 0.0286; 0.0286; 0.0286; 0.0000; 0.0000; 0.0000
0.0000; 0.0000; 0.0952; 0.6667; 0.2381; 0.0000; 0.0000; 0.0000; 0.0000
0.0000; 0.0000; 0.0000; 0.1053; 0.8947; 0.0000; 0.0000; 0.0000; 0.0000
0.0606; 0.1970; 0.0455; 0.0000; 0.0455; 0.4697; 0.0606; 0.1212; 0.0000
0.0000; 0.0000; 0.0000; 0.0000; 0.0000; 0.0000; 1.0000; 0.0000; 0.0000
0.0952; 0.0952; 0.0000; 0.0000; 0.0000; 0.2381; 0.0000; 0.5714; 0.0000
Bootstrap 22
Run TT with 102 training and 52 tests
Run CD with 169 training and 85 tests
Run FKW with 69 training and 35 tests
Run KW with 84 training and 42 tests
Run LPLT with 36 training and 19 tests
Run RD with 130 training and 66 tests
Run WBD with 4 training and 2 tests
Run WSD with 125 training and 63 tests
Confusion Matrix 23.0
0.3846; 0.4231; 0.0192; 0.0000; 0.0000; 0.0192; 0.0962; 0.0577; 0.0000
0.0471; 0.5529; 0.0000; 0.0000; 0.0000; 0.0353; 0.3529; 0.0118; 0.0000
0.0000; 0.0000; 0.9714; 0.0000; 0.0000; 0.0000; 0.0286; 0.0000; 0.0000
0.0000; 0.0000; 0.0000; 0.7619; 0.2381; 0.0000; 0.0000; 0.0000; 0.0000
0.0000; 0.0000; 0.1053; 0.0526; 0.8421; 0.0000; 0.0000; 0.0000; 0.0000
0.0455; 0.2727; 0.0455; 0.0000; 0.0303; 0.3788; 0.0606; 0.1667; 0.0000
0.0000; 0.0000; 0.0000; 0.0000; 0.0000; 0.0000; 1.0000; 0.0000; 0.0000
0.0159; 0.2222; 0.0000; 0.0000; 0.0000; 0.2540; 0.0000; 0.5079; 0.0000
Bootstrap 23
Run TT with 102 training and 52 tests
Run CD with 169 training and 85 tests
Run FKW with 69 training and 35 tests
Run KW with 84 training and 42 tests
Run LPLT with 36 training and 19 tests
Run RD with 130 training and 66 tests
Run WBD with 4 training and 2 tests
Run WSD with 125 training and 63 tests
Confusion Matrix 24.0
0.4423; 0.4038; 0.0385; 0.0000; 0.0000; 0.0192; 0.0385; 0.0577; 0.0000
0.0235; 0.5765; 0.0000; 0.0000; 0.0000; 0.0588; 0.3412; 0.0000; 0.0000
0.0000; 0.0000; 0.9143; 0.0000; 0.0571; 0.0000; 0.0286; 0.0000; 0.0000
0.0000; 0.0000; 0.0952; 0.7143; 0.1905; 0.0000; 0.0000; 0.0000; 0.0000
0.0000; 0.0000; 0.0000; 0.2105; 0.7895; 0.0000; 0.0000; 0.0000; 0.0000
0.0455; 0.0758; 0.0152; 0.0000; 0.0606; 0.5758; 0.0909; 0.1364; 0.0000
0.0000; 0.0000; 0.0000; 0.0000; 0.0000; 0.0000; 1.0000; 0.0000; 0.0000
0.0635; 0.0952; 0.0000; 0.0000; 0.0000; 0.2857; 0.0476; 0.5079; 0.0000
Bootstrap 24
Run TT with 102 training and 52 tests
Run CD with 169 training and 85 tests
Run FKW with 69 training and 35 tests
Run KW with 84 training and 42 tests
Run LPLT with 36 training and 19 tests
Run RD with 130 training and 66 tests
Run WBD with 4 training and 2 tests
Run WSD with 125 training and 63 tests
Confusion Matrix 25.0
0.8077; 0.0385; 0.0000; 0.0000; 0.0000; 0.0000; 0.0769; 0.0769; 0.0000
0.0706; 0.5529; 0.0000; 0.0000; 0.0000; 0.1059; 0.2706; 0.0000; 0.0000
0.0000; 0.0000; 0.9143; 0.0000; 0.0857; 0.0000; 0.0000; 0.0000; 0.0000
0.0000; 0.0000; 0.0238; 0.9286; 0.0476; 0.0000; 0.0000; 0.0000; 0.0000
0.0000; 0.0000; 0.0000; 0.4737; 0.5263; 0.0000; 0.0000; 0.0000; 0.0000
0.0000; 0.0152; 0.0000; 0.0000; 0.0000; 0.7727; 0.0152; 0.1970; 0.0000
0.0000; 0.0000; 0.0000; 0.0000; 0.0000; 0.0000; 1.0000; 0.0000; 0.0000
0.0476; 0.0476; 0.0000; 0.0000; 0.0000; 0.2063; 0.0952; 0.6032; 0.0000
Bootstrap 25
Run TT with 102 training and 52 tests
Run CD with 169 training and 85 tests
Run FKW with 69 training and 35 tests
Run KW with 84 training and 42 tests
Run LPLT with 36 training and 19 tests
Run RD with 130 training and 66 tests
Run WBD with 4 training and 2 tests
Run WSD with 125 training and 63 tests
Confusion Matrix 26.0
0.8077; 0.0577; 0.0192; 0.0000; 0.0000; 0.0192; 0.0769; 0.0192; 0.0000
0.0353; 0.4118; 0.0000; 0.0000; 0.0000; 0.1294; 0.3882; 0.0353; 0.0000
0.0000; 0.0286; 0.9143; 0.0286; 0.0286; 0.0000; 0.0000; 0.0000; 0.0000
0.0000; 0.0000; 0.0000; 0.7857; 0.2143; 0.0000; 0.0000; 0.0000; 0.0000
0.0000; 0.0000; 0.0000; 0.3158; 0.6842; 0.0000; 0.0000; 0.0000; 0.0000
0.0000; 0.0000; 0.0000; 0.0000; 0.0000; 0.6667; 0.0000; 0.3333; 0.0000
0.0000; 0.0000; 0.0000; 0.0000; 0.0000; 0.0000; 1.0000; 0.0000; 0.0000
0.0794; 0.0476; 0.0000; 0.0000; 0.0000; 0.2381; 0.0159; 0.6190; 0.0000
Bootstrap 26
Run TT with 102 training and 52 tests
Run CD with 169 training and 85 tests
Run FKW with 69 training and 35 tests
Run KW with 84 training and 42 tests
Run LPLT with 36 training and 19 tests
Run RD with 130 training and 66 tests
Run WBD with 4 training and 2 tests
Run WSD with 125 training and 63 tests
Confusion Matrix 27.0
0.9038; 0.0000; 0.0192; 0.0000; 0.0192; 0.0000; 0.0000; 0.0577; 0.0000
0.1882; 0.3294; 0.0118; 0.0000; 0.0000; 0.2824; 0.1059; 0.0824; 0.0000
0.0000; 0.0000; 0.9714; 0.0000; 0.0286; 0.0000; 0.0000; 0.0000; 0.0000
0.0000; 0.0000; 0.0238; 0.9048; 0.0714; 0.0000; 0.0000; 0.0000; 0.0000
0.0000; 0.0000; 0.0000; 0.6316; 0.3684; 0.0000; 0.0000; 0.0000; 0.0000
0.0000; 0.0000; 0.0000; 0.0000; 0.0000; 0.6970; 0.0152; 0.2879; 0.0000
0.0000; 0.0000; 0.0000; 0.0000; 0.0000; 0.0000; 1.0000; 0.0000; 0.0000
0.0635; 0.0476; 0.0000; 0.0000; 0.0000; 0.2381; 0.0317; 0.6190; 0.0000
Bootstrap 27
Run TT with 102 training and 52 tests
Run CD with 169 training and 85 tests
Run FKW with 69 training and 35 tests
Run KW with 84 training and 42 tests
Run LPLT with 36 training and 19 tests
Run RD with 130 training and 66 tests
Run WBD with 4 training and 2 tests
Run WSD with 125 training and 63 tests
Confusion Matrix 28.0
0.9615; 0.0000; 0.0000; 0.0000; 0.0000; 0.0385; 0.0000; 0.0000; 0.0000
0.0706; 0.6941; 0.0000; 0.0000; 0.0000; 0.1412; 0.0941; 0.0000; 0.0000
0.0000; 0.0000; 1.0000; 0.0000; 0.0000; 0.0000; 0.0000; 0.0000; 0.0000
0.0000; 0.0000; 0.0000; 0.9524; 0.0476; 0.0000; 0.0000; 0.0000; 0.0000
0.0000; 0.0000; 0.0000; 0.7895; 0.2105; 0.0000; 0.0000; 0.0000; 0.0000
0.0303; 0.0303; 0.0000; 0.0000; 0.0000; 0.6515; 0.0000; 0.2879; 0.0000
0.0000; 0.5000; 0.0000; 0.0000; 0.0000; 0.0000; 0.5000; 0.0000; 0.0000
0.0476; 0.0794; 0.0000; 0.0000; 0.0000; 0.3016; 0.0000; 0.5714; 0.0000
Bootstrap 28
Run TT with 102 training and 52 tests
Run CD with 169 training and 85 tests
Run FKW with 69 training and 35 tests
Run KW with 84 training and 42 tests
Run LPLT with 36 training and 19 tests
Run RD with 130 training and 66 tests
Run WBD with 4 training and 2 tests
Run WSD with 125 training and 63 tests
Confusion Matrix 29.0
0.8846; 0.0192; 0.0192; 0.0000; 0.0000; 0.0192; 0.0000; 0.0577; 0.0000
0.0353; 0.4941; 0.0000; 0.0000; 0.0000; 0.1059; 0.3059; 0.0588; 0.0000
0.0000; 0.0000; 0.9429; 0.0286; 0.0286; 0.0000; 0.0000; 0.0000; 0.0000
0.0000; 0.0000; 0.0952; 0.7381; 0.1667; 0.0000; 0.0000; 0.0000; 0.0000
0.0000; 0.0000; 0.0000; 0.6842; 0.3158; 0.0000; 0.0000; 0.0000; 0.0000
0.0455; 0.1667; 0.0000; 0.0000; 0.0000; 0.5152; 0.0152; 0.2576; 0.0000
0.0000; 0.0000; 0.0000; 0.0000; 0.0000; 0.0000; 1.0000; 0.0000; 0.0000
0.0476; 0.0635; 0.0000; 0.0000; 0.0000; 0.2857; 0.0000; 0.6032; 0.0000
Bootstrap 29
Run TT with 102 training and 52 tests
Run CD with 169 training and 85 tests
Run FKW with 69 training and 35 tests
Run KW with 84 training and 42 tests
Run LPLT with 36 training and 19 tests
Run RD with 130 training and 66 tests
Run WBD with 4 training and 2 tests
Run WSD with 125 training and 63 tests
Confusion Matrix 30.0
0.8077; 0.1154; 0.0000; 0.0000; 0.0000; 0.0385; 0.0192; 0.0192; 0.0000
0.0471; 0.6941; 0.0000; 0.0000; 0.0000; 0.0824; 0.1765; 0.0000; 0.0000
0.0000; 0.0286; 0.9143; 0.0000; 0.0571; 0.0000; 0.0000; 0.0000; 0.0000
0.0000; 0.0000; 0.0476; 0.7857; 0.1667; 0.0000; 0.0000; 0.0000; 0.0000
0.0000; 0.0000; 0.0000; 0.7368; 0.2632; 0.0000; 0.0000; 0.0000; 0.0000
0.0000; 0.0152; 0.0000; 0.0000; 0.0000; 0.8030; 0.0000; 0.1818; 0.0000
0.0000; 0.5000; 0.0000; 0.0000; 0.0000; 0.0000; 0.5000; 0.0000; 0.0000
0.0317; 0.0476; 0.0000; 0.0000; 0.0000; 0.3333; 0.0000; 0.5873; 0.0000
Mean confusion
0.7635; 0.1147; 0.0160; 0.0000; 0.0006; 0.0224; 0.0365; 0.0462; 0.0000
0.0608; 0.5212; 0.0008; 0.0000; 0.0000; 0.1278; 0.2463; 0.0431; 0.0000
0.0000; 0.0105; 0.9533; 0.0057; 0.0238; 0.0029; 0.0038; 0.0000; 0.0000
0.0000; 0.0000; 0.0310; 0.7865; 0.1794; 0.0000; 0.0032; 0.0000; 0.0000
0.0000; 0.0000; 0.0175; 0.3930; 0.5895; 0.0000; 0.0000; 0.0000; 0.0000
0.0333; 0.0884; 0.0081; 0.0015; 0.0116; 0.5944; 0.0293; 0.2333; 0.0000
0.0000; 0.2000; 0.0000; 0.0000; 0.0000; 0.0000; 0.8000; 0.0000; 0.0000
0.0508; 0.0757; 0.0005; 0.0000; 0.0026; 0.2698; 0.0228; 0.5778; 0.0000
STD Confusion
0.1755; 0.1329; 0.0134; 0.0000; 0.0035; 0.0215; 0.0418; 0.0279; 0.0000
0.0426; 0.1051; 0.0030; 0.0000; 0.0000; 0.0909; 0.1179; 0.0369; 0.0000
0.0000; 0.0159; 0.0314; 0.0116; 0.0250; 0.0087; 0.0099; 0.0000; 0.0000
0.0000; 0.0000; 0.0301; 0.1005; 0.0976; 0.0000; 0.0103; 0.0000; 0.0000
0.0000; 0.0000; 0.0399; 0.2818; 0.2657; 0.0000; 0.0000; 0.0000; 0.0000
0.0372; 0.0876; 0.0163; 0.0061; 0.0190; 0.1144; 0.0326; 0.0824; 0.0000
0.0000; 0.2816; 0.0000; 0.0000; 0.0000; 0.0000; 0.2816; 0.0000; 0.0000
0.0251; 0.0444; 0.0029; 0.0000; 0.0060; 0.0431; 0.0207; 0.0408; 0.0000
Lower 95% CI
0.3846; 0.0000; 0.0000; 0.0000; 0.0000; 0.0000; 0.0000; 0.0000; 0.0000
0.0000; 0.3176; 0.0000; 0.0000; 0.0000; 0.0235; 0.0471; 0.0000; 0.0000
0.0000; 0.0000; 0.9143; 0.0000; 0.0000; 0.0000; 0.0000; 0.0000; 0.0000
0.0000; 0.0000; 0.0000; 0.5952; 0.0238; 0.0000; 0.0000; 0.0000; 0.0000
0.0000; 0.0000; 0.0000; 0.0526; 0.2105; 0.0000; 0.0000; 0.0000; 0.0000
0.0000; 0.0000; 0.0000; 0.0000; 0.0000; 0.3788; 0.0000; 0.0758; 0.0000
0.0000; 0.0000; 0.0000; 0.0000; 0.0000; 0.0000; 0.0000; 0.0000; 0.0000
0.0159; 0.0000; 0.0000; 0.0000; 0.0000; 0.1746; 0.0000; 0.4762; 0.0000
Upper 95% CI
0.9615; 0.4231; 0.0385; 0.0000; 0.0192; 0.0769; 0.1346; 0.1154; 0.0000
0.1882; 0.7176; 0.0118; 0.0000; 0.0000; 0.3765; 0.4353; 0.1294; 0.0000
0.0000; 0.0571; 1.0000; 0.0286; 0.0857; 0.0286; 0.0286; 0.0000; 0.0000
0.0000; 0.0000; 0.0952; 0.9524; 0.3810; 0.0000; 0.0476; 0.0000; 0.0000
0.0000; 0.0000; 0.1579; 0.7895; 0.9474; 0.0000; 0.0000; 0.0000; 0.0000
0.1212; 0.2727; 0.0606; 0.0303; 0.0606; 0.8030; 0.1061; 0.3636; 0.0000
0.0000; 1.0000; 0.0000; 0.0000; 0.0000; 0.0000; 1.0000; 0.0000; 0.0000
0.1111; 0.2222; 0.0159; 0.0000; 0.0159; 0.3651; 0.0952; 0.6349; 0.0000
Run TT with 154 training and 0 tests
Run CD with 254 training and 0 tests
Run FKW with 104 training and 0 tests
Run KW with 126 training and 0 tests
Run LPLT with 55 training and 0 tests
Run RD with 196 training and 0 tests
Run WBD with 6 training and 0 tests
Run WSD with 188 training and 0 tests