Total Bootstraps 30
Num Species 8
FragmentLength 26; Section Length 55
TT; CD; FKW; KW; LPLT; RD; WBD; WSD
Bootstrap 0
Run TT with 112 training and 56 tests
Run CD with 184 training and 93 tests
Run FKW with 75 training and 38 tests
Run KW with 91 training and 46 tests
Run LPLT with 40 training and 20 tests
Run RD with 142 training and 71 tests
Run WBD with 4 training and 3 tests
Run WSD with 136 training and 69 tests
Confusion Matrix 1.0
0.5000; 0.3214; 0.0179; 0.0000; 0.0000; 0.1071; 0.0357; 0.0179; 0.0000
0.1075; 0.4194; 0.0000; 0.0000; 0.0000; 0.3011; 0.1075; 0.0645; 0.0000
0.0000; 0.0263; 0.9474; 0.0000; 0.0263; 0.0000; 0.0000; 0.0000; 0.0000
0.0000; 0.0000; 0.0000; 0.9130; 0.0652; 0.0000; 0.0217; 0.0000; 0.0000
0.0000; 0.0000; 0.0000; 0.7000; 0.3000; 0.0000; 0.0000; 0.0000; 0.0000
0.0000; 0.0141; 0.0000; 0.0000; 0.0000; 0.6901; 0.0000; 0.2958; 0.0000
0.0000; 0.3333; 0.0000; 0.0000; 0.0000; 0.0000; 0.6667; 0.0000; 0.0000
0.0290; 0.0870; 0.0000; 0.0000; 0.0000; 0.2899; 0.0145; 0.5797; 0.0000
Bootstrap 1
Run TT with 112 training and 56 tests
Run CD with 184 training and 93 tests
Run FKW with 75 training and 38 tests
Run KW with 91 training and 46 tests
Run LPLT with 40 training and 20 tests
Run RD with 142 training and 71 tests
Run WBD with 4 training and 3 tests
Run WSD with 136 training and 69 tests
Confusion Matrix 2.0
0.9107; 0.0000; 0.0357; 0.0000; 0.0000; 0.0179; 0.0000; 0.0357; 0.0000
0.1398; 0.3871; 0.0000; 0.0000; 0.0000; 0.3333; 0.0753; 0.0645; 0.0000
0.0000; 0.0263; 0.9474; 0.0263; 0.0000; 0.0000; 0.0000; 0.0000; 0.0000
0.0000; 0.0000; 0.0000; 0.9130; 0.0870; 0.0000; 0.0000; 0.0000; 0.0000
0.0000; 0.0000; 0.0000; 0.8500; 0.1500; 0.0000; 0.0000; 0.0000; 0.0000
0.0704; 0.0704; 0.0141; 0.0141; 0.0563; 0.5211; 0.0282; 0.2254; 0.0000
0.0000; 0.3333; 0.0000; 0.0000; 0.0000; 0.0000; 0.6667; 0.0000; 0.0000
0.0435; 0.0435; 0.0000; 0.0000; 0.0145; 0.3043; 0.0000; 0.5942; 0.0000
Bootstrap 2
Run TT with 112 training and 56 tests
Run CD with 184 training and 93 tests
Run FKW with 75 training and 38 tests
Run KW with 91 training and 46 tests
Run LPLT with 40 training and 20 tests
Run RD with 142 training and 71 tests
Run WBD with 4 training and 3 tests
Run WSD with 136 training and 69 tests
Confusion Matrix 3.0
0.4821; 0.4464; 0.0179; 0.0000; 0.0000; 0.0179; 0.0179; 0.0179; 0.0000
0.0860; 0.5376; 0.0000; 0.0000; 0.0000; 0.1828; 0.1075; 0.0860; 0.0000
0.0000; 0.0263; 0.9474; 0.0000; 0.0263; 0.0000; 0.0000; 0.0000; 0.0000
0.0000; 0.0000; 0.0000; 0.7609; 0.2174; 0.0000; 0.0217; 0.0000; 0.0000
0.0000; 0.0000; 0.0000; 0.6000; 0.4000; 0.0000; 0.0000; 0.0000; 0.0000
0.0704; 0.2254; 0.0141; 0.0000; 0.0704; 0.4507; 0.0423; 0.1268; 0.0000
0.0000; 0.3333; 0.0000; 0.0000; 0.0000; 0.0000; 0.6667; 0.0000; 0.0000
0.0580; 0.1159; 0.0000; 0.0000; 0.0145; 0.2609; 0.0000; 0.5507; 0.0000
Bootstrap 3
Run TT with 112 training and 56 tests
Run CD with 184 training and 93 tests
Run FKW with 75 training and 38 tests
Run KW with 91 training and 46 tests
Run LPLT with 40 training and 20 tests
Run RD with 142 training and 71 tests
Run WBD with 4 training and 3 tests
Run WSD with 136 training and 69 tests
Confusion Matrix 4.0
0.9286; 0.0000; 0.0179; 0.0000; 0.0000; 0.0000; 0.0000; 0.0536; 0.0000
0.0968; 0.7097; 0.0000; 0.0000; 0.0000; 0.0753; 0.1183; 0.0000; 0.0000
0.0000; 0.0263; 0.9474; 0.0000; 0.0263; 0.0000; 0.0000; 0.0000; 0.0000
0.0000; 0.0000; 0.0217; 0.8261; 0.1522; 0.0000; 0.0000; 0.0000; 0.0000
0.0000; 0.0000; 0.0000; 0.8000; 0.2000; 0.0000; 0.0000; 0.0000; 0.0000
0.0986; 0.1408; 0.0282; 0.0000; 0.0563; 0.4225; 0.0845; 0.1690; 0.0000
0.0000; 0.6667; 0.0000; 0.0000; 0.0000; 0.0000; 0.3333; 0.0000; 0.0000
0.0290; 0.1159; 0.0000; 0.0000; 0.0145; 0.2754; 0.0145; 0.5507; 0.0000
Bootstrap 4
Run TT with 112 training and 56 tests
Run CD with 184 training and 93 tests
Run FKW with 75 training and 38 tests
Run KW with 91 training and 46 tests
Run LPLT with 40 training and 20 tests
Run RD with 142 training and 71 tests
Run WBD with 4 training and 3 tests
Run WSD with 136 training and 69 tests
Confusion Matrix 5.0
0.8929; 0.0536; 0.0357; 0.0000; 0.0000; 0.0000; 0.0000; 0.0179; 0.0000
0.1075; 0.5591; 0.0000; 0.0000; 0.0000; 0.0968; 0.2043; 0.0323; 0.0000
0.0000; 0.0000; 0.9474; 0.0000; 0.0526; 0.0000; 0.0000; 0.0000; 0.0000
0.0000; 0.0000; 0.0435; 0.7609; 0.1739; 0.0000; 0.0217; 0.0000; 0.0000
0.0000; 0.0000; 0.0000; 0.7500; 0.2500; 0.0000; 0.0000; 0.0000; 0.0000
0.1127; 0.1690; 0.0282; 0.0141; 0.0423; 0.4507; 0.0704; 0.1127; 0.0000
0.0000; 0.3333; 0.0000; 0.0000; 0.0000; 0.0000; 0.6667; 0.0000; 0.0000
0.0290; 0.0870; 0.0000; 0.0000; 0.0145; 0.3333; 0.0145; 0.5217; 0.0000
Bootstrap 5
Run TT with 112 training and 56 tests
Run CD with 184 training and 93 tests
Run FKW with 75 training and 38 tests
Run KW with 91 training and 46 tests
Run LPLT with 40 training and 20 tests
Run RD with 142 training and 71 tests
Run WBD with 4 training and 3 tests
Run WSD with 136 training and 69 tests
Confusion Matrix 6.0
0.6429; 0.2143; 0.0000; 0.0000; 0.0000; 0.0536; 0.0357; 0.0536; 0.0000
0.0538; 0.5269; 0.0000; 0.0000; 0.0000; 0.0968; 0.3226; 0.0000; 0.0000
0.0000; 0.0000; 0.8947; 0.0000; 0.0789; 0.0263; 0.0000; 0.0000; 0.0000
0.0000; 0.0000; 0.1304; 0.6739; 0.1957; 0.0000; 0.0000; 0.0000; 0.0000
0.0000; 0.0000; 0.0500; 0.1500; 0.8000; 0.0000; 0.0000; 0.0000; 0.0000
0.0000; 0.0704; 0.0000; 0.0000; 0.0000; 0.6620; 0.0000; 0.2676; 0.0000
0.0000; 0.0000; 0.0000; 0.0000; 0.0000; 0.0000; 1.0000; 0.0000; 0.0000
0.0725; 0.1304; 0.0000; 0.0000; 0.0000; 0.2319; 0.0290; 0.5362; 0.0000
Bootstrap 6
Run TT with 112 training and 56 tests
Run CD with 184 training and 93 tests
Run FKW with 75 training and 38 tests
Run KW with 91 training and 46 tests
Run LPLT with 40 training and 20 tests
Run RD with 142 training and 71 tests
Run WBD with 4 training and 3 tests
Run WSD with 136 training and 69 tests
Confusion Matrix 7.0
0.9286; 0.0000; 0.0179; 0.0000; 0.0179; 0.0000; 0.0000; 0.0357; 0.0000
0.0860; 0.3441; 0.0000; 0.0000; 0.0000; 0.3118; 0.2366; 0.0215; 0.0000
0.0000; 0.0000; 0.9474; 0.0000; 0.0263; 0.0000; 0.0263; 0.0000; 0.0000
0.0000; 0.0000; 0.0652; 0.8043; 0.1304; 0.0000; 0.0000; 0.0000; 0.0000
0.0000; 0.0000; 0.0000; 0.7000; 0.3000; 0.0000; 0.0000; 0.0000; 0.0000
0.0000; 0.1831; 0.0000; 0.0000; 0.0000; 0.5352; 0.0282; 0.2535; 0.0000
0.0000; 0.6667; 0.0000; 0.0000; 0.0000; 0.0000; 0.3333; 0.0000; 0.0000
0.0870; 0.0725; 0.0000; 0.0000; 0.0000; 0.2609; 0.0435; 0.5362; 0.0000
Bootstrap 7
Run TT with 112 training and 56 tests
Run CD with 184 training and 93 tests
Run FKW with 75 training and 38 tests
Run KW with 91 training and 46 tests
Run LPLT with 40 training and 20 tests
Run RD with 142 training and 71 tests
Run WBD with 4 training and 3 tests
Run WSD with 136 training and 69 tests
Confusion Matrix 8.0
0.3929; 0.3036; 0.0357; 0.0000; 0.0179; 0.1071; 0.0714; 0.0714; 0.0000
0.0860; 0.3763; 0.0000; 0.0000; 0.0000; 0.3226; 0.0860; 0.1290; 0.0000
0.0000; 0.0526; 0.9211; 0.0000; 0.0263; 0.0000; 0.0000; 0.0000; 0.0000
0.0000; 0.0000; 0.0000; 0.6304; 0.3478; 0.0000; 0.0217; 0.0000; 0.0000
0.0000; 0.0000; 0.1000; 0.1000; 0.8000; 0.0000; 0.0000; 0.0000; 0.0000
0.0000; 0.0000; 0.0000; 0.0000; 0.0000; 0.7606; 0.0141; 0.2254; 0.0000
0.0000; 0.3333; 0.0000; 0.0000; 0.0000; 0.0000; 0.6667; 0.0000; 0.0000
0.0435; 0.0580; 0.0000; 0.0000; 0.0145; 0.2754; 0.0435; 0.5652; 0.0000
Bootstrap 8
Run TT with 112 training and 56 tests
Run CD with 184 training and 93 tests
Run FKW with 75 training and 38 tests
Run KW with 91 training and 46 tests
Run LPLT with 40 training and 20 tests
Run RD with 142 training and 71 tests
Run WBD with 4 training and 3 tests
Run WSD with 136 training and 69 tests
Confusion Matrix 9.0
0.7679; 0.1964; 0.0000; 0.0000; 0.0000; 0.0179; 0.0000; 0.0179; 0.0000
0.0430; 0.6559; 0.0000; 0.0000; 0.0000; 0.1183; 0.1828; 0.0000; 0.0000
0.0000; 0.0000; 0.9737; 0.0000; 0.0000; 0.0263; 0.0000; 0.0000; 0.0000
0.0000; 0.0000; 0.0217; 0.8478; 0.1087; 0.0000; 0.0217; 0.0000; 0.0000
0.0000; 0.0000; 0.0000; 0.8000; 0.2000; 0.0000; 0.0000; 0.0000; 0.0000
0.0000; 0.0282; 0.0000; 0.0000; 0.0000; 0.6901; 0.0000; 0.2817; 0.0000
0.0000; 0.6667; 0.0000; 0.0000; 0.0000; 0.0000; 0.3333; 0.0000; 0.0000
0.0290; 0.0725; 0.0000; 0.0000; 0.0000; 0.2899; 0.0145; 0.5942; 0.0000
Bootstrap 9
Run TT with 112 training and 56 tests
Run CD with 184 training and 93 tests
Run FKW with 75 training and 38 tests
Run KW with 91 training and 46 tests
Run LPLT with 40 training and 20 tests
Run RD with 142 training and 71 tests
Run WBD with 4 training and 3 tests
Run WSD with 136 training and 69 tests
Confusion Matrix 10.0
0.7500; 0.1429; 0.0000; 0.0000; 0.0000; 0.0536; 0.0357; 0.0179; 0.0000
0.0538; 0.4516; 0.0000; 0.0000; 0.0000; 0.1613; 0.2581; 0.0753; 0.0000
0.0000; 0.0263; 0.9737; 0.0000; 0.0000; 0.0000; 0.0000; 0.0000; 0.0000
0.0000; 0.0000; 0.0000; 0.7391; 0.2174; 0.0000; 0.0435; 0.0000; 0.0000
0.0000; 0.0000; 0.0000; 0.2500; 0.7500; 0.0000; 0.0000; 0.0000; 0.0000
0.0000; 0.0000; 0.0000; 0.0000; 0.0000; 0.5775; 0.0141; 0.4085; 0.0000
0.0000; 0.6667; 0.0000; 0.0000; 0.0000; 0.0000; 0.3333; 0.0000; 0.0000
0.1304; 0.0145; 0.0000; 0.0000; 0.0000; 0.2319; 0.0580; 0.5652; 0.0000
Bootstrap 10
Run TT with 112 training and 56 tests
Run CD with 184 training and 93 tests
Run FKW with 75 training and 38 tests
Run KW with 91 training and 46 tests
Run LPLT with 40 training and 20 tests
Run RD with 142 training and 71 tests
Run WBD with 4 training and 3 tests
Run WSD with 136 training and 69 tests
Confusion Matrix 11.0
0.9107; 0.0000; 0.0179; 0.0000; 0.0179; 0.0357; 0.0000; 0.0179; 0.0000
0.0753; 0.4516; 0.0000; 0.0000; 0.0000; 0.0860; 0.3226; 0.0645; 0.0000
0.0000; 0.0000; 0.9737; 0.0000; 0.0000; 0.0000; 0.0263; 0.0000; 0.0000
0.0000; 0.0000; 0.0217; 0.8696; 0.1087; 0.0000; 0.0000; 0.0000; 0.0000
0.0000; 0.0000; 0.0000; 0.3500; 0.6500; 0.0000; 0.0000; 0.0000; 0.0000
0.0282; 0.0282; 0.0282; 0.0141; 0.0141; 0.6056; 0.0282; 0.2535; 0.0000
0.0000; 0.3333; 0.0000; 0.0000; 0.0000; 0.0000; 0.6667; 0.0000; 0.0000
0.0290; 0.0580; 0.0000; 0.0000; 0.0145; 0.3188; 0.0000; 0.5797; 0.0000
Bootstrap 11
Run TT with 112 training and 56 tests
Run CD with 184 training and 93 tests
Run FKW with 75 training and 38 tests
Run KW with 91 training and 46 tests
Run LPLT with 40 training and 20 tests
Run RD with 142 training and 71 tests
Run WBD with 4 training and 3 tests
Run WSD with 136 training and 69 tests
Confusion Matrix 12.0
0.9464; 0.0000; 0.0179; 0.0000; 0.0000; 0.0000; 0.0000; 0.0357; 0.0000
0.0538; 0.4516; 0.0000; 0.0000; 0.0000; 0.1183; 0.3656; 0.0108; 0.0000
0.0000; 0.0263; 0.8684; 0.0526; 0.0526; 0.0000; 0.0000; 0.0000; 0.0000
0.0000; 0.0000; 0.0217; 0.9783; 0.0000; 0.0000; 0.0000; 0.0000; 0.0000
0.0000; 0.0000; 0.0000; 0.7000; 0.3000; 0.0000; 0.0000; 0.0000; 0.0000
0.0282; 0.0141; 0.0000; 0.0141; 0.0141; 0.5915; 0.0282; 0.3099; 0.0000
0.0000; 0.0000; 0.0000; 0.0000; 0.0000; 0.0000; 1.0000; 0.0000; 0.0000
0.0290; 0.0435; 0.0000; 0.0000; 0.0000; 0.3333; 0.0435; 0.5507; 0.0000
Bootstrap 12
Run TT with 112 training and 56 tests
Run CD with 184 training and 93 tests
Run FKW with 75 training and 38 tests
Run KW with 91 training and 46 tests
Run LPLT with 40 training and 20 tests
Run RD with 142 training and 71 tests
Run WBD with 4 training and 3 tests
Run WSD with 136 training and 69 tests
Confusion Matrix 13.0
0.4107; 0.2143; 0.0536; 0.0000; 0.0000; 0.0179; 0.1250; 0.1786; 0.0000
0.0323; 0.5269; 0.0000; 0.0000; 0.0000; 0.0215; 0.4086; 0.0108; 0.0000
0.0000; 0.0263; 0.9211; 0.0263; 0.0263; 0.0000; 0.0000; 0.0000; 0.0000
0.0000; 0.0000; 0.1087; 0.7826; 0.0870; 0.0000; 0.0217; 0.0000; 0.0000
0.0000; 0.0000; 0.0000; 0.5500; 0.4500; 0.0000; 0.0000; 0.0000; 0.0000
0.0986; 0.2394; 0.0141; 0.0000; 0.0704; 0.4507; 0.0563; 0.0704; 0.0000
0.0000; 0.0000; 0.0000; 0.0000; 0.0000; 0.0000; 1.0000; 0.0000; 0.0000
0.0290; 0.1304; 0.0000; 0.0000; 0.0000; 0.2754; 0.0435; 0.5217; 0.0000
Bootstrap 13
Run TT with 112 training and 56 tests
Run CD with 184 training and 93 tests
Run FKW with 75 training and 38 tests
Run KW with 91 training and 46 tests
Run LPLT with 40 training and 20 tests
Run RD with 142 training and 71 tests
Run WBD with 4 training and 3 tests
Run WSD with 136 training and 69 tests
Confusion Matrix 14.0
0.9643; 0.0000; 0.0179; 0.0000; 0.0000; 0.0000; 0.0000; 0.0179; 0.0000
0.0538; 0.4301; 0.0000; 0.0000; 0.0000; 0.0753; 0.4301; 0.0108; 0.0000
0.0000; 0.0263; 0.8684; 0.0000; 0.0526; 0.0000; 0.0526; 0.0000; 0.0000
0.0000; 0.0000; 0.0435; 0.7174; 0.2391; 0.0000; 0.0000; 0.0000; 0.0000
0.0000; 0.0000; 0.0000; 0.7000; 0.3000; 0.0000; 0.0000; 0.0000; 0.0000
0.0000; 0.0141; 0.0000; 0.0000; 0.0000; 0.6901; 0.0000; 0.2958; 0.0000
0.0000; 0.0000; 0.0000; 0.0000; 0.0000; 0.0000; 1.0000; 0.0000; 0.0000
0.0290; 0.0725; 0.0000; 0.0000; 0.0000; 0.3043; 0.0435; 0.5507; 0.0000
Bootstrap 14
Run TT with 112 training and 56 tests
Run CD with 184 training and 93 tests
Run FKW with 75 training and 38 tests
Run KW with 91 training and 46 tests
Run LPLT with 40 training and 20 tests
Run RD with 142 training and 71 tests
Run WBD with 4 training and 3 tests
Run WSD with 136 training and 69 tests
Confusion Matrix 15.0
0.5000; 0.2500; 0.0179; 0.0000; 0.0000; 0.0179; 0.1250; 0.0893; 0.0000
0.0323; 0.4624; 0.0000; 0.0000; 0.0000; 0.0323; 0.4194; 0.0538; 0.0000
0.0000; 0.0263; 0.9737; 0.0000; 0.0000; 0.0000; 0.0000; 0.0000; 0.0000
0.0000; 0.0000; 0.0217; 0.8696; 0.1087; 0.0000; 0.0000; 0.0000; 0.0000
0.0000; 0.0000; 0.0000; 0.7000; 0.3000; 0.0000; 0.0000; 0.0000; 0.0000
0.0704; 0.1549; 0.0563; 0.0141; 0.0282; 0.4366; 0.1127; 0.1268; 0.0000
0.0000; 0.0000; 0.0000; 0.0000; 0.0000; 0.0000; 1.0000; 0.0000; 0.0000
0.0290; 0.0725; 0.0000; 0.0000; 0.0000; 0.3333; 0.0290; 0.5362; 0.0000
Bootstrap 15
Run TT with 112 training and 56 tests
Run CD with 184 training and 93 tests
Run FKW with 75 training and 38 tests
Run KW with 91 training and 46 tests
Run LPLT with 40 training and 20 tests
Run RD with 142 training and 71 tests
Run WBD with 4 training and 3 tests
Run WSD with 136 training and 69 tests
Confusion Matrix 16.0
0.9464; 0.0000; 0.0179; 0.0000; 0.0000; 0.0000; 0.0000; 0.0357; 0.0000
0.1398; 0.3548; 0.0000; 0.0000; 0.0000; 0.2688; 0.1720; 0.0645; 0.0000
0.0000; 0.0263; 0.9737; 0.0000; 0.0000; 0.0000; 0.0000; 0.0000; 0.0000
0.0000; 0.0000; 0.0217; 0.9130; 0.0652; 0.0000; 0.0000; 0.0000; 0.0000
0.0000; 0.0000; 0.0000; 0.8000; 0.2000; 0.0000; 0.0000; 0.0000; 0.0000
0.0000; 0.0282; 0.0000; 0.0000; 0.0000; 0.7324; 0.0000; 0.2394; 0.0000
0.0000; 0.3333; 0.0000; 0.0000; 0.0000; 0.0000; 0.6667; 0.0000; 0.0000
0.1159; 0.0580; 0.0000; 0.0000; 0.0000; 0.2464; 0.0435; 0.5362; 0.0000
Bootstrap 16
Run TT with 112 training and 56 tests
Run CD with 184 training and 93 tests
Run FKW with 75 training and 38 tests
Run KW with 91 training and 46 tests
Run LPLT with 40 training and 20 tests
Run RD with 142 training and 71 tests
Run WBD with 4 training and 3 tests
Run WSD with 136 training and 69 tests
Confusion Matrix 17.0
0.9286; 0.0000; 0.0000; 0.0000; 0.0000; 0.0000; 0.0000; 0.0714; 0.0000
0.1828; 0.3656; 0.0108; 0.0000; 0.0000; 0.3011; 0.0645; 0.0753; 0.0000
0.0000; 0.0263; 0.9474; 0.0263; 0.0000; 0.0000; 0.0000; 0.0000; 0.0000
0.0000; 0.0000; 0.0217; 0.7174; 0.2609; 0.0000; 0.0000; 0.0000; 0.0000
0.0000; 0.0000; 0.0000; 0.0500; 0.9500; 0.0000; 0.0000; 0.0000; 0.0000
0.0141; 0.0282; 0.0000; 0.0000; 0.0000; 0.6761; 0.0000; 0.2817; 0.0000
0.0000; 0.3333; 0.0000; 0.0000; 0.0000; 0.0000; 0.6667; 0.0000; 0.0000
0.1594; 0.0290; 0.0000; 0.0000; 0.0000; 0.2609; 0.0290; 0.5217; 0.0000
Bootstrap 17
Run TT with 112 training and 56 tests
Run CD with 184 training and 93 tests
Run FKW with 75 training and 38 tests
Run KW with 91 training and 46 tests
Run LPLT with 40 training and 20 tests
Run RD with 142 training and 71 tests
Run WBD with 4 training and 3 tests
Run WSD with 136 training and 69 tests
Confusion Matrix 18.0
0.7500; 0.0714; 0.0179; 0.0000; 0.0000; 0.0357; 0.0357; 0.0893; 0.0000
0.0645; 0.5376; 0.0000; 0.0000; 0.0000; 0.1398; 0.2581; 0.0000; 0.0000
0.0000; 0.0000; 0.8947; 0.0000; 0.0789; 0.0000; 0.0263; 0.0000; 0.0000
0.0000; 0.0000; 0.0217; 0.6957; 0.2826; 0.0000; 0.0000; 0.0000; 0.0000
0.0000; 0.0000; 0.0000; 0.2500; 0.7500; 0.0000; 0.0000; 0.0000; 0.0000
0.0000; 0.0141; 0.0000; 0.0000; 0.0000; 0.8169; 0.0000; 0.1690; 0.0000
0.0000; 0.0000; 0.0000; 0.0000; 0.0000; 0.0000; 1.0000; 0.0000; 0.0000
0.0290; 0.0435; 0.0000; 0.0000; 0.0000; 0.2319; 0.0290; 0.6667; 0.0000
Bootstrap 18
Run TT with 112 training and 56 tests
Run CD with 184 training and 93 tests
Run FKW with 75 training and 38 tests
Run KW with 91 training and 46 tests
Run LPLT with 40 training and 20 tests
Run RD with 142 training and 71 tests
Run WBD with 4 training and 3 tests
Run WSD with 136 training and 69 tests
Confusion Matrix 19.0
0.9464; 0.0000; 0.0179; 0.0000; 0.0000; 0.0000; 0.0000; 0.0357; 0.0000
0.1398; 0.3548; 0.0108; 0.0000; 0.0000; 0.2903; 0.0968; 0.1075; 0.0000
0.0000; 0.0000; 0.9474; 0.0000; 0.0526; 0.0000; 0.0000; 0.0000; 0.0000
0.0000; 0.0000; 0.0000; 0.9348; 0.0652; 0.0000; 0.0000; 0.0000; 0.0000
0.0000; 0.0000; 0.0000; 0.7500; 0.2500; 0.0000; 0.0000; 0.0000; 0.0000
0.0000; 0.0986; 0.0000; 0.0000; 0.0000; 0.4930; 0.0423; 0.3662; 0.0000
0.0000; 0.6667; 0.0000; 0.0000; 0.0000; 0.0000; 0.3333; 0.0000; 0.0000
0.0435; 0.0435; 0.0000; 0.0000; 0.0000; 0.2754; 0.0435; 0.5942; 0.0000
Bootstrap 19
Run TT with 112 training and 56 tests
Run CD with 184 training and 93 tests
Run FKW with 75 training and 38 tests
Run KW with 91 training and 46 tests
Run LPLT with 40 training and 20 tests
Run RD with 142 training and 71 tests
Run WBD with 4 training and 3 tests
Run WSD with 136 training and 69 tests
Confusion Matrix 20.0
0.8036; 0.0893; 0.0000; 0.0000; 0.0179; 0.0179; 0.0357; 0.0357; 0.0000
0.0538; 0.4731; 0.0000; 0.0000; 0.0000; 0.1613; 0.3118; 0.0000; 0.0000
0.0000; 0.0000; 1.0000; 0.0000; 0.0000; 0.0000; 0.0000; 0.0000; 0.0000
0.0000; 0.0000; 0.0000; 0.8913; 0.1087; 0.0000; 0.0000; 0.0000; 0.0000
0.0000; 0.0000; 0.0500; 0.2500; 0.7000; 0.0000; 0.0000; 0.0000; 0.0000
0.0000; 0.0141; 0.0000; 0.0000; 0.0000; 0.7606; 0.0000; 0.2254; 0.0000
0.0000; 0.0000; 0.0000; 0.0000; 0.0000; 0.0000; 1.0000; 0.0000; 0.0000
0.0580; 0.0870; 0.0000; 0.0000; 0.0000; 0.2319; 0.0435; 0.5797; 0.0000
Bootstrap 20
Run TT with 112 training and 56 tests
Run CD with 184 training and 93 tests
Run FKW with 75 training and 38 tests
Run KW with 91 training and 46 tests
Run LPLT with 40 training and 20 tests
Run RD with 142 training and 71 tests
Run WBD with 4 training and 3 tests
Run WSD with 136 training and 69 tests
Confusion Matrix 21.0
0.8393; 0.0357; 0.0357; 0.0000; 0.0179; 0.0179; 0.0000; 0.0536; 0.0000
0.0645; 0.5054; 0.0000; 0.0000; 0.0000; 0.2043; 0.1613; 0.0645; 0.0000
0.0000; 0.0263; 0.8684; 0.0000; 0.0526; 0.0000; 0.0526; 0.0000; 0.0000
0.0000; 0.0000; 0.0217; 0.8696; 0.1087; 0.0000; 0.0000; 0.0000; 0.0000
0.0000; 0.0000; 0.0000; 0.8000; 0.2000; 0.0000; 0.0000; 0.0000; 0.0000
0.0000; 0.0141; 0.0000; 0.0000; 0.0000; 0.7324; 0.0141; 0.2394; 0.0000
0.0000; 0.3333; 0.0000; 0.0000; 0.0000; 0.0000; 0.6667; 0.0000; 0.0000
0.0290; 0.0145; 0.0000; 0.0000; 0.0145; 0.3043; 0.0000; 0.6377; 0.0000
Bootstrap 21
Run TT with 112 training and 56 tests
Run CD with 184 training and 93 tests
Run FKW with 75 training and 38 tests
Run KW with 91 training and 46 tests
Run LPLT with 40 training and 20 tests
Run RD with 142 training and 71 tests
Run WBD with 4 training and 3 tests
Run WSD with 136 training and 69 tests
Confusion Matrix 22.0
0.7321; 0.0714; 0.0179; 0.0000; 0.0000; 0.0357; 0.0357; 0.1071; 0.0000
0.0538; 0.5591; 0.0108; 0.0000; 0.0000; 0.0538; 0.3118; 0.0108; 0.0000
0.0000; 0.0263; 0.8947; 0.0000; 0.0789; 0.0000; 0.0000; 0.0000; 0.0000
0.0000; 0.0000; 0.0217; 0.7609; 0.2174; 0.0000; 0.0000; 0.0000; 0.0000
0.0000; 0.0000; 0.0000; 0.3500; 0.6500; 0.0000; 0.0000; 0.0000; 0.0000
0.0845; 0.1972; 0.0141; 0.0000; 0.0423; 0.4648; 0.0845; 0.1127; 0.0000
0.0000; 0.6667; 0.0000; 0.0000; 0.0000; 0.0000; 0.3333; 0.0000; 0.0000
0.0725; 0.0580; 0.0000; 0.0000; 0.0145; 0.3478; 0.0290; 0.4783; 0.0000
Bootstrap 22
Run TT with 112 training and 56 tests
Run CD with 184 training and 93 tests
Run FKW with 75 training and 38 tests
Run KW with 91 training and 46 tests
Run LPLT with 40 training and 20 tests
Run RD with 142 training and 71 tests
Run WBD with 4 training and 3 tests
Run WSD with 136 training and 69 tests
Confusion Matrix 23.0
0.3929; 0.3750; 0.0357; 0.0000; 0.0179; 0.0179; 0.0893; 0.0714; 0.0000
0.1183; 0.3763; 0.0108; 0.0000; 0.0000; 0.2688; 0.1290; 0.0968; 0.0000
0.0000; 0.0526; 0.9211; 0.0000; 0.0263; 0.0000; 0.0000; 0.0000; 0.0000
0.0000; 0.0000; 0.0435; 0.8478; 0.1087; 0.0000; 0.0000; 0.0000; 0.0000
0.0000; 0.0000; 0.0000; 0.0500; 0.9500; 0.0000; 0.0000; 0.0000; 0.0000
0.1127; 0.1690; 0.0141; 0.0000; 0.0563; 0.4789; 0.0563; 0.1127; 0.0000
0.0000; 0.3333; 0.0000; 0.0000; 0.0000; 0.0000; 0.6667; 0.0000; 0.0000
0.0145; 0.0870; 0.0000; 0.0000; 0.0000; 0.3478; 0.0580; 0.4928; 0.0000
Bootstrap 23
Run TT with 112 training and 56 tests
Run CD with 184 training and 93 tests
Run FKW with 75 training and 38 tests
Run KW with 91 training and 46 tests
Run LPLT with 40 training and 20 tests
Run RD with 142 training and 71 tests
Run WBD with 4 training and 3 tests
Run WSD with 136 training and 69 tests
Confusion Matrix 24.0
0.6607; 0.1964; 0.0000; 0.0000; 0.0000; 0.0536; 0.0179; 0.0714; 0.0000
0.1075; 0.4839; 0.0000; 0.0000; 0.0000; 0.2473; 0.0968; 0.0645; 0.0000
0.0000; 0.0789; 0.8947; 0.0000; 0.0263; 0.0000; 0.0000; 0.0000; 0.0000
0.0000; 0.0000; 0.0217; 0.7609; 0.1957; 0.0000; 0.0217; 0.0000; 0.0000
0.0000; 0.0000; 0.0000; 0.1000; 0.9000; 0.0000; 0.0000; 0.0000; 0.0000
0.0704; 0.1972; 0.0000; 0.0000; 0.0000; 0.5070; 0.0282; 0.1972; 0.0000
0.0000; 0.3333; 0.0000; 0.0000; 0.0000; 0.0000; 0.6667; 0.0000; 0.0000
0.0580; 0.1159; 0.0000; 0.0000; 0.0000; 0.2174; 0.0435; 0.5652; 0.0000
Bootstrap 24
Run TT with 112 training and 56 tests
Run CD with 184 training and 93 tests
Run FKW with 75 training and 38 tests
Run KW with 91 training and 46 tests
Run LPLT with 40 training and 20 tests
Run RD with 142 training and 71 tests
Run WBD with 4 training and 3 tests
Run WSD with 136 training and 69 tests
Confusion Matrix 25.0
0.2857; 0.3929; 0.0714; 0.0000; 0.0000; 0.0179; 0.1250; 0.1071; 0.0000
0.0430; 0.6452; 0.0000; 0.0000; 0.0000; 0.0753; 0.1505; 0.0860; 0.0000
0.0000; 0.0000; 0.9474; 0.0263; 0.0263; 0.0000; 0.0000; 0.0000; 0.0000
0.0000; 0.0000; 0.0435; 0.8478; 0.1087; 0.0000; 0.0000; 0.0000; 0.0000
0.0000; 0.0000; 0.0000; 0.4500; 0.5500; 0.0000; 0.0000; 0.0000; 0.0000
0.1127; 0.1268; 0.0423; 0.0000; 0.0563; 0.4648; 0.0704; 0.1268; 0.0000
0.0000; 0.3333; 0.0000; 0.0000; 0.0000; 0.0000; 0.6667; 0.0000; 0.0000
0.0580; 0.0870; 0.0000; 0.0000; 0.0145; 0.2899; 0.0145; 0.5362; 0.0000
Bootstrap 25
Run TT with 112 training and 56 tests
Run CD with 184 training and 93 tests
Run FKW with 75 training and 38 tests
Run KW with 91 training and 46 tests
Run LPLT with 40 training and 20 tests
Run RD with 142 training and 71 tests
Run WBD with 4 training and 3 tests
Run WSD with 136 training and 69 tests
Confusion Matrix 26.0
0.4464; 0.2321; 0.0536; 0.0000; 0.0000; 0.0536; 0.0714; 0.1429; 0.0000
0.0538; 0.5914; 0.0000; 0.0000; 0.0000; 0.0860; 0.2688; 0.0000; 0.0000
0.0000; 0.0263; 0.9474; 0.0000; 0.0263; 0.0000; 0.0000; 0.0000; 0.0000
0.0000; 0.0000; 0.0435; 0.8043; 0.1522; 0.0000; 0.0000; 0.0000; 0.0000
0.0000; 0.0000; 0.0000; 0.5500; 0.4500; 0.0000; 0.0000; 0.0000; 0.0000
0.0845; 0.1690; 0.0000; 0.0000; 0.0000; 0.4507; 0.0986; 0.1972; 0.0000
0.0000; 0.0000; 0.0000; 0.0000; 0.0000; 0.0000; 1.0000; 0.0000; 0.0000
0.0580; 0.0580; 0.0000; 0.0000; 0.0000; 0.2464; 0.0435; 0.5942; 0.0000
Bootstrap 26
Run TT with 112 training and 56 tests
Run CD with 184 training and 93 tests
Run FKW with 75 training and 38 tests
Run KW with 91 training and 46 tests
Run LPLT with 40 training and 20 tests
Run RD with 142 training and 71 tests
Run WBD with 4 training and 3 tests
Run WSD with 136 training and 69 tests
Confusion Matrix 27.0
0.4286; 0.3214; 0.0179; 0.0000; 0.0000; 0.1071; 0.0714; 0.0536; 0.0000
0.1183; 0.3011; 0.0000; 0.0000; 0.0000; 0.3978; 0.0968; 0.0860; 0.0000
0.0000; 0.0000; 1.0000; 0.0000; 0.0000; 0.0000; 0.0000; 0.0000; 0.0000
0.0000; 0.0000; 0.0652; 0.8696; 0.0652; 0.0000; 0.0000; 0.0000; 0.0000
0.0000; 0.0000; 0.0000; 0.6500; 0.3500; 0.0000; 0.0000; 0.0000; 0.0000
0.0000; 0.0000; 0.0000; 0.0000; 0.0000; 0.7183; 0.0000; 0.2817; 0.0000
0.0000; 0.3333; 0.0000; 0.0000; 0.0000; 0.0000; 0.6667; 0.0000; 0.0000
0.0580; 0.0435; 0.0000; 0.0000; 0.0000; 0.2899; 0.0435; 0.5652; 0.0000
Bootstrap 27
Run TT with 112 training and 56 tests
Run CD with 184 training and 93 tests
Run FKW with 75 training and 38 tests
Run KW with 91 training and 46 tests
Run LPLT with 40 training and 20 tests
Run RD with 142 training and 71 tests
Run WBD with 4 training and 3 tests
Run WSD with 136 training and 69 tests
Confusion Matrix 28.0
0.7500; 0.1786; 0.0000; 0.0000; 0.0000; 0.0714; 0.0000; 0.0000; 0.0000
0.1183; 0.4194; 0.0000; 0.0000; 0.0000; 0.2581; 0.1075; 0.0968; 0.0000
0.0000; 0.0263; 0.8947; 0.0000; 0.0789; 0.0000; 0.0000; 0.0000; 0.0000
0.0000; 0.0000; 0.0435; 0.7391; 0.2174; 0.0000; 0.0000; 0.0000; 0.0000
0.0000; 0.0000; 0.0000; 0.2500; 0.7500; 0.0000; 0.0000; 0.0000; 0.0000
0.0000; 0.0000; 0.0000; 0.0000; 0.0000; 0.6761; 0.0000; 0.3239; 0.0000
0.0000; 0.6667; 0.0000; 0.0000; 0.0000; 0.0000; 0.3333; 0.0000; 0.0000
0.0290; 0.0290; 0.0000; 0.0000; 0.0000; 0.2899; 0.0290; 0.6232; 0.0000
Bootstrap 28
Run TT with 112 training and 56 tests
Run CD with 184 training and 93 tests
Run FKW with 75 training and 38 tests
Run KW with 91 training and 46 tests
Run LPLT with 40 training and 20 tests
Run RD with 142 training and 71 tests
Run WBD with 4 training and 3 tests
Run WSD with 136 training and 69 tests
Confusion Matrix 29.0
0.9107; 0.0357; 0.0179; 0.0000; 0.0000; 0.0000; 0.0000; 0.0357; 0.0000
0.0860; 0.5914; 0.0000; 0.0000; 0.0000; 0.0968; 0.1720; 0.0538; 0.0000
0.0000; 0.0263; 0.8684; 0.0000; 0.0789; 0.0000; 0.0263; 0.0000; 0.0000
0.0000; 0.0000; 0.0435; 0.7826; 0.1739; 0.0000; 0.0000; 0.0000; 0.0000
0.0000; 0.0000; 0.0000; 0.7500; 0.2500; 0.0000; 0.0000; 0.0000; 0.0000
0.0986; 0.1972; 0.0282; 0.0000; 0.0563; 0.4366; 0.0704; 0.1127; 0.0000
0.0000; 0.6667; 0.0000; 0.0000; 0.0000; 0.0000; 0.3333; 0.0000; 0.0000
0.0725; 0.0725; 0.0000; 0.0000; 0.0000; 0.3043; 0.0000; 0.5507; 0.0000
Bootstrap 29
Run TT with 112 training and 56 tests
Run CD with 184 training and 93 tests
Run FKW with 75 training and 38 tests
Run KW with 91 training and 46 tests
Run LPLT with 40 training and 20 tests
Run RD with 142 training and 71 tests
Run WBD with 4 training and 3 tests
Run WSD with 136 training and 69 tests
Confusion Matrix 30.0
0.4107; 0.2857; 0.0536; 0.0000; 0.0000; 0.0536; 0.1071; 0.0893; 0.0000
0.0430; 0.5376; 0.0000; 0.0000; 0.0000; 0.0430; 0.3548; 0.0215; 0.0000
0.0000; 0.0000; 0.8947; 0.0000; 0.0789; 0.0000; 0.0263; 0.0000; 0.0000
0.0000; 0.0000; 0.0217; 0.7609; 0.2174; 0.0000; 0.0000; 0.0000; 0.0000
0.0000; 0.0000; 0.0500; 0.1500; 0.8000; 0.0000; 0.0000; 0.0000; 0.0000
0.0986; 0.1831; 0.0282; 0.0000; 0.0563; 0.4930; 0.0986; 0.0423; 0.0000
0.0000; 0.0000; 0.0000; 0.0000; 0.0000; 0.0000; 1.0000; 0.0000; 0.0000
0.0435; 0.1304; 0.0000; 0.0000; 0.0000; 0.2174; 0.0435; 0.5652; 0.0000
Mean confusion
0.7054; 0.1476; 0.0220; 0.0000; 0.0036; 0.0310; 0.0345; 0.0560; 0.0000
0.0832; 0.4796; 0.0014; 0.0000; 0.0000; 0.1742; 0.2133; 0.0484; 0.0000
0.0000; 0.0202; 0.9316; 0.0053; 0.0333; 0.0018; 0.0079; 0.0000; 0.0000
0.0000; 0.0000; 0.0312; 0.8094; 0.1529; 0.0000; 0.0065; 0.0000; 0.0000
0.0000; 0.0000; 0.0083; 0.4967; 0.4950; 0.0000; 0.0000; 0.0000; 0.0000
0.0418; 0.0930; 0.0103; 0.0023; 0.0207; 0.5812; 0.0357; 0.2150; 0.0000
0.0000; 0.3222; 0.0000; 0.0000; 0.0000; 0.0000; 0.6778; 0.0000; 0.0000
0.0531; 0.0710; 0.0000; 0.0000; 0.0043; 0.2807; 0.0295; 0.5614; 0.0000
STD Confusion
0.2212; 0.1417; 0.0186; 0.0000; 0.0073; 0.0331; 0.0432; 0.0408; 0.0000
0.0381; 0.1019; 0.0037; 0.0000; 0.0000; 0.1081; 0.1146; 0.0387; 0.0000
0.0000; 0.0192; 0.0395; 0.0127; 0.0293; 0.0067; 0.0157; 0.0000; 0.0000
0.0000; 0.0000; 0.0306; 0.0842; 0.0780; 0.0000; 0.0116; 0.0000; 0.0000
0.0000; 0.0000; 0.0231; 0.2738; 0.2637; 0.0000; 0.0000; 0.0000; 0.0000
0.0457; 0.0835; 0.0152; 0.0053; 0.0269; 0.1238; 0.0360; 0.0901; 0.0000
0.0000; 0.2550; 0.0000; 0.0000; 0.0000; 0.0000; 0.2550; 0.0000; 0.0000
0.0335; 0.0335; 0.0000; 0.0000; 0.0068; 0.0383; 0.0180; 0.0399; 0.0000
Lower 95% CI
0.2857; 0.0000; 0.0000; 0.0000; 0.0000; 0.0000; 0.0000; 0.0000; 0.0000
0.0323; 0.3011; 0.0000; 0.0000; 0.0000; 0.0215; 0.0645; 0.0000; 0.0000
0.0000; 0.0000; 0.8684; 0.0000; 0.0000; 0.0000; 0.0000; 0.0000; 0.0000
0.0000; 0.0000; 0.0000; 0.6304; 0.0000; 0.0000; 0.0000; 0.0000; 0.0000
0.0000; 0.0000; 0.0000; 0.0500; 0.1500; 0.0000; 0.0000; 0.0000; 0.0000
0.0000; 0.0000; 0.0000; 0.0000; 0.0000; 0.4225; 0.0000; 0.0423; 0.0000
0.0000; 0.0000; 0.0000; 0.0000; 0.0000; 0.0000; 0.3333; 0.0000; 0.0000
0.0145; 0.0145; 0.0000; 0.0000; 0.0000; 0.2174; 0.0000; 0.4783; 0.0000
Upper 95% CI
0.9643; 0.4464; 0.0714; 0.0000; 0.0179; 0.1071; 0.1250; 0.1786; 0.0000
0.1828; 0.7097; 0.0108; 0.0000; 0.0000; 0.3978; 0.4301; 0.1290; 0.0000
0.0000; 0.0789; 1.0000; 0.0526; 0.0789; 0.0263; 0.0526; 0.0000; 0.0000
0.0000; 0.0000; 0.1304; 0.9783; 0.3478; 0.0000; 0.0435; 0.0000; 0.0000
0.0000; 0.0000; 0.1000; 0.8500; 0.9500; 0.0000; 0.0000; 0.0000; 0.0000
0.1127; 0.2394; 0.0563; 0.0141; 0.0704; 0.8169; 0.1127; 0.4085; 0.0000
0.0000; 0.6667; 0.0000; 0.0000; 0.0000; 0.0000; 1.0000; 0.0000; 0.0000
0.1594; 0.1304; 0.0000; 0.0000; 0.0145; 0.3478; 0.0580; 0.6667; 0.0000
Run TT with 168 training and 0 tests
Run CD with 277 training and 0 tests
Run FKW with 113 training and 0 tests
Run KW with 137 training and 0 tests
Run LPLT with 60 training and 0 tests
Run RD with 213 training and 0 tests
Run WBD with 7 training and 0 tests
Run WSD with 205 training and 0 tests