Total Bootstraps 30
Num Species 8
FragmentLength 20; Section Length 40
TT; CD; FKW; KW; LPLT; RD; WBD; WSD
Bootstrap 0
Run TT with 239 training and 120 tests
Run CD with 386 training and 194 tests
Run FKW with 146 training and 74 tests
Run KW with 200 training and 100 tests
Run LPLT with 88 training and 45 tests
Run RD with 313 training and 157 tests
Run WBD with 9 training and 5 tests
Run WSD with 299 training and 150 tests
Confusion Matrix 1.0
0.6417; 0.1250; 0.0250; 0.0000; 0.0000; 0.0667; 0.0583; 0.0833; 0.0000
0.0876; 0.3608; 0.0103; 0.0000; 0.0000; 0.2577; 0.1546; 0.1289; 0.0000
0.0000; 0.0135; 0.8514; 0.0405; 0.0811; 0.0000; 0.0135; 0.0000; 0.0000
0.0000; 0.0000; 0.0300; 0.7200; 0.2300; 0.0000; 0.0200; 0.0000; 0.0000
0.0222; 0.0222; 0.0000; 0.1556; 0.7333; 0.0000; 0.0667; 0.0000; 0.0000
0.0000; 0.0255; 0.0000; 0.0000; 0.0000; 0.6433; 0.0064; 0.3248; 0.0000
0.0000; 0.2000; 0.0000; 0.0000; 0.0000; 0.0000; 0.8000; 0.0000; 0.0000
0.1400; 0.0400; 0.0133; 0.0000; 0.0000; 0.2333; 0.0333; 0.5400; 0.0000
Bootstrap 1
Run TT with 239 training and 120 tests
Run CD with 386 training and 194 tests
Run FKW with 146 training and 74 tests
Run KW with 200 training and 100 tests
Run LPLT with 88 training and 45 tests
Run RD with 313 training and 157 tests
Run WBD with 9 training and 5 tests
Run WSD with 299 training and 150 tests
Confusion Matrix 2.0
0.4000; 0.2583; 0.0667; 0.0000; 0.0083; 0.0750; 0.1000; 0.0917; 0.0000
0.0722; 0.4124; 0.0103; 0.0000; 0.0000; 0.2835; 0.0825; 0.1392; 0.0000
0.0135; 0.0270; 0.8649; 0.0000; 0.0811; 0.0000; 0.0135; 0.0000; 0.0000
0.0000; 0.0000; 0.0700; 0.5500; 0.3300; 0.0000; 0.0500; 0.0000; 0.0000
0.0000; 0.0000; 0.0000; 0.2000; 0.7556; 0.0000; 0.0444; 0.0000; 0.0000
0.0000; 0.0191; 0.0000; 0.0000; 0.0000; 0.5478; 0.0000; 0.4331; 0.0000
0.0000; 0.8000; 0.0000; 0.0000; 0.0000; 0.2000; 0.0000; 0.0000; 0.0000
0.0733; 0.0467; 0.0133; 0.0000; 0.0000; 0.2733; 0.0200; 0.5733; 0.0000
Bootstrap 2
Run TT with 239 training and 120 tests
Run CD with 386 training and 194 tests
Run FKW with 146 training and 74 tests
Run KW with 200 training and 100 tests
Run LPLT with 88 training and 45 tests
Run RD with 313 training and 157 tests
Run WBD with 9 training and 5 tests
Run WSD with 299 training and 150 tests
Confusion Matrix 3.0
0.7250; 0.0583; 0.0167; 0.0000; 0.0250; 0.0500; 0.0333; 0.0917; 0.0000
0.1031; 0.4330; 0.0103; 0.0000; 0.0000; 0.2629; 0.0979; 0.0928; 0.0000
0.0135; 0.0135; 0.9054; 0.0135; 0.0541; 0.0000; 0.0000; 0.0000; 0.0000
0.0000; 0.0000; 0.0900; 0.6600; 0.2400; 0.0000; 0.0100; 0.0000; 0.0000
0.0000; 0.0000; 0.0000; 0.5778; 0.4222; 0.0000; 0.0000; 0.0000; 0.0000
0.0064; 0.0764; 0.0000; 0.0000; 0.0000; 0.4904; 0.0318; 0.3949; 0.0000
0.0000; 0.2000; 0.0000; 0.0000; 0.0000; 0.2000; 0.6000; 0.0000; 0.0000
0.1267; 0.0333; 0.0067; 0.0000; 0.0000; 0.3333; 0.0200; 0.4800; 0.0000
Bootstrap 3
Run TT with 239 training and 120 tests
Run CD with 386 training and 194 tests
Run FKW with 146 training and 74 tests
Run KW with 200 training and 100 tests
Run LPLT with 88 training and 45 tests
Run RD with 313 training and 157 tests
Run WBD with 9 training and 5 tests
Run WSD with 299 training and 150 tests
Confusion Matrix 4.0
0.7917; 0.0333; 0.0083; 0.0000; 0.0333; 0.0583; 0.0167; 0.0583; 0.0000
0.0876; 0.3351; 0.0052; 0.0000; 0.0000; 0.1237; 0.3918; 0.0567; 0.0000
0.0000; 0.0000; 0.9189; 0.0000; 0.0541; 0.0000; 0.0270; 0.0000; 0.0000
0.0000; 0.0000; 0.0200; 0.8600; 0.1200; 0.0000; 0.0000; 0.0000; 0.0000
0.0000; 0.0000; 0.0000; 0.6000; 0.4000; 0.0000; 0.0000; 0.0000; 0.0000
0.1146; 0.1274; 0.0255; 0.0127; 0.0828; 0.4331; 0.1019; 0.1019; 0.0000
0.0000; 0.0000; 0.0000; 0.0000; 0.0000; 0.0000; 1.0000; 0.0000; 0.0000
0.0667; 0.0933; 0.0067; 0.0000; 0.0000; 0.3200; 0.0267; 0.4867; 0.0000
Bootstrap 4
Run TT with 239 training and 120 tests
Run CD with 386 training and 194 tests
Run FKW with 146 training and 74 tests
Run KW with 200 training and 100 tests
Run LPLT with 88 training and 45 tests
Run RD with 313 training and 157 tests
Run WBD with 9 training and 5 tests
Run WSD with 299 training and 150 tests
Confusion Matrix 5.0
0.8500; 0.0167; 0.0417; 0.0000; 0.0000; 0.0083; 0.0083; 0.0750; 0.0000
0.1546; 0.3196; 0.0052; 0.0000; 0.0000; 0.2371; 0.1237; 0.1598; 0.0000
0.0270; 0.0270; 0.8649; 0.0270; 0.0270; 0.0000; 0.0270; 0.0000; 0.0000
0.0000; 0.0000; 0.0300; 0.8700; 0.0900; 0.0000; 0.0100; 0.0000; 0.0000
0.0000; 0.0000; 0.0000; 0.4000; 0.6000; 0.0000; 0.0000; 0.0000; 0.0000
0.0000; 0.0127; 0.0000; 0.0000; 0.0000; 0.5860; 0.0064; 0.3949; 0.0000
0.0000; 0.2000; 0.0000; 0.0000; 0.0000; 0.0000; 0.8000; 0.0000; 0.0000
0.1000; 0.0667; 0.0067; 0.0000; 0.0000; 0.2733; 0.0333; 0.5200; 0.0000
Bootstrap 5
Run TT with 239 training and 120 tests
Run CD with 386 training and 194 tests
Run FKW with 146 training and 74 tests
Run KW with 200 training and 100 tests
Run LPLT with 88 training and 45 tests
Run RD with 313 training and 157 tests
Run WBD with 9 training and 5 tests
Run WSD with 299 training and 150 tests
Confusion Matrix 6.0
0.3583; 0.3083; 0.0667; 0.0000; 0.0000; 0.0833; 0.1167; 0.0667; 0.0000
0.1186; 0.4485; 0.0103; 0.0000; 0.0000; 0.2474; 0.0670; 0.1082; 0.0000
0.0000; 0.0000; 0.9189; 0.0000; 0.0405; 0.0000; 0.0405; 0.0000; 0.0000
0.0000; 0.0000; 0.0100; 0.8200; 0.1500; 0.0000; 0.0200; 0.0000; 0.0000
0.0000; 0.0000; 0.0444; 0.2444; 0.7111; 0.0000; 0.0000; 0.0000; 0.0000
0.0828; 0.2038; 0.0000; 0.0064; 0.0191; 0.4013; 0.0637; 0.2229; 0.0000
0.0000; 0.2000; 0.2000; 0.0000; 0.0000; 0.0000; 0.6000; 0.0000; 0.0000
0.1200; 0.0800; 0.0000; 0.0000; 0.0000; 0.2600; 0.0467; 0.4933; 0.0000
Bootstrap 6
Run TT with 239 training and 120 tests
Run CD with 386 training and 194 tests
Run FKW with 146 training and 74 tests
Run KW with 200 training and 100 tests
Run LPLT with 88 training and 45 tests
Run RD with 313 training and 157 tests
Run WBD with 9 training and 5 tests
Run WSD with 299 training and 150 tests
Confusion Matrix 7.0
0.6833; 0.0750; 0.0500; 0.0000; 0.0167; 0.0333; 0.0500; 0.0917; 0.0000
0.1134; 0.3557; 0.0052; 0.0000; 0.0000; 0.2474; 0.1701; 0.1082; 0.0000
0.0000; 0.0541; 0.8784; 0.0405; 0.0135; 0.0000; 0.0135; 0.0000; 0.0000
0.0000; 0.0000; 0.0300; 0.7700; 0.1800; 0.0000; 0.0200; 0.0000; 0.0000
0.0000; 0.0000; 0.0222; 0.4889; 0.4889; 0.0000; 0.0000; 0.0000; 0.0000
0.0064; 0.0764; 0.0000; 0.0000; 0.0000; 0.5287; 0.0064; 0.3822; 0.0000
0.0000; 0.0000; 0.0000; 0.0000; 0.0000; 0.0000; 1.0000; 0.0000; 0.0000
0.0800; 0.0467; 0.0000; 0.0000; 0.0000; 0.2867; 0.0600; 0.5267; 0.0000
Bootstrap 7
Run TT with 239 training and 120 tests
Run CD with 386 training and 194 tests
Run FKW with 146 training and 74 tests
Run KW with 200 training and 100 tests
Run LPLT with 88 training and 45 tests
Run RD with 313 training and 157 tests
Run WBD with 9 training and 5 tests
Run WSD with 299 training and 150 tests
Confusion Matrix 8.0
0.3667; 0.3000; 0.0417; 0.0083; 0.0167; 0.0333; 0.1250; 0.1083; 0.0000
0.0515; 0.4433; 0.0103; 0.0000; 0.0000; 0.1340; 0.3093; 0.0515; 0.0000
0.0000; 0.0270; 0.9324; 0.0135; 0.0135; 0.0000; 0.0000; 0.0135; 0.0000
0.0000; 0.0000; 0.0100; 0.8100; 0.1800; 0.0000; 0.0000; 0.0000; 0.0000
0.0000; 0.0000; 0.0222; 0.4667; 0.5111; 0.0000; 0.0000; 0.0000; 0.0000
0.0701; 0.1465; 0.0255; 0.0191; 0.0892; 0.4395; 0.0382; 0.1720; 0.0000
0.0000; 0.4000; 0.0000; 0.0000; 0.0000; 0.0000; 0.6000; 0.0000; 0.0000
0.0600; 0.1067; 0.0000; 0.0000; 0.0000; 0.3000; 0.0400; 0.4933; 0.0000
Bootstrap 8
Run TT with 239 training and 120 tests
Run CD with 386 training and 194 tests
Run FKW with 146 training and 74 tests
Run KW with 200 training and 100 tests
Run LPLT with 88 training and 45 tests
Run RD with 313 training and 157 tests
Run WBD with 9 training and 5 tests
Run WSD with 299 training and 150 tests
Confusion Matrix 9.0
0.6917; 0.0833; 0.0167; 0.0000; 0.0000; 0.0417; 0.0833; 0.0833; 0.0000
0.0825; 0.5000; 0.0000; 0.0000; 0.0000; 0.1340; 0.1959; 0.0876; 0.0000
0.0135; 0.0270; 0.8784; 0.0000; 0.0541; 0.0000; 0.0270; 0.0000; 0.0000
0.0000; 0.0000; 0.1100; 0.5200; 0.3400; 0.0000; 0.0300; 0.0000; 0.0000
0.0000; 0.0000; 0.0222; 0.2444; 0.6889; 0.0000; 0.0444; 0.0000; 0.0000
0.0064; 0.0828; 0.0000; 0.0000; 0.0000; 0.7070; 0.0000; 0.2038; 0.0000
0.0000; 0.2000; 0.0000; 0.0000; 0.0000; 0.4000; 0.4000; 0.0000; 0.0000
0.0600; 0.0800; 0.0067; 0.0000; 0.0000; 0.3400; 0.0200; 0.4933; 0.0000
Bootstrap 9
Run TT with 239 training and 120 tests
Run CD with 386 training and 194 tests
Run FKW with 146 training and 74 tests
Run KW with 200 training and 100 tests
Run LPLT with 88 training and 45 tests
Run RD with 313 training and 157 tests
Run WBD with 9 training and 5 tests
Run WSD with 299 training and 150 tests
Confusion Matrix 10.0
0.8583; 0.0083; 0.0417; 0.0000; 0.0083; 0.0250; 0.0250; 0.0333; 0.0000
0.1134; 0.4639; 0.0052; 0.0000; 0.0000; 0.1804; 0.1340; 0.1031; 0.0000
0.0135; 0.0405; 0.9189; 0.0135; 0.0135; 0.0000; 0.0000; 0.0000; 0.0000
0.0000; 0.0000; 0.0600; 0.5700; 0.3200; 0.0000; 0.0500; 0.0000; 0.0000
0.0000; 0.0000; 0.0444; 0.3333; 0.6222; 0.0000; 0.0000; 0.0000; 0.0000
0.0000; 0.0127; 0.0000; 0.0000; 0.0000; 0.6688; 0.0000; 0.3185; 0.0000
0.0000; 0.4000; 0.0000; 0.0000; 0.0000; 0.4000; 0.2000; 0.0000; 0.0000
0.0933; 0.0733; 0.0133; 0.0000; 0.0000; 0.2400; 0.0333; 0.5467; 0.0000
Bootstrap 10
Run TT with 239 training and 120 tests
Run CD with 386 training and 194 tests
Run FKW with 146 training and 74 tests
Run KW with 200 training and 100 tests
Run LPLT with 88 training and 45 tests
Run RD with 313 training and 157 tests
Run WBD with 9 training and 5 tests
Run WSD with 299 training and 150 tests
Confusion Matrix 11.0
0.7083; 0.0750; 0.0167; 0.0000; 0.0167; 0.0583; 0.0500; 0.0750; 0.0000
0.1134; 0.3866; 0.0103; 0.0000; 0.0000; 0.2474; 0.1392; 0.1031; 0.0000
0.0000; 0.0000; 0.9324; 0.0135; 0.0405; 0.0135; 0.0000; 0.0000; 0.0000
0.0000; 0.0000; 0.0100; 0.8500; 0.1300; 0.0000; 0.0100; 0.0000; 0.0000
0.0000; 0.0000; 0.0000; 0.4889; 0.5111; 0.0000; 0.0000; 0.0000; 0.0000
0.0127; 0.0701; 0.0000; 0.0000; 0.0000; 0.5605; 0.0127; 0.3439; 0.0000
0.0000; 0.0000; 0.2000; 0.0000; 0.0000; 0.0000; 0.8000; 0.0000; 0.0000
0.0800; 0.0600; 0.0000; 0.0067; 0.0133; 0.3267; 0.0333; 0.4800; 0.0000
Bootstrap 11
Run TT with 239 training and 120 tests
Run CD with 386 training and 194 tests
Run FKW with 146 training and 74 tests
Run KW with 200 training and 100 tests
Run LPLT with 88 training and 45 tests
Run RD with 313 training and 157 tests
Run WBD with 9 training and 5 tests
Run WSD with 299 training and 150 tests
Confusion Matrix 12.0
0.6583; 0.0833; 0.0083; 0.0000; 0.0250; 0.0333; 0.0500; 0.1417; 0.0000
0.1392; 0.3866; 0.0103; 0.0000; 0.0000; 0.2320; 0.1186; 0.1134; 0.0000
0.0000; 0.0000; 0.8784; 0.0000; 0.0946; 0.0000; 0.0270; 0.0000; 0.0000
0.0000; 0.0000; 0.0300; 0.6300; 0.3400; 0.0000; 0.0000; 0.0000; 0.0000
0.0000; 0.0000; 0.0444; 0.3778; 0.5778; 0.0000; 0.0000; 0.0000; 0.0000
0.0064; 0.0955; 0.0000; 0.0000; 0.0000; 0.4331; 0.0828; 0.3822; 0.0000
0.0000; 0.0000; 0.0000; 0.0000; 0.0000; 0.0000; 1.0000; 0.0000; 0.0000
0.0800; 0.0467; 0.0000; 0.0000; 0.0000; 0.3133; 0.0267; 0.5333; 0.0000
Bootstrap 12
Run TT with 239 training and 120 tests
Run CD with 386 training and 194 tests
Run FKW with 146 training and 74 tests
Run KW with 200 training and 100 tests
Run LPLT with 88 training and 45 tests
Run RD with 313 training and 157 tests
Run WBD with 9 training and 5 tests
Run WSD with 299 training and 150 tests
Confusion Matrix 13.0
0.5750; 0.1167; 0.0333; 0.0000; 0.0167; 0.0417; 0.0833; 0.1333; 0.0000
0.1031; 0.4175; 0.0155; 0.0000; 0.0000; 0.1959; 0.1186; 0.1495; 0.0000
0.0135; 0.0270; 0.8919; 0.0270; 0.0135; 0.0000; 0.0270; 0.0000; 0.0000
0.0000; 0.0000; 0.0100; 0.6400; 0.3200; 0.0000; 0.0300; 0.0000; 0.0000
0.0000; 0.0000; 0.0444; 0.3111; 0.6444; 0.0000; 0.0000; 0.0000; 0.0000
0.0446; 0.0191; 0.0191; 0.0127; 0.0701; 0.4904; 0.0318; 0.3121; 0.0000
0.0000; 0.0000; 0.0000; 0.0000; 0.0000; 0.0000; 1.0000; 0.0000; 0.0000
0.0400; 0.0600; 0.0067; 0.0000; 0.0000; 0.2467; 0.0400; 0.6067; 0.0000
Bootstrap 13
Run TT with 239 training and 120 tests
Run CD with 386 training and 194 tests
Run FKW with 146 training and 74 tests
Run KW with 200 training and 100 tests
Run LPLT with 88 training and 45 tests
Run RD with 313 training and 157 tests
Run WBD with 9 training and 5 tests
Run WSD with 299 training and 150 tests
Confusion Matrix 14.0
0.7167; 0.1000; 0.0167; 0.0000; 0.0167; 0.0500; 0.0417; 0.0583; 0.0000
0.0979; 0.4485; 0.0103; 0.0000; 0.0000; 0.0876; 0.2320; 0.1237; 0.0000
0.0000; 0.0000; 0.9054; 0.0000; 0.0676; 0.0000; 0.0270; 0.0000; 0.0000
0.0000; 0.0000; 0.0200; 0.8200; 0.1600; 0.0000; 0.0000; 0.0000; 0.0000
0.0222; 0.0000; 0.0222; 0.3333; 0.6222; 0.0000; 0.0000; 0.0000; 0.0000
0.1210; 0.1656; 0.0318; 0.0127; 0.0764; 0.3885; 0.0701; 0.1338; 0.0000
0.0000; 0.6000; 0.0000; 0.0000; 0.0000; 0.0000; 0.4000; 0.0000; 0.0000
0.1000; 0.0800; 0.0000; 0.0000; 0.0000; 0.3133; 0.0267; 0.4800; 0.0000
Bootstrap 14
Run TT with 239 training and 120 tests
Run CD with 386 training and 194 tests
Run FKW with 146 training and 74 tests
Run KW with 200 training and 100 tests
Run LPLT with 88 training and 45 tests
Run RD with 313 training and 157 tests
Run WBD with 9 training and 5 tests
Run WSD with 299 training and 150 tests
Confusion Matrix 15.0
0.8917; 0.0000; 0.0250; 0.0000; 0.0083; 0.0167; 0.0333; 0.0250; 0.0000
0.0825; 0.4536; 0.0155; 0.0000; 0.0052; 0.1701; 0.2474; 0.0258; 0.0000
0.0000; 0.0135; 0.7703; 0.0541; 0.1486; 0.0135; 0.0000; 0.0000; 0.0000
0.0000; 0.0000; 0.0300; 0.8500; 0.1200; 0.0000; 0.0000; 0.0000; 0.0000
0.0000; 0.0000; 0.0000; 0.4222; 0.5778; 0.0000; 0.0000; 0.0000; 0.0000
0.0064; 0.0637; 0.0000; 0.0000; 0.0000; 0.7070; 0.0000; 0.2229; 0.0000
0.0000; 0.4000; 0.0000; 0.0000; 0.0000; 0.2000; 0.4000; 0.0000; 0.0000
0.0933; 0.0733; 0.0000; 0.0000; 0.0000; 0.3267; 0.0333; 0.4733; 0.0000
Bootstrap 15
Run TT with 239 training and 120 tests
Run CD with 386 training and 194 tests
Run FKW with 146 training and 74 tests
Run KW with 200 training and 100 tests
Run LPLT with 88 training and 45 tests
Run RD with 313 training and 157 tests
Run WBD with 9 training and 5 tests
Run WSD with 299 training and 150 tests
Confusion Matrix 16.0
0.6083; 0.1750; 0.0167; 0.0000; 0.0167; 0.0417; 0.0833; 0.0583; 0.0000
0.0619; 0.4330; 0.0103; 0.0000; 0.0000; 0.2062; 0.2732; 0.0155; 0.0000
0.0000; 0.0135; 0.7973; 0.0676; 0.1081; 0.0000; 0.0135; 0.0000; 0.0000
0.0000; 0.0000; 0.0300; 0.7800; 0.1600; 0.0000; 0.0300; 0.0000; 0.0000
0.0000; 0.0000; 0.0000; 0.4222; 0.5778; 0.0000; 0.0000; 0.0000; 0.0000
0.0000; 0.0255; 0.0000; 0.0000; 0.0000; 0.6178; 0.0064; 0.3503; 0.0000
0.0000; 0.2000; 0.0000; 0.0000; 0.0000; 0.2000; 0.6000; 0.0000; 0.0000
0.1000; 0.0533; 0.0267; 0.0000; 0.0000; 0.2333; 0.0400; 0.5467; 0.0000
Bootstrap 16
Run TT with 239 training and 120 tests
Run CD with 386 training and 194 tests
Run FKW with 146 training and 74 tests
Run KW with 200 training and 100 tests
Run LPLT with 88 training and 45 tests
Run RD with 313 training and 157 tests
Run WBD with 9 training and 5 tests
Run WSD with 299 training and 150 tests
Confusion Matrix 17.0
0.7417; 0.0750; 0.0250; 0.0000; 0.0333; 0.0333; 0.0500; 0.0417; 0.0000
0.0979; 0.3866; 0.0103; 0.0000; 0.0000; 0.1546; 0.2835; 0.0670; 0.0000
0.0000; 0.0000; 0.7568; 0.0541; 0.1622; 0.0000; 0.0270; 0.0000; 0.0000
0.0000; 0.0000; 0.1100; 0.6700; 0.1900; 0.0000; 0.0300; 0.0000; 0.0000
0.0000; 0.0000; 0.0000; 0.5778; 0.4222; 0.0000; 0.0000; 0.0000; 0.0000
0.0701; 0.1210; 0.0255; 0.0127; 0.0955; 0.4904; 0.0446; 0.1401; 0.0000
0.0000; 0.4000; 0.0000; 0.0000; 0.0000; 0.0000; 0.6000; 0.0000; 0.0000
0.0800; 0.0933; 0.0200; 0.0000; 0.0267; 0.3133; 0.0333; 0.4333; 0.0000
Bootstrap 17
Run TT with 239 training and 120 tests
Run CD with 386 training and 194 tests
Run FKW with 146 training and 74 tests
Run KW with 200 training and 100 tests
Run LPLT with 88 training and 45 tests
Run RD with 313 training and 157 tests
Run WBD with 9 training and 5 tests
Run WSD with 299 training and 150 tests
Confusion Matrix 18.0
0.5250; 0.1750; 0.0667; 0.0000; 0.0083; 0.0417; 0.0417; 0.1417; 0.0000
0.0670; 0.4536; 0.0052; 0.0000; 0.0000; 0.1186; 0.2990; 0.0567; 0.0000
0.0000; 0.0000; 0.9595; 0.0270; 0.0135; 0.0000; 0.0000; 0.0000; 0.0000
0.0000; 0.0000; 0.0200; 0.6700; 0.3000; 0.0000; 0.0100; 0.0000; 0.0000
0.0444; 0.0000; 0.0222; 0.0889; 0.7778; 0.0000; 0.0667; 0.0000; 0.0000
0.0892; 0.1529; 0.0318; 0.0127; 0.0828; 0.4268; 0.0701; 0.1338; 0.0000
0.0000; 0.0000; 0.0000; 0.0000; 0.0000; 0.0000; 0.8000; 0.2000; 0.0000
0.0467; 0.0867; 0.0067; 0.0000; 0.0000; 0.3133; 0.0600; 0.4867; 0.0000
Bootstrap 18
Run TT with 239 training and 120 tests
Run CD with 386 training and 194 tests
Run FKW with 146 training and 74 tests
Run KW with 200 training and 100 tests
Run LPLT with 88 training and 45 tests
Run RD with 313 training and 157 tests
Run WBD with 9 training and 5 tests
Run WSD with 299 training and 150 tests
Confusion Matrix 19.0
0.7750; 0.0333; 0.0167; 0.0000; 0.0083; 0.0500; 0.0250; 0.0917; 0.0000
0.1289; 0.4485; 0.0155; 0.0000; 0.0000; 0.1907; 0.0773; 0.1392; 0.0000
0.0270; 0.0541; 0.8784; 0.0270; 0.0135; 0.0000; 0.0000; 0.0000; 0.0000
0.0000; 0.0000; 0.0200; 0.6600; 0.3000; 0.0000; 0.0200; 0.0000; 0.0000
0.0222; 0.0000; 0.0889; 0.1333; 0.6889; 0.0000; 0.0667; 0.0000; 0.0000
0.1146; 0.1529; 0.0127; 0.0127; 0.0255; 0.4140; 0.0637; 0.2038; 0.0000
0.0000; 0.6000; 0.0000; 0.0000; 0.0000; 0.2000; 0.2000; 0.0000; 0.0000
0.0600; 0.0800; 0.0133; 0.0000; 0.0000; 0.3467; 0.0133; 0.4867; 0.0000
Bootstrap 19
Run TT with 239 training and 120 tests
Run CD with 386 training and 194 tests
Run FKW with 146 training and 74 tests
Run KW with 200 training and 100 tests
Run LPLT with 88 training and 45 tests
Run RD with 313 training and 157 tests
Run WBD with 9 training and 5 tests
Run WSD with 299 training and 150 tests
Confusion Matrix 20.0
0.8250; 0.0167; 0.0333; 0.0000; 0.0083; 0.0417; 0.0250; 0.0500; 0.0000
0.1289; 0.5206; 0.0103; 0.0000; 0.0000; 0.1443; 0.1082; 0.0876; 0.0000
0.0000; 0.0000; 0.9054; 0.0405; 0.0405; 0.0135; 0.0000; 0.0000; 0.0000
0.0000; 0.0000; 0.0100; 0.8000; 0.1700; 0.0000; 0.0200; 0.0000; 0.0000
0.0222; 0.0000; 0.0667; 0.1556; 0.7333; 0.0000; 0.0222; 0.0000; 0.0000
0.0828; 0.1720; 0.0000; 0.0000; 0.0000; 0.4586; 0.0382; 0.2484; 0.0000
0.0000; 0.2000; 0.0000; 0.0000; 0.0000; 0.0000; 0.8000; 0.0000; 0.0000
0.1067; 0.0933; 0.0133; 0.0000; 0.0000; 0.3133; 0.0133; 0.4600; 0.0000
Bootstrap 20
Run TT with 239 training and 120 tests
Run CD with 386 training and 194 tests
Run FKW with 146 training and 74 tests
Run KW with 200 training and 100 tests
Run LPLT with 88 training and 45 tests
Run RD with 313 training and 157 tests
Run WBD with 9 training and 5 tests
Run WSD with 299 training and 150 tests
Confusion Matrix 21.0
0.7250; 0.1000; 0.0333; 0.0000; 0.0167; 0.0083; 0.0333; 0.0833; 0.0000
0.0876; 0.4794; 0.0103; 0.0000; 0.0000; 0.1495; 0.2268; 0.0464; 0.0000
0.0135; 0.0000; 0.8649; 0.0541; 0.0405; 0.0135; 0.0135; 0.0000; 0.0000
0.0000; 0.0000; 0.1500; 0.5000; 0.3300; 0.0000; 0.0200; 0.0000; 0.0000
0.0222; 0.0000; 0.0889; 0.1333; 0.6889; 0.0000; 0.0667; 0.0000; 0.0000
0.0191; 0.0828; 0.0000; 0.0000; 0.0000; 0.6815; 0.0064; 0.2102; 0.0000
0.0000; 0.4000; 0.2000; 0.0000; 0.0000; 0.0000; 0.4000; 0.0000; 0.0000
0.0933; 0.0733; 0.0000; 0.0000; 0.0067; 0.2600; 0.0200; 0.5467; 0.0000
Bootstrap 21
Run TT with 239 training and 120 tests
Run CD with 386 training and 194 tests
Run FKW with 146 training and 74 tests
Run KW with 200 training and 100 tests
Run LPLT with 88 training and 45 tests
Run RD with 313 training and 157 tests
Run WBD with 9 training and 5 tests
Run WSD with 299 training and 150 tests
Confusion Matrix 22.0
0.3333; 0.2250; 0.0417; 0.0000; 0.0000; 0.1250; 0.2167; 0.0583; 0.0000
0.0309; 0.3247; 0.0052; 0.0000; 0.0000; 0.1804; 0.4381; 0.0206; 0.0000
0.0000; 0.0000; 0.8784; 0.0135; 0.0811; 0.0000; 0.0270; 0.0000; 0.0000
0.0000; 0.0000; 0.0800; 0.4800; 0.4000; 0.0000; 0.0400; 0.0000; 0.0000
0.0222; 0.0000; 0.0667; 0.1111; 0.7556; 0.0000; 0.0444; 0.0000; 0.0000
0.0000; 0.1146; 0.0000; 0.0000; 0.0000; 0.5669; 0.0191; 0.2994; 0.0000
0.0000; 0.0000; 0.2000; 0.0000; 0.0000; 0.0000; 0.8000; 0.0000; 0.0000
0.1133; 0.0867; 0.0067; 0.0000; 0.0000; 0.2600; 0.0667; 0.4667; 0.0000
Bootstrap 22
Run TT with 239 training and 120 tests
Run CD with 386 training and 194 tests
Run FKW with 146 training and 74 tests
Run KW with 200 training and 100 tests
Run LPLT with 88 training and 45 tests
Run RD with 313 training and 157 tests
Run WBD with 9 training and 5 tests
Run WSD with 299 training and 150 tests
Confusion Matrix 23.0
0.3667; 0.2833; 0.0500; 0.0000; 0.0000; 0.0667; 0.1417; 0.0917; 0.0000
0.0979; 0.4227; 0.0052; 0.0000; 0.0000; 0.1753; 0.2320; 0.0670; 0.0000
0.0000; 0.0000; 0.9189; 0.0000; 0.0405; 0.0000; 0.0405; 0.0000; 0.0000
0.0000; 0.0000; 0.1000; 0.5600; 0.3100; 0.0000; 0.0300; 0.0000; 0.0000
0.0222; 0.0000; 0.1333; 0.0667; 0.7111; 0.0000; 0.0667; 0.0000; 0.0000
0.0828; 0.1592; 0.0255; 0.0064; 0.0764; 0.4268; 0.1019; 0.1210; 0.0000
0.0000; 0.4000; 0.2000; 0.0000; 0.0000; 0.0000; 0.4000; 0.0000; 0.0000
0.0800; 0.1000; 0.0067; 0.0000; 0.0000; 0.3133; 0.0067; 0.4933; 0.0000
Bootstrap 23
Run TT with 239 training and 120 tests
Run CD with 386 training and 194 tests
Run FKW with 146 training and 74 tests
Run KW with 200 training and 100 tests
Run LPLT with 88 training and 45 tests
Run RD with 313 training and 157 tests
Run WBD with 9 training and 5 tests
Run WSD with 299 training and 150 tests
Confusion Matrix 24.0
0.4250; 0.2167; 0.0667; 0.0000; 0.0083; 0.0417; 0.1000; 0.1417; 0.0000
0.0361; 0.3505; 0.0103; 0.0000; 0.0000; 0.1546; 0.3866; 0.0619; 0.0000
0.0000; 0.0270; 0.8784; 0.0405; 0.0135; 0.0000; 0.0405; 0.0000; 0.0000
0.0000; 0.0000; 0.0900; 0.5200; 0.3800; 0.0000; 0.0100; 0.0000; 0.0000
0.0222; 0.0000; 0.1111; 0.1333; 0.6667; 0.0000; 0.0667; 0.0000; 0.0000
0.0000; 0.1274; 0.0000; 0.0000; 0.0000; 0.4586; 0.0191; 0.3949; 0.0000
0.0000; 0.0000; 0.0000; 0.0000; 0.0000; 0.0000; 1.0000; 0.0000; 0.0000
0.0667; 0.1000; 0.0000; 0.0000; 0.0000; 0.3000; 0.0333; 0.5000; 0.0000
Bootstrap 24
Run TT with 239 training and 120 tests
Run CD with 386 training and 194 tests
Run FKW with 146 training and 74 tests
Run KW with 200 training and 100 tests
Run LPLT with 88 training and 45 tests
Run RD with 313 training and 157 tests
Run WBD with 9 training and 5 tests
Run WSD with 299 training and 150 tests
Confusion Matrix 25.0
0.7500; 0.0583; 0.0167; 0.0000; 0.0083; 0.0750; 0.0167; 0.0750; 0.0000
0.1237; 0.3557; 0.0155; 0.0000; 0.0000; 0.2268; 0.1753; 0.1031; 0.0000
0.0000; 0.0000; 0.8784; 0.0000; 0.0946; 0.0000; 0.0270; 0.0000; 0.0000
0.0000; 0.0000; 0.0700; 0.6300; 0.2700; 0.0000; 0.0300; 0.0000; 0.0000
0.0000; 0.0000; 0.0444; 0.2889; 0.6667; 0.0000; 0.0000; 0.0000; 0.0000
0.0064; 0.0446; 0.0000; 0.0000; 0.0000; 0.7197; 0.0000; 0.2293; 0.0000
0.0000; 0.2000; 0.0000; 0.0000; 0.0000; 0.0000; 0.8000; 0.0000; 0.0000
0.1067; 0.0733; 0.0067; 0.0000; 0.0067; 0.2867; 0.0267; 0.4933; 0.0000
Bootstrap 25
Run TT with 239 training and 120 tests
Run CD with 386 training and 194 tests
Run FKW with 146 training and 74 tests
Run KW with 200 training and 100 tests
Run LPLT with 88 training and 45 tests
Run RD with 313 training and 157 tests
Run WBD with 9 training and 5 tests
Run WSD with 299 training and 150 tests
Confusion Matrix 26.0
0.3333; 0.3083; 0.0667; 0.0000; 0.0000; 0.1500; 0.0833; 0.0583; 0.0000
0.0619; 0.4691; 0.0052; 0.0000; 0.0000; 0.2577; 0.0979; 0.1082; 0.0000
0.0000; 0.0000; 0.9459; 0.0135; 0.0405; 0.0000; 0.0000; 0.0000; 0.0000
0.0000; 0.0000; 0.0200; 0.7500; 0.2100; 0.0000; 0.0200; 0.0000; 0.0000
0.0000; 0.0000; 0.0000; 0.2000; 0.8000; 0.0000; 0.0000; 0.0000; 0.0000
0.0064; 0.0255; 0.0000; 0.0000; 0.0000; 0.6497; 0.0000; 0.3185; 0.0000
0.0000; 0.6000; 0.0000; 0.0000; 0.0000; 0.2000; 0.2000; 0.0000; 0.0000
0.1200; 0.0600; 0.0000; 0.0000; 0.0000; 0.2533; 0.0400; 0.5267; 0.0000
Bootstrap 26
Run TT with 239 training and 120 tests
Run CD with 386 training and 194 tests
Run FKW with 146 training and 74 tests
Run KW with 200 training and 100 tests
Run LPLT with 88 training and 45 tests
Run RD with 313 training and 157 tests
Run WBD with 9 training and 5 tests
Run WSD with 299 training and 150 tests
Confusion Matrix 27.0
0.3583; 0.2417; 0.0500; 0.0000; 0.0083; 0.0750; 0.2000; 0.0667; 0.0000
0.0773; 0.3608; 0.0000; 0.0000; 0.0000; 0.1186; 0.3918; 0.0515; 0.0000
0.0000; 0.0000; 0.8649; 0.0676; 0.0405; 0.0000; 0.0270; 0.0000; 0.0000
0.0000; 0.0000; 0.0500; 0.5900; 0.3400; 0.0000; 0.0200; 0.0000; 0.0000
0.0222; 0.0000; 0.1111; 0.0222; 0.8222; 0.0000; 0.0222; 0.0000; 0.0000
0.0701; 0.1465; 0.0255; 0.0127; 0.0637; 0.4140; 0.1146; 0.1529; 0.0000
0.0000; 0.2000; 0.0000; 0.0000; 0.0000; 0.0000; 0.8000; 0.0000; 0.0000
0.0733; 0.0733; 0.0133; 0.0000; 0.0000; 0.3067; 0.0333; 0.5000; 0.0000
Bootstrap 27
Run TT with 239 training and 120 tests
Run CD with 386 training and 194 tests
Run FKW with 146 training and 74 tests
Run KW with 200 training and 100 tests
Run LPLT with 88 training and 45 tests
Run RD with 313 training and 157 tests
Run WBD with 9 training and 5 tests
Run WSD with 299 training and 150 tests
Confusion Matrix 28.0
0.3167; 0.2833; 0.0333; 0.0000; 0.0000; 0.1333; 0.1833; 0.0500; 0.0000
0.0464; 0.3711; 0.0000; 0.0000; 0.0000; 0.1856; 0.3299; 0.0670; 0.0000
0.0000; 0.0135; 0.8784; 0.0000; 0.0270; 0.0000; 0.0811; 0.0000; 0.0000
0.0000; 0.0000; 0.0600; 0.5500; 0.3400; 0.0000; 0.0500; 0.0000; 0.0000
0.0000; 0.0000; 0.0889; 0.0444; 0.8000; 0.0000; 0.0667; 0.0000; 0.0000
0.0000; 0.0637; 0.0000; 0.0000; 0.0000; 0.6752; 0.0127; 0.2484; 0.0000
0.0000; 0.0000; 0.0000; 0.0000; 0.0000; 0.0000; 1.0000; 0.0000; 0.0000
0.0667; 0.0800; 0.0067; 0.0000; 0.0000; 0.3067; 0.0267; 0.5133; 0.0000
Bootstrap 28
Run TT with 239 training and 120 tests
Run CD with 386 training and 194 tests
Run FKW with 146 training and 74 tests
Run KW with 200 training and 100 tests
Run LPLT with 88 training and 45 tests
Run RD with 313 training and 157 tests
Run WBD with 9 training and 5 tests
Run WSD with 299 training and 150 tests
Confusion Matrix 29.0
0.7667; 0.0250; 0.0333; 0.0000; 0.0167; 0.0500; 0.0083; 0.1000; 0.0000
0.1186; 0.3608; 0.0155; 0.0000; 0.0000; 0.2320; 0.1701; 0.1031; 0.0000
0.0000; 0.0135; 0.8514; 0.0541; 0.0270; 0.0000; 0.0541; 0.0000; 0.0000
0.0000; 0.0000; 0.1400; 0.4600; 0.3800; 0.0000; 0.0200; 0.0000; 0.0000
0.0222; 0.0000; 0.0444; 0.1778; 0.7111; 0.0000; 0.0444; 0.0000; 0.0000
0.1146; 0.1210; 0.0191; 0.0064; 0.0955; 0.4459; 0.0764; 0.1210; 0.0000
0.0000; 0.2000; 0.0000; 0.0000; 0.0000; 0.0000; 0.8000; 0.0000; 0.0000
0.1133; 0.0733; 0.0067; 0.0000; 0.0000; 0.3067; 0.0400; 0.4600; 0.0000
Bootstrap 29
Run TT with 239 training and 120 tests
Run CD with 386 training and 194 tests
Run FKW with 146 training and 74 tests
Run KW with 200 training and 100 tests
Run LPLT with 88 training and 45 tests
Run RD with 313 training and 157 tests
Run WBD with 9 training and 5 tests
Run WSD with 299 training and 150 tests
Confusion Matrix 30.0
0.7750; 0.0167; 0.0250; 0.0083; 0.0333; 0.0250; 0.0250; 0.0917; 0.0000
0.1186; 0.3866; 0.0155; 0.0000; 0.0000; 0.2577; 0.1031; 0.1186; 0.0000
0.0000; 0.0135; 0.8919; 0.0000; 0.0405; 0.0000; 0.0405; 0.0135; 0.0000
0.0000; 0.0000; 0.0200; 0.8400; 0.1400; 0.0000; 0.0000; 0.0000; 0.0000
0.0000; 0.0000; 0.0000; 0.3111; 0.6889; 0.0000; 0.0000; 0.0000; 0.0000
0.1146; 0.1146; 0.0318; 0.0127; 0.0892; 0.4459; 0.0446; 0.1465; 0.0000
0.0000; 0.6000; 0.0000; 0.0000; 0.0000; 0.0000; 0.4000; 0.0000; 0.0000
0.1133; 0.0533; 0.0067; 0.0000; 0.0000; 0.3933; 0.0267; 0.4067; 0.0000
Mean confusion
0.6181; 0.1292; 0.0350; 0.0006; 0.0119; 0.0544; 0.0703; 0.0806; 0.0000
0.0935; 0.4096; 0.0089; 0.0000; 0.0002; 0.1931; 0.2058; 0.0888; 0.0000
0.0045; 0.0135; 0.8820; 0.0234; 0.0527; 0.0018; 0.0212; 0.0009; 0.0000
0.0000; 0.0000; 0.0510; 0.6800; 0.2490; 0.0000; 0.0200; 0.0000; 0.0000
0.0089; 0.0007; 0.0378; 0.2837; 0.6459; 0.0000; 0.0230; 0.0000; 0.0000
0.0416; 0.0941; 0.0091; 0.0047; 0.0289; 0.5306; 0.0357; 0.2554; 0.0000
0.0000; 0.2533; 0.0333; 0.0000; 0.0000; 0.0667; 0.6400; 0.0067; 0.0000
0.0884; 0.0722; 0.0069; 0.0002; 0.0018; 0.2964; 0.0324; 0.5016; 0.0000
STD Confusion
0.1881; 0.1042; 0.0186; 0.0021; 0.0104; 0.0337; 0.0566; 0.0308; 0.0000
0.0308; 0.0537; 0.0047; 0.0000; 0.0009; 0.0536; 0.1078; 0.0384; 0.0000
0.0082; 0.0163; 0.0459; 0.0227; 0.0391; 0.0047; 0.0193; 0.0034; 0.0000
0.0000; 0.0000; 0.0410; 0.1306; 0.0936; 0.0000; 0.0151; 0.0000; 0.0000
0.0125; 0.0041; 0.0401; 0.1689; 0.1167; 0.0000; 0.0289; 0.0000; 0.0000
0.0460; 0.0553; 0.0127; 0.0062; 0.0392; 0.1088; 0.0355; 0.1015; 0.0000
0.0000; 0.2285; 0.0758; 0.0000; 0.0000; 0.1213; 0.2848; 0.0365; 0.0000
0.0248; 0.0190; 0.0067; 0.0012; 0.0055; 0.0373; 0.0136; 0.0407; 0.0000
Lower 95% CI
0.3167; 0.0000; 0.0083; 0.0000; 0.0000; 0.0083; 0.0083; 0.0250; 0.0000
0.0309; 0.3196; 0.0000; 0.0000; 0.0000; 0.0876; 0.0670; 0.0155; 0.0000
0.0000; 0.0000; 0.7568; 0.0000; 0.0135; 0.0000; 0.0000; 0.0000; 0.0000
0.0000; 0.0000; 0.0100; 0.4600; 0.0900; 0.0000; 0.0000; 0.0000; 0.0000
0.0000; 0.0000; 0.0000; 0.0222; 0.4000; 0.0000; 0.0000; 0.0000; 0.0000
0.0000; 0.0127; 0.0000; 0.0000; 0.0000; 0.3885; 0.0000; 0.1019; 0.0000
0.0000; 0.0000; 0.0000; 0.0000; 0.0000; 0.0000; 0.0000; 0.0000; 0.0000
0.0400; 0.0333; 0.0000; 0.0000; 0.0000; 0.2333; 0.0067; 0.4067; 0.0000
Upper 95% CI
0.8917; 0.3083; 0.0667; 0.0083; 0.0333; 0.1500; 0.2167; 0.1417; 0.0000
0.1546; 0.5206; 0.0155; 0.0000; 0.0052; 0.2835; 0.4381; 0.1598; 0.0000
0.0270; 0.0541; 0.9595; 0.0676; 0.1622; 0.0135; 0.0811; 0.0135; 0.0000
0.0000; 0.0000; 0.1500; 0.8700; 0.4000; 0.0000; 0.0500; 0.0000; 0.0000
0.0444; 0.0222; 0.1333; 0.6000; 0.8222; 0.0000; 0.0667; 0.0000; 0.0000
0.1210; 0.2038; 0.0318; 0.0191; 0.0955; 0.7197; 0.1146; 0.4331; 0.0000
0.0000; 0.8000; 0.2000; 0.0000; 0.0000; 0.4000; 1.0000; 0.2000; 0.0000
0.1400; 0.1067; 0.0267; 0.0067; 0.0267; 0.3933; 0.0667; 0.6067; 0.0000
Run TT with 359 training and 0 tests
Run CD with 580 training and 0 tests
Run FKW with 220 training and 0 tests
Run KW with 300 training and 0 tests
Run LPLT with 133 training and 0 tests
Run RD with 470 training and 0 tests
Run WBD with 14 training and 0 tests
Run WSD with 449 training and 0 tests