Total Bootstraps 30
Num Species 8
FragmentLength 26; Section Length 50
TT; CD; FKW; KW; LPLT; RD; WBD; WSD
Bootstrap 0
Run TT with 123 training and 62 tests
Run CD with 203 training and 102 tests
Run FKW with 83 training and 42 tests
Run KW with 100 training and 51 tests
Run LPLT with 44 training and 23 tests
Run RD with 156 training and 79 tests
Run WBD with 4 training and 3 tests
Run WSD with 150 training and 75 tests
Confusion Matrix 1.0
0.9032; 0.0000; 0.0161; 0.0000; 0.0000; 0.0323; 0.0000; 0.0484; 0.0000
0.1569; 0.4216; 0.0000; 0.0000; 0.0000; 0.2941; 0.0784; 0.0490; 0.0000
0.0000; 0.0000; 0.9286; 0.0000; 0.0476; 0.0000; 0.0238; 0.0000; 0.0000
0.0000; 0.0000; 0.0784; 0.8039; 0.1176; 0.0000; 0.0000; 0.0000; 0.0000
0.0000; 0.0000; 0.0000; 0.7391; 0.2609; 0.0000; 0.0000; 0.0000; 0.0000
0.0253; 0.0380; 0.0000; 0.0000; 0.0000; 0.7342; 0.0000; 0.2025; 0.0000
0.0000; 0.6667; 0.0000; 0.0000; 0.0000; 0.0000; 0.3333; 0.0000; 0.0000
0.1333; 0.0667; 0.0000; 0.0000; 0.0000; 0.2267; 0.0267; 0.5467; 0.0000
Bootstrap 1
Run TT with 123 training and 62 tests
Run CD with 203 training and 102 tests
Run FKW with 83 training and 42 tests
Run KW with 100 training and 51 tests
Run LPLT with 44 training and 23 tests
Run RD with 156 training and 79 tests
Run WBD with 4 training and 3 tests
Run WSD with 150 training and 75 tests
Confusion Matrix 2.0
0.9194; 0.0000; 0.0161; 0.0000; 0.0000; 0.0000; 0.0000; 0.0645; 0.0000
0.0686; 0.5196; 0.0000; 0.0000; 0.0000; 0.1176; 0.2353; 0.0588; 0.0000
0.0000; 0.0000; 0.9762; 0.0000; 0.0238; 0.0000; 0.0000; 0.0000; 0.0000
0.0000; 0.0000; 0.0196; 0.8824; 0.0980; 0.0000; 0.0000; 0.0000; 0.0000
0.0000; 0.0000; 0.0000; 0.6522; 0.3478; 0.0000; 0.0000; 0.0000; 0.0000
0.0000; 0.0253; 0.0000; 0.0000; 0.0000; 0.7722; 0.0000; 0.2025; 0.0000
0.0000; 0.6667; 0.0000; 0.0000; 0.0000; 0.0000; 0.3333; 0.0000; 0.0000
0.0667; 0.0667; 0.0000; 0.0000; 0.0000; 0.2933; 0.0000; 0.5733; 0.0000
Bootstrap 2
Run TT with 123 training and 62 tests
Run CD with 203 training and 102 tests
Run FKW with 83 training and 42 tests
Run KW with 100 training and 51 tests
Run LPLT with 44 training and 23 tests
Run RD with 156 training and 79 tests
Run WBD with 4 training and 3 tests
Run WSD with 150 training and 75 tests
Confusion Matrix 3.0
0.3871; 0.3065; 0.0323; 0.0000; 0.0000; 0.0645; 0.1290; 0.0806; 0.0000
0.0490; 0.6078; 0.0000; 0.0000; 0.0000; 0.1471; 0.1765; 0.0196; 0.0000
0.0000; 0.0000; 0.9286; 0.0476; 0.0238; 0.0000; 0.0000; 0.0000; 0.0000
0.0000; 0.0000; 0.0588; 0.7647; 0.1765; 0.0000; 0.0000; 0.0000; 0.0000
0.0000; 0.0000; 0.0435; 0.4348; 0.5217; 0.0000; 0.0000; 0.0000; 0.0000
0.0000; 0.0633; 0.0000; 0.0000; 0.0000; 0.6456; 0.0000; 0.2911; 0.0000
0.0000; 0.3333; 0.0000; 0.0000; 0.0000; 0.0000; 0.6667; 0.0000; 0.0000
0.0800; 0.0667; 0.0000; 0.0000; 0.0133; 0.3200; 0.0133; 0.5067; 0.0000
Bootstrap 3
Run TT with 123 training and 62 tests
Run CD with 203 training and 102 tests
Run FKW with 83 training and 42 tests
Run KW with 100 training and 51 tests
Run LPLT with 44 training and 23 tests
Run RD with 156 training and 79 tests
Run WBD with 4 training and 3 tests
Run WSD with 150 training and 75 tests
Confusion Matrix 4.0
0.4355; 0.2742; 0.0161; 0.0000; 0.0161; 0.0968; 0.0645; 0.0968; 0.0000
0.0784; 0.3235; 0.0098; 0.0000; 0.0000; 0.3529; 0.1569; 0.0784; 0.0000
0.0000; 0.0238; 0.9524; 0.0238; 0.0000; 0.0000; 0.0000; 0.0000; 0.0000
0.0000; 0.0000; 0.0196; 0.9216; 0.0392; 0.0000; 0.0196; 0.0000; 0.0000
0.0000; 0.0000; 0.0000; 0.6957; 0.3043; 0.0000; 0.0000; 0.0000; 0.0000
0.0000; 0.0886; 0.0000; 0.0000; 0.0000; 0.5949; 0.0127; 0.3038; 0.0000
0.0000; 0.3333; 0.0000; 0.0000; 0.0000; 0.0000; 0.6667; 0.0000; 0.0000
0.0267; 0.0800; 0.0000; 0.0000; 0.0000; 0.3067; 0.0533; 0.5333; 0.0000
Bootstrap 4
Run TT with 123 training and 62 tests
Run CD with 203 training and 102 tests
Run FKW with 83 training and 42 tests
Run KW with 100 training and 51 tests
Run LPLT with 44 training and 23 tests
Run RD with 156 training and 79 tests
Run WBD with 4 training and 3 tests
Run WSD with 150 training and 75 tests
Confusion Matrix 5.0
0.3548; 0.2419; 0.0323; 0.0000; 0.0000; 0.1613; 0.1613; 0.0484; 0.0000
0.0686; 0.5882; 0.0000; 0.0000; 0.0000; 0.1765; 0.1176; 0.0490; 0.0000
0.0000; 0.0000; 0.9524; 0.0000; 0.0000; 0.0000; 0.0476; 0.0000; 0.0000
0.0000; 0.0000; 0.0196; 0.7843; 0.1961; 0.0000; 0.0000; 0.0000; 0.0000
0.0000; 0.0000; 0.0870; 0.0000; 0.9130; 0.0000; 0.0000; 0.0000; 0.0000
0.0000; 0.0127; 0.0000; 0.0000; 0.0000; 0.6456; 0.0000; 0.3418; 0.0000
0.0000; 0.6667; 0.0000; 0.0000; 0.0000; 0.0000; 0.3333; 0.0000; 0.0000
0.0400; 0.0933; 0.0000; 0.0000; 0.0000; 0.2667; 0.0000; 0.6000; 0.0000
Bootstrap 5
Run TT with 123 training and 62 tests
Run CD with 203 training and 102 tests
Run FKW with 83 training and 42 tests
Run KW with 100 training and 51 tests
Run LPLT with 44 training and 23 tests
Run RD with 156 training and 79 tests
Run WBD with 4 training and 3 tests
Run WSD with 150 training and 75 tests
Confusion Matrix 6.0
0.7742; 0.1129; 0.0000; 0.0000; 0.0000; 0.0645; 0.0323; 0.0161; 0.0000
0.1078; 0.3824; 0.0098; 0.0000; 0.0000; 0.3235; 0.0980; 0.0784; 0.0000
0.0000; 0.0476; 0.9048; 0.0000; 0.0238; 0.0000; 0.0238; 0.0000; 0.0000
0.0000; 0.0000; 0.0588; 0.7059; 0.2157; 0.0000; 0.0196; 0.0000; 0.0000
0.0000; 0.0000; 0.0000; 0.3043; 0.6957; 0.0000; 0.0000; 0.0000; 0.0000
0.0127; 0.0127; 0.0000; 0.0000; 0.0000; 0.5190; 0.0000; 0.4557; 0.0000
0.0000; 0.6667; 0.0000; 0.0000; 0.0000; 0.0000; 0.3333; 0.0000; 0.0000
0.0667; 0.0933; 0.0000; 0.0000; 0.0000; 0.2400; 0.0267; 0.5733; 0.0000
Bootstrap 6
Run TT with 123 training and 62 tests
Run CD with 203 training and 102 tests
Run FKW with 83 training and 42 tests
Run KW with 100 training and 51 tests
Run LPLT with 44 training and 23 tests
Run RD with 156 training and 79 tests
Run WBD with 4 training and 3 tests
Run WSD with 150 training and 75 tests
Confusion Matrix 7.0
0.9355; 0.0161; 0.0161; 0.0000; 0.0000; 0.0000; 0.0000; 0.0323; 0.0000
0.0784; 0.6078; 0.0000; 0.0000; 0.0000; 0.0490; 0.2549; 0.0098; 0.0000
0.0000; 0.0238; 0.9524; 0.0000; 0.0238; 0.0000; 0.0000; 0.0000; 0.0000
0.0000; 0.0000; 0.1373; 0.7451; 0.1176; 0.0000; 0.0000; 0.0000; 0.0000
0.0000; 0.0000; 0.0000; 0.3478; 0.6522; 0.0000; 0.0000; 0.0000; 0.0000
0.1139; 0.1772; 0.0506; 0.0127; 0.0380; 0.4430; 0.0759; 0.0886; 0.0000
0.0000; 0.0000; 0.0000; 0.0000; 0.0000; 0.0000; 1.0000; 0.0000; 0.0000
0.0533; 0.1067; 0.0000; 0.0000; 0.0000; 0.3333; 0.0000; 0.5067; 0.0000
Bootstrap 7
Run TT with 123 training and 62 tests
Run CD with 203 training and 102 tests
Run FKW with 83 training and 42 tests
Run KW with 100 training and 51 tests
Run LPLT with 44 training and 23 tests
Run RD with 156 training and 79 tests
Run WBD with 4 training and 3 tests
Run WSD with 150 training and 75 tests
Confusion Matrix 8.0
0.4677; 0.3387; 0.0484; 0.0000; 0.0000; 0.0323; 0.0484; 0.0645; 0.0000
0.0980; 0.5000; 0.0000; 0.0000; 0.0000; 0.2843; 0.0490; 0.0686; 0.0000
0.0000; 0.0000; 0.9762; 0.0000; 0.0238; 0.0000; 0.0000; 0.0000; 0.0000
0.0000; 0.0000; 0.0392; 0.8235; 0.1373; 0.0000; 0.0000; 0.0000; 0.0000
0.0000; 0.0000; 0.0000; 0.0870; 0.9130; 0.0000; 0.0000; 0.0000; 0.0000
0.0759; 0.1772; 0.0253; 0.0127; 0.0380; 0.4557; 0.0506; 0.1646; 0.0000
0.0000; 1.0000; 0.0000; 0.0000; 0.0000; 0.0000; 0.0000; 0.0000; 0.0000
0.0667; 0.0800; 0.0000; 0.0000; 0.0000; 0.2800; 0.0133; 0.5600; 0.0000
Bootstrap 8
Run TT with 123 training and 62 tests
Run CD with 203 training and 102 tests
Run FKW with 83 training and 42 tests
Run KW with 100 training and 51 tests
Run LPLT with 44 training and 23 tests
Run RD with 156 training and 79 tests
Run WBD with 4 training and 3 tests
Run WSD with 150 training and 75 tests
Confusion Matrix 9.0
0.7903; 0.0806; 0.0000; 0.0000; 0.0161; 0.0161; 0.0323; 0.0645; 0.0000
0.0588; 0.5196; 0.0000; 0.0000; 0.0000; 0.1078; 0.3039; 0.0098; 0.0000
0.0000; 0.0000; 0.8571; 0.0000; 0.0952; 0.0000; 0.0476; 0.0000; 0.0000
0.0000; 0.0000; 0.0196; 0.8627; 0.1176; 0.0000; 0.0000; 0.0000; 0.0000
0.0000; 0.0000; 0.0000; 0.4783; 0.5217; 0.0000; 0.0000; 0.0000; 0.0000
0.0000; 0.0886; 0.0000; 0.0000; 0.0000; 0.6076; 0.0127; 0.2911; 0.0000
0.0000; 0.0000; 0.0000; 0.0000; 0.0000; 0.0000; 1.0000; 0.0000; 0.0000
0.0667; 0.0533; 0.0000; 0.0000; 0.0000; 0.2800; 0.0533; 0.5467; 0.0000
Bootstrap 9
Run TT with 123 training and 62 tests
Run CD with 203 training and 102 tests
Run FKW with 83 training and 42 tests
Run KW with 100 training and 51 tests
Run LPLT with 44 training and 23 tests
Run RD with 156 training and 79 tests
Run WBD with 4 training and 3 tests
Run WSD with 150 training and 75 tests
Confusion Matrix 10.0
0.4194; 0.2581; 0.0323; 0.0000; 0.0000; 0.0968; 0.0806; 0.1129; 0.0000
0.0882; 0.4608; 0.0000; 0.0000; 0.0000; 0.2745; 0.0490; 0.1275; 0.0000
0.0000; 0.0000; 1.0000; 0.0000; 0.0000; 0.0000; 0.0000; 0.0000; 0.0000
0.0000; 0.0000; 0.0588; 0.8235; 0.1176; 0.0000; 0.0000; 0.0000; 0.0000
0.0000; 0.0000; 0.0000; 0.7826; 0.2174; 0.0000; 0.0000; 0.0000; 0.0000
0.0000; 0.0380; 0.0000; 0.0000; 0.0000; 0.6076; 0.0000; 0.3544; 0.0000
0.0000; 0.6667; 0.0000; 0.0000; 0.0000; 0.0000; 0.3333; 0.0000; 0.0000
0.0400; 0.0800; 0.0000; 0.0000; 0.0000; 0.2800; 0.0133; 0.5867; 0.0000
Bootstrap 10
Run TT with 123 training and 62 tests
Run CD with 203 training and 102 tests
Run FKW with 83 training and 42 tests
Run KW with 100 training and 51 tests
Run LPLT with 44 training and 23 tests
Run RD with 156 training and 79 tests
Run WBD with 4 training and 3 tests
Run WSD with 150 training and 75 tests
Confusion Matrix 11.0
0.7097; 0.2097; 0.0323; 0.0000; 0.0000; 0.0323; 0.0000; 0.0161; 0.0000
0.0882; 0.5196; 0.0098; 0.0000; 0.0000; 0.0686; 0.2451; 0.0686; 0.0000
0.0000; 0.0000; 0.9762; 0.0000; 0.0238; 0.0000; 0.0000; 0.0000; 0.0000
0.0000; 0.0000; 0.0588; 0.7255; 0.1961; 0.0000; 0.0196; 0.0000; 0.0000
0.0000; 0.0000; 0.0000; 0.5217; 0.4783; 0.0000; 0.0000; 0.0000; 0.0000
0.0633; 0.0506; 0.0253; 0.0000; 0.0506; 0.5316; 0.0759; 0.2025; 0.0000
0.0000; 0.6667; 0.0000; 0.0000; 0.0000; 0.3333; 0.0000; 0.0000; 0.0000
0.0800; 0.0533; 0.0000; 0.0000; 0.0133; 0.2800; 0.0133; 0.5600; 0.0000
Bootstrap 11
Run TT with 123 training and 62 tests
Run CD with 203 training and 102 tests
Run FKW with 83 training and 42 tests
Run KW with 100 training and 51 tests
Run LPLT with 44 training and 23 tests
Run RD with 156 training and 79 tests
Run WBD with 4 training and 3 tests
Run WSD with 150 training and 75 tests
Confusion Matrix 12.0
0.8387; 0.0645; 0.0161; 0.0000; 0.0000; 0.0323; 0.0000; 0.0484; 0.0000
0.0882; 0.4510; 0.0098; 0.0000; 0.0000; 0.3039; 0.0882; 0.0588; 0.0000
0.0000; 0.0476; 0.8571; 0.0000; 0.0714; 0.0000; 0.0238; 0.0000; 0.0000
0.0000; 0.0000; 0.0588; 0.7451; 0.1765; 0.0000; 0.0196; 0.0000; 0.0000
0.0000; 0.0000; 0.0000; 0.5217; 0.4783; 0.0000; 0.0000; 0.0000; 0.0000
0.0127; 0.0633; 0.0000; 0.0000; 0.0000; 0.6709; 0.0000; 0.2532; 0.0000
0.0000; 0.0000; 0.0000; 0.0000; 0.0000; 0.3333; 0.3333; 0.3333; 0.0000
0.0933; 0.0667; 0.0000; 0.0000; 0.0000; 0.2933; 0.0000; 0.5467; 0.0000
Bootstrap 12
Run TT with 123 training and 62 tests
Run CD with 203 training and 102 tests
Run FKW with 83 training and 42 tests
Run KW with 100 training and 51 tests
Run LPLT with 44 training and 23 tests
Run RD with 156 training and 79 tests
Run WBD with 4 training and 3 tests
Run WSD with 150 training and 75 tests
Confusion Matrix 13.0
0.8387; 0.0000; 0.0161; 0.0000; 0.0000; 0.0323; 0.0161; 0.0968; 0.0000
0.1176; 0.4608; 0.0196; 0.0000; 0.0000; 0.0784; 0.2549; 0.0686; 0.0000
0.0000; 0.0000; 0.9048; 0.0000; 0.0952; 0.0000; 0.0000; 0.0000; 0.0000
0.0000; 0.0000; 0.0980; 0.7255; 0.1765; 0.0000; 0.0000; 0.0000; 0.0000
0.0000; 0.0000; 0.0000; 0.3043; 0.6957; 0.0000; 0.0000; 0.0000; 0.0000
0.1139; 0.1772; 0.0253; 0.0000; 0.0506; 0.4430; 0.0633; 0.1266; 0.0000
0.0000; 0.0000; 0.0000; 0.0000; 0.0000; 0.0000; 1.0000; 0.0000; 0.0000
0.0933; 0.0667; 0.0000; 0.0000; 0.0000; 0.2400; 0.0267; 0.5733; 0.0000
Bootstrap 13
Run TT with 123 training and 62 tests
Run CD with 203 training and 102 tests
Run FKW with 83 training and 42 tests
Run KW with 100 training and 51 tests
Run LPLT with 44 training and 23 tests
Run RD with 156 training and 79 tests
Run WBD with 4 training and 3 tests
Run WSD with 150 training and 75 tests
Confusion Matrix 14.0
0.5000; 0.2903; 0.0323; 0.0000; 0.0000; 0.0645; 0.0161; 0.0968; 0.0000
0.1078; 0.2647; 0.0000; 0.0000; 0.0000; 0.3627; 0.1471; 0.1176; 0.0000
0.0000; 0.0000; 0.9524; 0.0000; 0.0000; 0.0000; 0.0476; 0.0000; 0.0000
0.0000; 0.0000; 0.0784; 0.6078; 0.3137; 0.0000; 0.0000; 0.0000; 0.0000
0.0000; 0.0000; 0.0870; 0.0870; 0.8261; 0.0000; 0.0000; 0.0000; 0.0000
0.0000; 0.0000; 0.0000; 0.0000; 0.0000; 0.6709; 0.0127; 0.3165; 0.0000
0.0000; 0.3333; 0.0000; 0.0000; 0.0000; 0.0000; 0.6667; 0.0000; 0.0000
0.0533; 0.0533; 0.0000; 0.0000; 0.0000; 0.2400; 0.0400; 0.6133; 0.0000
Bootstrap 14
Run TT with 123 training and 62 tests
Run CD with 203 training and 102 tests
Run FKW with 83 training and 42 tests
Run KW with 100 training and 51 tests
Run LPLT with 44 training and 23 tests
Run RD with 156 training and 79 tests
Run WBD with 4 training and 3 tests
Run WSD with 150 training and 75 tests
Confusion Matrix 15.0
0.6613; 0.1290; 0.0323; 0.0000; 0.0000; 0.0323; 0.0484; 0.0968; 0.0000
0.0294; 0.5196; 0.0000; 0.0000; 0.0000; 0.1176; 0.2941; 0.0392; 0.0000
0.0000; 0.0000; 0.9762; 0.0238; 0.0000; 0.0000; 0.0000; 0.0000; 0.0000
0.0000; 0.0000; 0.0392; 0.8431; 0.1176; 0.0000; 0.0000; 0.0000; 0.0000
0.0000; 0.0000; 0.0435; 0.3478; 0.6087; 0.0000; 0.0000; 0.0000; 0.0000
0.0000; 0.0000; 0.0000; 0.0000; 0.0000; 0.7595; 0.0253; 0.2152; 0.0000
0.0000; 0.0000; 0.0000; 0.0000; 0.0000; 0.0000; 1.0000; 0.0000; 0.0000
0.0400; 0.1200; 0.0000; 0.0000; 0.0000; 0.1733; 0.0667; 0.6000; 0.0000
Bootstrap 15
Run TT with 123 training and 62 tests
Run CD with 203 training and 102 tests
Run FKW with 83 training and 42 tests
Run KW with 100 training and 51 tests
Run LPLT with 44 training and 23 tests
Run RD with 156 training and 79 tests
Run WBD with 4 training and 3 tests
Run WSD with 150 training and 75 tests
Confusion Matrix 16.0
0.6452; 0.2258; 0.0000; 0.0000; 0.0000; 0.0645; 0.0323; 0.0323; 0.0000
0.0392; 0.6176; 0.0000; 0.0000; 0.0000; 0.1275; 0.2157; 0.0000; 0.0000
0.0000; 0.0476; 0.9286; 0.0000; 0.0000; 0.0000; 0.0238; 0.0000; 0.0000
0.0000; 0.0000; 0.0392; 0.6863; 0.2353; 0.0000; 0.0392; 0.0000; 0.0000
0.0000; 0.0000; 0.0435; 0.0870; 0.8261; 0.0000; 0.0435; 0.0000; 0.0000
0.0000; 0.0253; 0.0000; 0.0000; 0.0000; 0.6582; 0.0000; 0.3165; 0.0000
0.0000; 0.3333; 0.0000; 0.0000; 0.0000; 0.0000; 0.6667; 0.0000; 0.0000
0.0400; 0.0800; 0.0000; 0.0000; 0.0133; 0.3600; 0.0133; 0.4933; 0.0000
Bootstrap 16
Run TT with 123 training and 62 tests
Run CD with 203 training and 102 tests
Run FKW with 83 training and 42 tests
Run KW with 100 training and 51 tests
Run LPLT with 44 training and 23 tests
Run RD with 156 training and 79 tests
Run WBD with 4 training and 3 tests
Run WSD with 150 training and 75 tests
Confusion Matrix 17.0
0.5645; 0.2258; 0.0323; 0.0000; 0.0000; 0.0161; 0.0484; 0.1129; 0.0000
0.0980; 0.4608; 0.0000; 0.0000; 0.0000; 0.3235; 0.0490; 0.0686; 0.0000
0.0000; 0.0476; 0.9048; 0.0000; 0.0476; 0.0000; 0.0000; 0.0000; 0.0000
0.0000; 0.0000; 0.0392; 0.9020; 0.0588; 0.0000; 0.0000; 0.0000; 0.0000
0.0000; 0.0000; 0.0000; 0.7391; 0.2609; 0.0000; 0.0000; 0.0000; 0.0000
0.0000; 0.0253; 0.0000; 0.0000; 0.0000; 0.6329; 0.0000; 0.3418; 0.0000
0.0000; 0.6667; 0.0000; 0.0000; 0.0000; 0.0000; 0.3333; 0.0000; 0.0000
0.0667; 0.0800; 0.0000; 0.0000; 0.0000; 0.2267; 0.0400; 0.5867; 0.0000
Bootstrap 17
Run TT with 123 training and 62 tests
Run CD with 203 training and 102 tests
Run FKW with 83 training and 42 tests
Run KW with 100 training and 51 tests
Run LPLT with 44 training and 23 tests
Run RD with 156 training and 79 tests
Run WBD with 4 training and 3 tests
Run WSD with 150 training and 75 tests
Confusion Matrix 18.0
0.7419; 0.1290; 0.0000; 0.0000; 0.0000; 0.0161; 0.0484; 0.0645; 0.0000
0.0588; 0.4412; 0.0000; 0.0000; 0.0000; 0.0686; 0.3725; 0.0588; 0.0000
0.0000; 0.0476; 0.8810; 0.0000; 0.0714; 0.0000; 0.0000; 0.0000; 0.0000
0.0000; 0.0000; 0.0392; 0.8235; 0.1373; 0.0000; 0.0000; 0.0000; 0.0000
0.0000; 0.0000; 0.0000; 0.8261; 0.1739; 0.0000; 0.0000; 0.0000; 0.0000
0.0506; 0.2152; 0.0000; 0.0000; 0.0000; 0.5063; 0.0127; 0.2152; 0.0000
0.0000; 0.0000; 0.0000; 0.0000; 0.0000; 0.0000; 1.0000; 0.0000; 0.0000
0.0667; 0.1067; 0.0000; 0.0000; 0.0000; 0.3200; 0.0267; 0.4800; 0.0000
Bootstrap 18
Run TT with 123 training and 62 tests
Run CD with 203 training and 102 tests
Run FKW with 83 training and 42 tests
Run KW with 100 training and 51 tests
Run LPLT with 44 training and 23 tests
Run RD with 156 training and 79 tests
Run WBD with 4 training and 3 tests
Run WSD with 150 training and 75 tests
Confusion Matrix 19.0
0.7097; 0.1774; 0.0161; 0.0000; 0.0000; 0.0323; 0.0161; 0.0484; 0.0000
0.0588; 0.5980; 0.0000; 0.0000; 0.0000; 0.0882; 0.2549; 0.0000; 0.0000
0.0000; 0.0238; 0.8571; 0.0476; 0.0476; 0.0000; 0.0238; 0.0000; 0.0000
0.0000; 0.0000; 0.0392; 0.7451; 0.2157; 0.0000; 0.0000; 0.0000; 0.0000
0.0000; 0.0000; 0.0000; 0.3043; 0.6957; 0.0000; 0.0000; 0.0000; 0.0000
0.1139; 0.1266; 0.0000; 0.0000; 0.0506; 0.4557; 0.0759; 0.1772; 0.0000
0.0000; 0.0000; 0.0000; 0.0000; 0.0000; 0.0000; 1.0000; 0.0000; 0.0000
0.0533; 0.0933; 0.0000; 0.0000; 0.0133; 0.2933; 0.0000; 0.5467; 0.0000
Bootstrap 19
Run TT with 123 training and 62 tests
Run CD with 203 training and 102 tests
Run FKW with 83 training and 42 tests
Run KW with 100 training and 51 tests
Run LPLT with 44 training and 23 tests
Run RD with 156 training and 79 tests
Run WBD with 4 training and 3 tests
Run WSD with 150 training and 75 tests
Confusion Matrix 20.0
0.9355; 0.0000; 0.0161; 0.0000; 0.0000; 0.0000; 0.0000; 0.0484; 0.0000
0.1275; 0.4314; 0.0000; 0.0000; 0.0000; 0.2941; 0.0784; 0.0686; 0.0000
0.0000; 0.0476; 0.8571; 0.0000; 0.0952; 0.0000; 0.0000; 0.0000; 0.0000
0.0000; 0.0000; 0.0196; 0.7843; 0.1961; 0.0000; 0.0000; 0.0000; 0.0000
0.0000; 0.0000; 0.0000; 0.4783; 0.5217; 0.0000; 0.0000; 0.0000; 0.0000
0.0506; 0.1519; 0.0000; 0.0000; 0.0000; 0.5570; 0.0506; 0.1899; 0.0000
0.0000; 0.0000; 0.0000; 0.0000; 0.0000; 0.0000; 1.0000; 0.0000; 0.0000
0.1067; 0.0667; 0.0000; 0.0000; 0.0000; 0.2667; 0.0133; 0.5467; 0.0000
Bootstrap 20
Run TT with 123 training and 62 tests
Run CD with 203 training and 102 tests
Run FKW with 83 training and 42 tests
Run KW with 100 training and 51 tests
Run LPLT with 44 training and 23 tests
Run RD with 156 training and 79 tests
Run WBD with 4 training and 3 tests
Run WSD with 150 training and 75 tests
Confusion Matrix 21.0
0.9194; 0.0000; 0.0161; 0.0000; 0.0000; 0.0000; 0.0000; 0.0645; 0.0000
0.0686; 0.8039; 0.0000; 0.0000; 0.0000; 0.0294; 0.0980; 0.0000; 0.0000
0.0000; 0.0238; 0.9762; 0.0000; 0.0000; 0.0000; 0.0000; 0.0000; 0.0000
0.0000; 0.0000; 0.0980; 0.7451; 0.1569; 0.0000; 0.0000; 0.0000; 0.0000
0.0000; 0.0000; 0.0000; 0.2174; 0.7826; 0.0000; 0.0000; 0.0000; 0.0000
0.0759; 0.2025; 0.0253; 0.0000; 0.0506; 0.3924; 0.0633; 0.1899; 0.0000
0.0000; 1.0000; 0.0000; 0.0000; 0.0000; 0.0000; 0.0000; 0.0000; 0.0000
0.0933; 0.0933; 0.0000; 0.0000; 0.0133; 0.2933; 0.0133; 0.4933; 0.0000
Bootstrap 21
Run TT with 123 training and 62 tests
Run CD with 203 training and 102 tests
Run FKW with 83 training and 42 tests
Run KW with 100 training and 51 tests
Run LPLT with 44 training and 23 tests
Run RD with 156 training and 79 tests
Run WBD with 4 training and 3 tests
Run WSD with 150 training and 75 tests
Confusion Matrix 22.0
0.6613; 0.1613; 0.0323; 0.0000; 0.0000; 0.0323; 0.0323; 0.0806; 0.0000
0.0588; 0.6275; 0.0000; 0.0000; 0.0000; 0.0588; 0.2549; 0.0000; 0.0000
0.0000; 0.0000; 0.9762; 0.0000; 0.0238; 0.0000; 0.0000; 0.0000; 0.0000
0.0000; 0.0000; 0.0784; 0.6471; 0.2745; 0.0000; 0.0000; 0.0000; 0.0000
0.0000; 0.0000; 0.0000; 0.1739; 0.7826; 0.0000; 0.0435; 0.0000; 0.0000
0.0633; 0.1013; 0.0000; 0.0000; 0.0000; 0.5063; 0.1519; 0.1772; 0.0000
0.0000; 0.0000; 0.0000; 0.0000; 0.0000; 0.0000; 1.0000; 0.0000; 0.0000
0.0667; 0.0933; 0.0000; 0.0000; 0.0000; 0.2400; 0.0533; 0.5467; 0.0000
Bootstrap 22
Run TT with 123 training and 62 tests
Run CD with 203 training and 102 tests
Run FKW with 83 training and 42 tests
Run KW with 100 training and 51 tests
Run LPLT with 44 training and 23 tests
Run RD with 156 training and 79 tests
Run WBD with 4 training and 3 tests
Run WSD with 150 training and 75 tests
Confusion Matrix 23.0
0.2903; 0.4355; 0.0484; 0.0000; 0.0000; 0.1129; 0.0968; 0.0161; 0.0000
0.0294; 0.5392; 0.0000; 0.0000; 0.0000; 0.0490; 0.3725; 0.0098; 0.0000
0.0000; 0.0000; 0.9762; 0.0238; 0.0000; 0.0000; 0.0000; 0.0000; 0.0000
0.0000; 0.0000; 0.0392; 0.8235; 0.1176; 0.0000; 0.0196; 0.0000; 0.0000
0.0000; 0.0000; 0.0870; 0.0870; 0.8261; 0.0000; 0.0000; 0.0000; 0.0000
0.0506; 0.1899; 0.0000; 0.0000; 0.0000; 0.5063; 0.0253; 0.2278; 0.0000
0.0000; 0.3333; 0.0000; 0.0000; 0.0000; 0.0000; 0.6667; 0.0000; 0.0000
0.0400; 0.1067; 0.0000; 0.0000; 0.0000; 0.2667; 0.0400; 0.5467; 0.0000
Bootstrap 23
Run TT with 123 training and 62 tests
Run CD with 203 training and 102 tests
Run FKW with 83 training and 42 tests
Run KW with 100 training and 51 tests
Run LPLT with 44 training and 23 tests
Run RD with 156 training and 79 tests
Run WBD with 4 training and 3 tests
Run WSD with 150 training and 75 tests
Confusion Matrix 24.0
0.9516; 0.0000; 0.0161; 0.0000; 0.0000; 0.0000; 0.0000; 0.0323; 0.0000
0.0294; 0.5784; 0.0098; 0.0000; 0.0000; 0.0686; 0.2941; 0.0196; 0.0000
0.0000; 0.0238; 0.8810; 0.0000; 0.0238; 0.0000; 0.0714; 0.0000; 0.0000
0.0000; 0.0000; 0.0000; 0.8235; 0.1765; 0.0000; 0.0000; 0.0000; 0.0000
0.0000; 0.0000; 0.0000; 0.4783; 0.5217; 0.0000; 0.0000; 0.0000; 0.0000
0.0759; 0.1772; 0.0380; 0.0000; 0.0253; 0.4557; 0.0759; 0.1519; 0.0000
0.0000; 0.0000; 0.0000; 0.0000; 0.0000; 0.0000; 1.0000; 0.0000; 0.0000
0.0933; 0.0800; 0.0000; 0.0000; 0.0000; 0.3200; 0.0267; 0.4800; 0.0000
Bootstrap 24
Run TT with 123 training and 62 tests
Run CD with 203 training and 102 tests
Run FKW with 83 training and 42 tests
Run KW with 100 training and 51 tests
Run LPLT with 44 training and 23 tests
Run RD with 156 training and 79 tests
Run WBD with 4 training and 3 tests
Run WSD with 150 training and 75 tests
Confusion Matrix 25.0
0.6935; 0.1774; 0.0161; 0.0000; 0.0000; 0.0484; 0.0484; 0.0161; 0.0000
0.0686; 0.5784; 0.0000; 0.0000; 0.0000; 0.1471; 0.1667; 0.0392; 0.0000
0.0000; 0.0238; 0.9524; 0.0238; 0.0000; 0.0000; 0.0000; 0.0000; 0.0000
0.0000; 0.0000; 0.0196; 0.8235; 0.1569; 0.0000; 0.0000; 0.0000; 0.0000
0.0000; 0.0000; 0.0000; 0.4348; 0.5652; 0.0000; 0.0000; 0.0000; 0.0000
0.0127; 0.0506; 0.0000; 0.0000; 0.0000; 0.6835; 0.0000; 0.2532; 0.0000
0.0000; 0.6667; 0.0000; 0.0000; 0.0000; 0.0000; 0.3333; 0.0000; 0.0000
0.0667; 0.0533; 0.0000; 0.0000; 0.0133; 0.3200; 0.0133; 0.5333; 0.0000
Bootstrap 25
Run TT with 123 training and 62 tests
Run CD with 203 training and 102 tests
Run FKW with 83 training and 42 tests
Run KW with 100 training and 51 tests
Run LPLT with 44 training and 23 tests
Run RD with 156 training and 79 tests
Run WBD with 4 training and 3 tests
Run WSD with 150 training and 75 tests
Confusion Matrix 26.0
0.9355; 0.0000; 0.0161; 0.0000; 0.0000; 0.0323; 0.0000; 0.0161; 0.0000
0.0882; 0.5392; 0.0000; 0.0000; 0.0000; 0.1765; 0.1569; 0.0392; 0.0000
0.0000; 0.0238; 0.9286; 0.0238; 0.0000; 0.0000; 0.0238; 0.0000; 0.0000
0.0000; 0.0000; 0.0196; 0.8431; 0.1373; 0.0000; 0.0000; 0.0000; 0.0000
0.0000; 0.0000; 0.0435; 0.1304; 0.8261; 0.0000; 0.0000; 0.0000; 0.0000
0.0253; 0.0127; 0.0000; 0.0000; 0.0000; 0.5443; 0.0000; 0.4177; 0.0000
0.0000; 0.3333; 0.0000; 0.0000; 0.0000; 0.0000; 0.6667; 0.0000; 0.0000
0.0800; 0.0533; 0.0000; 0.0000; 0.0000; 0.2933; 0.0533; 0.5200; 0.0000
Bootstrap 26
Run TT with 123 training and 62 tests
Run CD with 203 training and 102 tests
Run FKW with 83 training and 42 tests
Run KW with 100 training and 51 tests
Run LPLT with 44 training and 23 tests
Run RD with 156 training and 79 tests
Run WBD with 4 training and 3 tests
Run WSD with 150 training and 75 tests
Confusion Matrix 27.0
0.9194; 0.0000; 0.0161; 0.0000; 0.0161; 0.0161; 0.0000; 0.0323; 0.0000
0.0588; 0.5294; 0.0000; 0.0000; 0.0000; 0.0980; 0.2843; 0.0294; 0.0000
0.0000; 0.0000; 0.9762; 0.0238; 0.0000; 0.0000; 0.0000; 0.0000; 0.0000
0.0000; 0.0000; 0.0196; 0.8431; 0.1176; 0.0000; 0.0196; 0.0000; 0.0000
0.0000; 0.0000; 0.0000; 0.4783; 0.5217; 0.0000; 0.0000; 0.0000; 0.0000
0.0127; 0.0380; 0.0000; 0.0000; 0.0000; 0.7342; 0.0000; 0.2152; 0.0000
0.0000; 0.3333; 0.0000; 0.0000; 0.0000; 0.0000; 0.6667; 0.0000; 0.0000
0.1067; 0.0667; 0.0000; 0.0000; 0.0000; 0.3200; 0.0133; 0.4933; 0.0000
Bootstrap 27
Run TT with 123 training and 62 tests
Run CD with 203 training and 102 tests
Run FKW with 83 training and 42 tests
Run KW with 100 training and 51 tests
Run LPLT with 44 training and 23 tests
Run RD with 156 training and 79 tests
Run WBD with 4 training and 3 tests
Run WSD with 150 training and 75 tests
Confusion Matrix 28.0
0.4032; 0.3387; 0.0323; 0.0000; 0.0000; 0.0645; 0.0968; 0.0645; 0.0000
0.0490; 0.5098; 0.0000; 0.0000; 0.0000; 0.2157; 0.1667; 0.0588; 0.0000
0.0000; 0.0476; 0.8571; 0.0000; 0.0714; 0.0000; 0.0238; 0.0000; 0.0000
0.0000; 0.0000; 0.0588; 0.6863; 0.2549; 0.0000; 0.0000; 0.0000; 0.0000
0.0000; 0.0000; 0.0435; 0.1304; 0.8261; 0.0000; 0.0000; 0.0000; 0.0000
0.0759; 0.2025; 0.0000; 0.0000; 0.0127; 0.4810; 0.0506; 0.1772; 0.0000
0.0000; 0.0000; 0.0000; 0.0000; 0.0000; 0.0000; 1.0000; 0.0000; 0.0000
0.0667; 0.0533; 0.0000; 0.0000; 0.0000; 0.2933; 0.0267; 0.5600; 0.0000
Bootstrap 28
Run TT with 123 training and 62 tests
Run CD with 203 training and 102 tests
Run FKW with 83 training and 42 tests
Run KW with 100 training and 51 tests
Run LPLT with 44 training and 23 tests
Run RD with 156 training and 79 tests
Run WBD with 4 training and 3 tests
Run WSD with 150 training and 75 tests
Confusion Matrix 29.0
0.4516; 0.3387; 0.0161; 0.0000; 0.0000; 0.0806; 0.0484; 0.0645; 0.0000
0.1078; 0.4314; 0.0098; 0.0000; 0.0000; 0.3039; 0.0490; 0.0980; 0.0000
0.0000; 0.0000; 0.9762; 0.0238; 0.0000; 0.0000; 0.0000; 0.0000; 0.0000
0.0000; 0.0000; 0.0784; 0.6275; 0.2941; 0.0000; 0.0000; 0.0000; 0.0000
0.0000; 0.0000; 0.0000; 0.1739; 0.8261; 0.0000; 0.0000; 0.0000; 0.0000
0.0127; 0.0127; 0.0000; 0.0000; 0.0000; 0.6203; 0.0000; 0.3544; 0.0000
0.0000; 1.0000; 0.0000; 0.0000; 0.0000; 0.0000; 0.0000; 0.0000; 0.0000
0.0267; 0.0400; 0.0000; 0.0000; 0.0000; 0.3333; 0.0000; 0.6000; 0.0000
Bootstrap 29
Run TT with 123 training and 62 tests
Run CD with 203 training and 102 tests
Run FKW with 83 training and 42 tests
Run KW with 100 training and 51 tests
Run LPLT with 44 training and 23 tests
Run RD with 156 training and 79 tests
Run WBD with 4 training and 3 tests
Run WSD with 150 training and 75 tests
Confusion Matrix 30.0
0.5000; 0.1935; 0.0484; 0.0000; 0.0000; 0.0323; 0.1129; 0.1129; 0.0000
0.0490; 0.5588; 0.0000; 0.0000; 0.0000; 0.1471; 0.2353; 0.0098; 0.0000
0.0000; 0.0000; 0.9048; 0.0000; 0.0476; 0.0000; 0.0238; 0.0238; 0.0000
0.0000; 0.0000; 0.0196; 0.8824; 0.0784; 0.0000; 0.0196; 0.0000; 0.0000
0.0000; 0.0000; 0.0000; 0.6957; 0.3043; 0.0000; 0.0000; 0.0000; 0.0000
0.0127; 0.0253; 0.0000; 0.0000; 0.0253; 0.5823; 0.0127; 0.3418; 0.0000
0.0000; 0.0000; 0.0000; 0.0000; 0.0000; 0.0000; 1.0000; 0.0000; 0.0000
0.0667; 0.1067; 0.0000; 0.0000; 0.0000; 0.2667; 0.0267; 0.5333; 0.0000
Mean confusion
0.6753; 0.1575; 0.0220; 0.0000; 0.0016; 0.0435; 0.0403; 0.0597; 0.0000
0.0758; 0.5131; 0.0026; 0.0000; 0.0000; 0.1752; 0.1866; 0.0467; 0.0000
0.0000; 0.0167; 0.9310; 0.0087; 0.0294; 0.0000; 0.0135; 0.0008; 0.0000
0.0000; 0.0000; 0.0484; 0.7817; 0.1641; 0.0000; 0.0059; 0.0000; 0.0000
0.0000; 0.0000; 0.0159; 0.3913; 0.5899; 0.0000; 0.0029; 0.0000; 0.0000
0.0350; 0.0857; 0.0063; 0.0008; 0.0114; 0.5806; 0.0283; 0.2519; 0.0000
0.0000; 0.3556; 0.0000; 0.0000; 0.0000; 0.0222; 0.6111; 0.0111; 0.0000
0.0680; 0.0773; 0.0000; 0.0000; 0.0027; 0.2822; 0.0236; 0.5462; 0.0000
STD Confusion
0.2111; 0.1309; 0.0137; 0.0000; 0.0049; 0.0379; 0.0436; 0.0312; 0.0000
0.0307; 0.1027; 0.0051; 0.0000; 0.0000; 0.1075; 0.0977; 0.0349; 0.0000
0.0000; 0.0199; 0.0457; 0.0146; 0.0323; 0.0000; 0.0195; 0.0043; 0.0000
0.0000; 0.0000; 0.0308; 0.0812; 0.0668; 0.0000; 0.0105; 0.0000; 0.0000
0.0000; 0.0000; 0.0291; 0.2433; 0.2239; 0.0000; 0.0110; 0.0000; 0.0000
0.0386; 0.0733; 0.0136; 0.0032; 0.0192; 0.1047; 0.0371; 0.0880; 0.0000
0.0000; 0.3494; 0.0000; 0.0000; 0.0000; 0.0846; 0.3618; 0.0609; 0.0000
0.0251; 0.0205; 0.0000; 0.0000; 0.0054; 0.0398; 0.0191; 0.0375; 0.0000
Lower 95% CI
0.2903; 0.0000; 0.0000; 0.0000; 0.0000; 0.0000; 0.0000; 0.0161; 0.0000
0.0294; 0.2647; 0.0000; 0.0000; 0.0000; 0.0294; 0.0490; 0.0000; 0.0000
0.0000; 0.0000; 0.8571; 0.0000; 0.0000; 0.0000; 0.0000; 0.0000; 0.0000
0.0000; 0.0000; 0.0000; 0.6078; 0.0392; 0.0000; 0.0000; 0.0000; 0.0000
0.0000; 0.0000; 0.0000; 0.0000; 0.1739; 0.0000; 0.0000; 0.0000; 0.0000
0.0000; 0.0000; 0.0000; 0.0000; 0.0000; 0.3924; 0.0000; 0.0886; 0.0000
0.0000; 0.0000; 0.0000; 0.0000; 0.0000; 0.0000; 0.0000; 0.0000; 0.0000
0.0267; 0.0400; 0.0000; 0.0000; 0.0000; 0.1733; 0.0000; 0.4800; 0.0000
Upper 95% CI
0.9516; 0.4355; 0.0484; 0.0000; 0.0161; 0.1613; 0.1613; 0.1129; 0.0000
0.1569; 0.8039; 0.0196; 0.0000; 0.0000; 0.3627; 0.3725; 0.1275; 0.0000
0.0000; 0.0476; 1.0000; 0.0476; 0.0952; 0.0000; 0.0714; 0.0238; 0.0000
0.0000; 0.0000; 0.1373; 0.9216; 0.3137; 0.0000; 0.0392; 0.0000; 0.0000
0.0000; 0.0000; 0.0870; 0.8261; 0.9130; 0.0000; 0.0435; 0.0000; 0.0000
0.1139; 0.2152; 0.0506; 0.0127; 0.0506; 0.7722; 0.1519; 0.4557; 0.0000
0.0000; 1.0000; 0.0000; 0.0000; 0.0000; 0.3333; 1.0000; 0.3333; 0.0000
0.1333; 0.1200; 0.0000; 0.0000; 0.0133; 0.3600; 0.0667; 0.6133; 0.0000
Run TT with 185 training and 0 tests
Run CD with 305 training and 0 tests
Run FKW with 125 training and 0 tests
Run KW with 151 training and 0 tests
Run LPLT with 67 training and 0 tests
Run RD with 235 training and 0 tests
Run WBD with 7 training and 0 tests
Run WSD with 225 training and 0 tests