Total Bootstraps 30
Num Species 8
FragmentLength 20; Section Length 60
TT; CD; FKW; KW; LPLT; RD; WBD; WSD
Bootstrap 0
Run TT with 159 training and 80 tests
Run CD with 257 training and 129 tests
Run FKW with 98 training and 49 tests
Run KW with 133 training and 67 tests
Run LPLT with 59 training and 30 tests
Run RD with 208 training and 105 tests
Run WBD with 6 training and 3 tests
Run WSD with 199 training and 100 tests
Confusion Matrix 1.0
0.5375; 0.2375; 0.0375; 0.0000; 0.0000; 0.1000; 0.0875; 0.0000; 0.0000
0.0620; 0.4961; 0.0000; 0.0000; 0.0000; 0.1783; 0.2636; 0.0000; 0.0000
0.0000; 0.0204; 0.8980; 0.0000; 0.0408; 0.0000; 0.0408; 0.0000; 0.0000
0.0000; 0.0000; 0.0299; 0.6866; 0.2836; 0.0000; 0.0000; 0.0000; 0.0000
0.0000; 0.0000; 0.0000; 0.5333; 0.4667; 0.0000; 0.0000; 0.0000; 0.0000
0.0000; 0.0952; 0.0000; 0.0000; 0.0000; 0.6857; 0.0000; 0.2190; 0.0000
0.0000; 0.6667; 0.0000; 0.0000; 0.0000; 0.0000; 0.3333; 0.0000; 0.0000
0.0800; 0.0600; 0.0000; 0.0000; 0.0000; 0.2900; 0.0200; 0.5500; 0.0000
Bootstrap 1
Run TT with 159 training and 80 tests
Run CD with 257 training and 129 tests
Run FKW with 98 training and 49 tests
Run KW with 133 training and 67 tests
Run LPLT with 59 training and 30 tests
Run RD with 208 training and 105 tests
Run WBD with 6 training and 3 tests
Run WSD with 199 training and 100 tests
Confusion Matrix 2.0
0.8000; 0.1000; 0.0125; 0.0000; 0.0000; 0.0250; 0.0250; 0.0375; 0.0000
0.0698; 0.4186; 0.0000; 0.0000; 0.0000; 0.1085; 0.3256; 0.0775; 0.0000
0.0000; 0.0000; 0.8776; 0.0000; 0.0612; 0.0000; 0.0408; 0.0204; 0.0000
0.0000; 0.0000; 0.0597; 0.6567; 0.2687; 0.0000; 0.0149; 0.0000; 0.0000
0.0000; 0.0000; 0.0000; 0.2667; 0.7333; 0.0000; 0.0000; 0.0000; 0.0000
0.0190; 0.0095; 0.0000; 0.0000; 0.0095; 0.6286; 0.0095; 0.3238; 0.0000
0.0000; 0.0000; 0.0000; 0.0000; 0.0000; 0.0000; 1.0000; 0.0000; 0.0000
0.0900; 0.0700; 0.0000; 0.0000; 0.0000; 0.2100; 0.0200; 0.6100; 0.0000
Bootstrap 2
Run TT with 159 training and 80 tests
Run CD with 257 training and 129 tests
Run FKW with 98 training and 49 tests
Run KW with 133 training and 67 tests
Run LPLT with 59 training and 30 tests
Run RD with 208 training and 105 tests
Run WBD with 6 training and 3 tests
Run WSD with 199 training and 100 tests
Confusion Matrix 3.0
0.9000; 0.0000; 0.0250; 0.0000; 0.0000; 0.0125; 0.0125; 0.0500; 0.0000
0.0465; 0.3953; 0.0000; 0.0000; 0.0000; 0.1628; 0.3101; 0.0853; 0.0000
0.0000; 0.0000; 0.9184; 0.0204; 0.0204; 0.0000; 0.0408; 0.0000; 0.0000
0.0000; 0.0000; 0.0000; 0.8060; 0.1940; 0.0000; 0.0000; 0.0000; 0.0000
0.0000; 0.0000; 0.0667; 0.0667; 0.7667; 0.0000; 0.1000; 0.0000; 0.0000
0.0000; 0.0857; 0.0000; 0.0000; 0.0000; 0.6952; 0.0000; 0.2190; 0.0000
0.0000; 0.0000; 0.0000; 0.0000; 0.0000; 0.0000; 1.0000; 0.0000; 0.0000
0.1000; 0.0700; 0.0100; 0.0000; 0.0000; 0.2800; 0.0200; 0.5200; 0.0000
Bootstrap 3
Run TT with 159 training and 80 tests
Run CD with 257 training and 129 tests
Run FKW with 98 training and 49 tests
Run KW with 133 training and 67 tests
Run LPLT with 59 training and 30 tests
Run RD with 208 training and 105 tests
Run WBD with 6 training and 3 tests
Run WSD with 199 training and 100 tests
Confusion Matrix 4.0
0.8875; 0.0000; 0.0250; 0.0000; 0.0250; 0.0250; 0.0250; 0.0125; 0.0000
0.1085; 0.5736; 0.0078; 0.0000; 0.0000; 0.0853; 0.1783; 0.0465; 0.0000
0.0000; 0.0000; 0.9184; 0.0000; 0.0612; 0.0000; 0.0204; 0.0000; 0.0000
0.0000; 0.0000; 0.0597; 0.5970; 0.3433; 0.0000; 0.0000; 0.0000; 0.0000
0.0000; 0.0000; 0.0333; 0.2333; 0.7333; 0.0000; 0.0000; 0.0000; 0.0000
0.1048; 0.2095; 0.0190; 0.0000; 0.0952; 0.3714; 0.0667; 0.1333; 0.0000
0.0000; 0.3333; 0.0000; 0.0000; 0.0000; 0.0000; 0.6667; 0.0000; 0.0000
0.1100; 0.0500; 0.0000; 0.0000; 0.0000; 0.3100; 0.0200; 0.5100; 0.0000
Bootstrap 4
Run TT with 159 training and 80 tests
Run CD with 257 training and 129 tests
Run FKW with 98 training and 49 tests
Run KW with 133 training and 67 tests
Run LPLT with 59 training and 30 tests
Run RD with 208 training and 105 tests
Run WBD with 6 training and 3 tests
Run WSD with 199 training and 100 tests
Confusion Matrix 5.0
0.3250; 0.3375; 0.0625; 0.0000; 0.0000; 0.1375; 0.1000; 0.0375; 0.0000
0.0233; 0.6512; 0.0000; 0.0000; 0.0000; 0.1628; 0.1628; 0.0000; 0.0000
0.0000; 0.0000; 0.9184; 0.0000; 0.0816; 0.0000; 0.0000; 0.0000; 0.0000
0.0000; 0.0000; 0.0597; 0.6866; 0.2537; 0.0000; 0.0000; 0.0000; 0.0000
0.0000; 0.0000; 0.0000; 0.4667; 0.5333; 0.0000; 0.0000; 0.0000; 0.0000
0.0000; 0.0190; 0.0000; 0.0000; 0.0000; 0.7238; 0.0000; 0.2571; 0.0000
0.0000; 0.6667; 0.0000; 0.0000; 0.0000; 0.3333; 0.0000; 0.0000; 0.0000
0.0600; 0.0900; 0.0000; 0.0000; 0.0000; 0.2100; 0.0200; 0.6200; 0.0000
Bootstrap 5
Run TT with 159 training and 80 tests
Run CD with 257 training and 129 tests
Run FKW with 98 training and 49 tests
Run KW with 133 training and 67 tests
Run LPLT with 59 training and 30 tests
Run RD with 208 training and 105 tests
Run WBD with 6 training and 3 tests
Run WSD with 199 training and 100 tests
Confusion Matrix 6.0
0.3875; 0.2750; 0.0625; 0.0000; 0.0000; 0.0750; 0.1250; 0.0750; 0.0000
0.0388; 0.5814; 0.0000; 0.0000; 0.0000; 0.1628; 0.2171; 0.0000; 0.0000
0.0000; 0.0000; 0.8367; 0.0000; 0.0816; 0.0000; 0.0612; 0.0204; 0.0000
0.0000; 0.0000; 0.0149; 0.8955; 0.0896; 0.0000; 0.0000; 0.0000; 0.0000
0.0000; 0.0000; 0.0333; 0.2667; 0.7000; 0.0000; 0.0000; 0.0000; 0.0000
0.0000; 0.0571; 0.0000; 0.0000; 0.0000; 0.7238; 0.0000; 0.2190; 0.0000
0.0000; 0.0000; 0.0000; 0.0000; 0.0000; 0.3333; 0.6667; 0.0000; 0.0000
0.0500; 0.0700; 0.0000; 0.0000; 0.0000; 0.3000; 0.0200; 0.5600; 0.0000
Bootstrap 6
Run TT with 159 training and 80 tests
Run CD with 257 training and 129 tests
Run FKW with 98 training and 49 tests
Run KW with 133 training and 67 tests
Run LPLT with 59 training and 30 tests
Run RD with 208 training and 105 tests
Run WBD with 6 training and 3 tests
Run WSD with 199 training and 100 tests
Confusion Matrix 7.0
0.4000; 0.2625; 0.0250; 0.0000; 0.0125; 0.0625; 0.1375; 0.1000; 0.0000
0.0775; 0.4341; 0.0155; 0.0000; 0.0000; 0.2558; 0.0930; 0.1240; 0.0000
0.0000; 0.0000; 0.8980; 0.0612; 0.0204; 0.0204; 0.0000; 0.0000; 0.0000
0.0000; 0.0000; 0.0299; 0.7761; 0.1940; 0.0000; 0.0000; 0.0000; 0.0000
0.0000; 0.0000; 0.0000; 0.3333; 0.6667; 0.0000; 0.0000; 0.0000; 0.0000
0.0000; 0.0762; 0.0000; 0.0000; 0.0000; 0.5524; 0.0000; 0.3714; 0.0000
0.0000; 0.3333; 0.0000; 0.0000; 0.0000; 0.3333; 0.3333; 0.0000; 0.0000
0.0600; 0.0500; 0.0000; 0.0000; 0.0200; 0.3200; 0.0300; 0.5200; 0.0000
Bootstrap 7
Run TT with 159 training and 80 tests
Run CD with 257 training and 129 tests
Run FKW with 98 training and 49 tests
Run KW with 133 training and 67 tests
Run LPLT with 59 training and 30 tests
Run RD with 208 training and 105 tests
Run WBD with 6 training and 3 tests
Run WSD with 199 training and 100 tests
Confusion Matrix 8.0
0.8750; 0.0000; 0.0000; 0.0000; 0.0125; 0.0500; 0.0125; 0.0500; 0.0000
0.1085; 0.3023; 0.0000; 0.0000; 0.0000; 0.0620; 0.5194; 0.0078; 0.0000
0.0000; 0.0000; 0.8980; 0.0204; 0.0612; 0.0000; 0.0204; 0.0000; 0.0000
0.0000; 0.0000; 0.0597; 0.7164; 0.2239; 0.0000; 0.0000; 0.0000; 0.0000
0.0000; 0.0000; 0.0000; 0.4333; 0.5667; 0.0000; 0.0000; 0.0000; 0.0000
0.0952; 0.1143; 0.0095; 0.0000; 0.1238; 0.4476; 0.0952; 0.1143; 0.0000
0.0000; 0.0000; 0.0000; 0.0000; 0.0000; 0.0000; 1.0000; 0.0000; 0.0000
0.0500; 0.0800; 0.0100; 0.0000; 0.0200; 0.3600; 0.0300; 0.4500; 0.0000
Bootstrap 8
Run TT with 159 training and 80 tests
Run CD with 257 training and 129 tests
Run FKW with 98 training and 49 tests
Run KW with 133 training and 67 tests
Run LPLT with 59 training and 30 tests
Run RD with 208 training and 105 tests
Run WBD with 6 training and 3 tests
Run WSD with 199 training and 100 tests
Confusion Matrix 9.0
0.9000; 0.0125; 0.0125; 0.0000; 0.0250; 0.0125; 0.0125; 0.0250; 0.0000
0.0775; 0.6434; 0.0155; 0.0000; 0.0000; 0.1008; 0.1395; 0.0233; 0.0000
0.0000; 0.0204; 0.8571; 0.0204; 0.1020; 0.0000; 0.0000; 0.0000; 0.0000
0.0000; 0.0000; 0.0746; 0.7164; 0.1791; 0.0000; 0.0299; 0.0000; 0.0000
0.0000; 0.0000; 0.0000; 0.5333; 0.4667; 0.0000; 0.0000; 0.0000; 0.0000
0.0000; 0.0190; 0.0000; 0.0000; 0.0000; 0.5905; 0.0095; 0.3810; 0.0000
0.0000; 0.6667; 0.0000; 0.0000; 0.0000; 0.0000; 0.3333; 0.0000; 0.0000
0.0900; 0.0500; 0.0000; 0.0000; 0.0000; 0.2100; 0.0200; 0.6300; 0.0000
Bootstrap 9
Run TT with 159 training and 80 tests
Run CD with 257 training and 129 tests
Run FKW with 98 training and 49 tests
Run KW with 133 training and 67 tests
Run LPLT with 59 training and 30 tests
Run RD with 208 training and 105 tests
Run WBD with 6 training and 3 tests
Run WSD with 199 training and 100 tests
Confusion Matrix 10.0
0.7250; 0.0875; 0.0250; 0.0000; 0.0000; 0.0750; 0.0500; 0.0375; 0.0000
0.0853; 0.4651; 0.0078; 0.0000; 0.0000; 0.2171; 0.1473; 0.0775; 0.0000
0.0000; 0.0000; 0.9184; 0.0000; 0.0408; 0.0000; 0.0204; 0.0204; 0.0000
0.0000; 0.0000; 0.0299; 0.7463; 0.2239; 0.0000; 0.0000; 0.0000; 0.0000
0.0000; 0.0000; 0.0000; 0.2000; 0.8000; 0.0000; 0.0000; 0.0000; 0.0000
0.0952; 0.1333; 0.0381; 0.0000; 0.0857; 0.4190; 0.0762; 0.1524; 0.0000
0.0000; 0.3333; 0.0000; 0.0000; 0.0000; 0.0000; 0.6667; 0.0000; 0.0000
0.1100; 0.0300; 0.0000; 0.0000; 0.0000; 0.3100; 0.0300; 0.5200; 0.0000
Bootstrap 10
Run TT with 159 training and 80 tests
Run CD with 257 training and 129 tests
Run FKW with 98 training and 49 tests
Run KW with 133 training and 67 tests
Run LPLT with 59 training and 30 tests
Run RD with 208 training and 105 tests
Run WBD with 6 training and 3 tests
Run WSD with 199 training and 100 tests
Confusion Matrix 11.0
0.4375; 0.2375; 0.0250; 0.0000; 0.0125; 0.1250; 0.1125; 0.0500; 0.0000
0.0930; 0.4109; 0.0155; 0.0000; 0.0000; 0.2248; 0.1473; 0.1085; 0.0000
0.0000; 0.0408; 0.9592; 0.0000; 0.0000; 0.0000; 0.0000; 0.0000; 0.0000
0.0000; 0.0000; 0.0448; 0.8209; 0.1343; 0.0000; 0.0000; 0.0000; 0.0000
0.0000; 0.0000; 0.0333; 0.2333; 0.7333; 0.0000; 0.0000; 0.0000; 0.0000
0.0000; 0.0000; 0.0000; 0.0000; 0.0000; 0.7238; 0.0000; 0.2762; 0.0000
0.0000; 0.3333; 0.0000; 0.0000; 0.0000; 0.0000; 0.6667; 0.0000; 0.0000
0.0500; 0.0800; 0.0100; 0.0000; 0.0000; 0.2400; 0.0400; 0.5800; 0.0000
Bootstrap 11
Run TT with 159 training and 80 tests
Run CD with 257 training and 129 tests
Run FKW with 98 training and 49 tests
Run KW with 133 training and 67 tests
Run LPLT with 59 training and 30 tests
Run RD with 208 training and 105 tests
Run WBD with 6 training and 3 tests
Run WSD with 199 training and 100 tests
Confusion Matrix 12.0
0.3625; 0.3500; 0.0375; 0.0000; 0.0000; 0.0500; 0.1375; 0.0625; 0.0000
0.0388; 0.5814; 0.0155; 0.0000; 0.0000; 0.0698; 0.2636; 0.0310; 0.0000
0.0000; 0.0204; 0.8571; 0.0204; 0.1020; 0.0000; 0.0000; 0.0000; 0.0000
0.0000; 0.0000; 0.0000; 0.8955; 0.1045; 0.0000; 0.0000; 0.0000; 0.0000
0.0000; 0.0000; 0.0000; 0.6667; 0.3333; 0.0000; 0.0000; 0.0000; 0.0000
0.0762; 0.2190; 0.0190; 0.0000; 0.0952; 0.4000; 0.0762; 0.1143; 0.0000
0.0000; 0.0000; 0.0000; 0.0000; 0.0000; 0.0000; 1.0000; 0.0000; 0.0000
0.0800; 0.0800; 0.0000; 0.0000; 0.0000; 0.2900; 0.0300; 0.5200; 0.0000
Bootstrap 12
Run TT with 159 training and 80 tests
Run CD with 257 training and 129 tests
Run FKW with 98 training and 49 tests
Run KW with 133 training and 67 tests
Run LPLT with 59 training and 30 tests
Run RD with 208 training and 105 tests
Run WBD with 6 training and 3 tests
Run WSD with 199 training and 100 tests
Confusion Matrix 13.0
0.7250; 0.0625; 0.0125; 0.0000; 0.0125; 0.0250; 0.0250; 0.1375; 0.0000
0.0698; 0.4264; 0.0000; 0.0000; 0.0000; 0.1938; 0.2868; 0.0233; 0.0000
0.0000; 0.0000; 0.9592; 0.0000; 0.0000; 0.0408; 0.0000; 0.0000; 0.0000
0.0000; 0.0000; 0.0149; 0.7761; 0.1642; 0.0000; 0.0448; 0.0000; 0.0000
0.0000; 0.0000; 0.0000; 0.0000; 0.9333; 0.0000; 0.0667; 0.0000; 0.0000
0.0000; 0.0571; 0.0000; 0.0000; 0.0000; 0.7429; 0.0000; 0.2000; 0.0000
0.0000; 0.3333; 0.0000; 0.0000; 0.0000; 0.3333; 0.3333; 0.0000; 0.0000
0.0700; 0.0600; 0.0000; 0.0000; 0.0000; 0.2900; 0.0300; 0.5500; 0.0000
Bootstrap 13
Run TT with 159 training and 80 tests
Run CD with 257 training and 129 tests
Run FKW with 98 training and 49 tests
Run KW with 133 training and 67 tests
Run LPLT with 59 training and 30 tests
Run RD with 208 training and 105 tests
Run WBD with 6 training and 3 tests
Run WSD with 199 training and 100 tests
Confusion Matrix 14.0
0.6750; 0.1625; 0.0250; 0.0000; 0.0000; 0.0250; 0.0500; 0.0625; 0.0000
0.0775; 0.4186; 0.0000; 0.0000; 0.0000; 0.0698; 0.3256; 0.1085; 0.0000
0.0000; 0.0000; 0.9184; 0.0000; 0.0408; 0.0000; 0.0408; 0.0000; 0.0000
0.0000; 0.0000; 0.0448; 0.6866; 0.2687; 0.0000; 0.0000; 0.0000; 0.0000
0.0000; 0.0000; 0.0000; 0.4667; 0.5333; 0.0000; 0.0000; 0.0000; 0.0000
0.1048; 0.1333; 0.0286; 0.0095; 0.0952; 0.4286; 0.0952; 0.1048; 0.0000
0.0000; 0.3333; 0.0000; 0.0000; 0.0000; 0.0000; 0.6667; 0.0000; 0.0000
0.0700; 0.0800; 0.0100; 0.0000; 0.0000; 0.3300; 0.0100; 0.5000; 0.0000
Bootstrap 14
Run TT with 159 training and 80 tests
Run CD with 257 training and 129 tests
Run FKW with 98 training and 49 tests
Run KW with 133 training and 67 tests
Run LPLT with 59 training and 30 tests
Run RD with 208 training and 105 tests
Run WBD with 6 training and 3 tests
Run WSD with 199 training and 100 tests
Confusion Matrix 15.0
0.4500; 0.2500; 0.0250; 0.0000; 0.0250; 0.0750; 0.1000; 0.0750; 0.0000
0.0620; 0.5039; 0.0000; 0.0000; 0.0000; 0.0543; 0.3643; 0.0155; 0.0000
0.0000; 0.0000; 0.9796; 0.0000; 0.0000; 0.0204; 0.0000; 0.0000; 0.0000
0.0000; 0.0000; 0.0149; 0.8657; 0.0896; 0.0000; 0.0299; 0.0000; 0.0000
0.0000; 0.0000; 0.0000; 0.5000; 0.5000; 0.0000; 0.0000; 0.0000; 0.0000
0.0571; 0.2571; 0.0000; 0.0000; 0.0095; 0.3714; 0.0667; 0.2381; 0.0000
0.0000; 0.3333; 0.0000; 0.0000; 0.0000; 0.0000; 0.6667; 0.0000; 0.0000
0.0400; 0.1100; 0.0000; 0.0000; 0.0000; 0.2700; 0.0300; 0.5500; 0.0000
Bootstrap 15
Run TT with 159 training and 80 tests
Run CD with 257 training and 129 tests
Run FKW with 98 training and 49 tests
Run KW with 133 training and 67 tests
Run LPLT with 59 training and 30 tests
Run RD with 208 training and 105 tests
Run WBD with 6 training and 3 tests
Run WSD with 199 training and 100 tests
Confusion Matrix 16.0
0.8875; 0.0000; 0.0250; 0.0000; 0.0125; 0.0250; 0.0125; 0.0375; 0.0000
0.1473; 0.5116; 0.0078; 0.0000; 0.0000; 0.0775; 0.1938; 0.0620; 0.0000
0.0000; 0.0204; 0.9388; 0.0000; 0.0408; 0.0000; 0.0000; 0.0000; 0.0000
0.0000; 0.0000; 0.0149; 0.7761; 0.2090; 0.0000; 0.0000; 0.0000; 0.0000
0.0000; 0.0000; 0.0000; 0.5333; 0.4667; 0.0000; 0.0000; 0.0000; 0.0000
0.1238; 0.1714; 0.0190; 0.0000; 0.0952; 0.3524; 0.0857; 0.1524; 0.0000
0.0000; 0.0000; 0.0000; 0.0000; 0.0000; 0.0000; 1.0000; 0.0000; 0.0000
0.0900; 0.0600; 0.0200; 0.0000; 0.0000; 0.3100; 0.0100; 0.5100; 0.0000
Bootstrap 16
Run TT with 159 training and 80 tests
Run CD with 257 training and 129 tests
Run FKW with 98 training and 49 tests
Run KW with 133 training and 67 tests
Run LPLT with 59 training and 30 tests
Run RD with 208 training and 105 tests
Run WBD with 6 training and 3 tests
Run WSD with 199 training and 100 tests
Confusion Matrix 17.0
0.3875; 0.1875; 0.0125; 0.0125; 0.0000; 0.0625; 0.1500; 0.1875; 0.0000
0.0233; 0.4109; 0.0000; 0.0000; 0.0000; 0.1628; 0.3566; 0.0465; 0.0000
0.0000; 0.0000; 0.9592; 0.0204; 0.0000; 0.0204; 0.0000; 0.0000; 0.0000
0.0000; 0.0000; 0.0448; 0.6418; 0.3134; 0.0000; 0.0000; 0.0000; 0.0000
0.0333; 0.0000; 0.1000; 0.1667; 0.7000; 0.0000; 0.0000; 0.0000; 0.0000
0.0000; 0.0381; 0.0000; 0.0000; 0.0000; 0.6857; 0.0095; 0.2667; 0.0000
0.0000; 0.0000; 0.0000; 0.0000; 0.0000; 0.0000; 1.0000; 0.0000; 0.0000
0.0500; 0.0600; 0.0000; 0.0000; 0.0000; 0.2400; 0.0600; 0.5900; 0.0000
Bootstrap 17
Run TT with 159 training and 80 tests
Run CD with 257 training and 129 tests
Run FKW with 98 training and 49 tests
Run KW with 133 training and 67 tests
Run LPLT with 59 training and 30 tests
Run RD with 208 training and 105 tests
Run WBD with 6 training and 3 tests
Run WSD with 199 training and 100 tests
Confusion Matrix 18.0
0.3500; 0.3375; 0.0375; 0.0000; 0.0000; 0.1250; 0.0875; 0.0625; 0.0000
0.0853; 0.4031; 0.0078; 0.0000; 0.0000; 0.3333; 0.0698; 0.1008; 0.0000
0.0000; 0.0204; 0.8776; 0.0204; 0.0612; 0.0204; 0.0000; 0.0000; 0.0000
0.0000; 0.0000; 0.0299; 0.8060; 0.1642; 0.0000; 0.0000; 0.0000; 0.0000
0.0000; 0.0000; 0.0333; 0.2333; 0.7333; 0.0000; 0.0000; 0.0000; 0.0000
0.0095; 0.0952; 0.0000; 0.0000; 0.0000; 0.5524; 0.0190; 0.3238; 0.0000
0.0000; 0.6667; 0.0000; 0.0000; 0.0000; 0.0000; 0.3333; 0.0000; 0.0000
0.0700; 0.0500; 0.0000; 0.0000; 0.0200; 0.3400; 0.0100; 0.5100; 0.0000
Bootstrap 18
Run TT with 159 training and 80 tests
Run CD with 257 training and 129 tests
Run FKW with 98 training and 49 tests
Run KW with 133 training and 67 tests
Run LPLT with 59 training and 30 tests
Run RD with 208 training and 105 tests
Run WBD with 6 training and 3 tests
Run WSD with 199 training and 100 tests
Confusion Matrix 19.0
0.7000; 0.1000; 0.0125; 0.0000; 0.0250; 0.0125; 0.0125; 0.1375; 0.0000
0.1240; 0.4264; 0.0078; 0.0000; 0.0000; 0.2481; 0.0775; 0.1163; 0.0000
0.0000; 0.0000; 1.0000; 0.0000; 0.0000; 0.0000; 0.0000; 0.0000; 0.0000
0.0000; 0.0000; 0.0000; 0.6716; 0.3284; 0.0000; 0.0000; 0.0000; 0.0000
0.0000; 0.0000; 0.0333; 0.0333; 0.9000; 0.0000; 0.0333; 0.0000; 0.0000
0.0762; 0.1619; 0.0190; 0.0000; 0.0095; 0.4000; 0.0857; 0.2476; 0.0000
0.0000; 0.3333; 0.0000; 0.0000; 0.0000; 0.0000; 0.6667; 0.0000; 0.0000
0.0800; 0.0300; 0.0000; 0.0000; 0.0100; 0.3600; 0.0200; 0.5000; 0.0000
Bootstrap 19
Run TT with 159 training and 80 tests
Run CD with 257 training and 129 tests
Run FKW with 98 training and 49 tests
Run KW with 133 training and 67 tests
Run LPLT with 59 training and 30 tests
Run RD with 208 training and 105 tests
Run WBD with 6 training and 3 tests
Run WSD with 199 training and 100 tests
Confusion Matrix 20.0
0.3500; 0.2875; 0.0250; 0.0000; 0.0000; 0.0750; 0.0875; 0.1750; 0.0000
0.0775; 0.4186; 0.0078; 0.0000; 0.0000; 0.2791; 0.0853; 0.1318; 0.0000
0.0000; 0.0000; 0.9592; 0.0204; 0.0204; 0.0000; 0.0000; 0.0000; 0.0000
0.0000; 0.0000; 0.0000; 0.8209; 0.1791; 0.0000; 0.0000; 0.0000; 0.0000
0.0000; 0.0000; 0.1000; 0.2333; 0.6333; 0.0000; 0.0333; 0.0000; 0.0000
0.0000; 0.0571; 0.0000; 0.0000; 0.0000; 0.7048; 0.0000; 0.2381; 0.0000
0.0000; 1.0000; 0.0000; 0.0000; 0.0000; 0.0000; 0.0000; 0.0000; 0.0000
0.0500; 0.0500; 0.0000; 0.0000; 0.0000; 0.3200; 0.0400; 0.5400; 0.0000
Bootstrap 20
Run TT with 159 training and 80 tests
Run CD with 257 training and 129 tests
Run FKW with 98 training and 49 tests
Run KW with 133 training and 67 tests
Run LPLT with 59 training and 30 tests
Run RD with 208 training and 105 tests
Run WBD with 6 training and 3 tests
Run WSD with 199 training and 100 tests
Confusion Matrix 21.0
0.8625; 0.0125; 0.0125; 0.0000; 0.0000; 0.0375; 0.0250; 0.0500; 0.0000
0.0853; 0.4031; 0.0000; 0.0000; 0.0000; 0.1085; 0.4031; 0.0000; 0.0000
0.0000; 0.0000; 0.9796; 0.0000; 0.0204; 0.0000; 0.0000; 0.0000; 0.0000
0.0000; 0.0000; 0.0299; 0.7164; 0.2537; 0.0000; 0.0000; 0.0000; 0.0000
0.0000; 0.0000; 0.0000; 0.4667; 0.5333; 0.0000; 0.0000; 0.0000; 0.0000
0.0000; 0.0667; 0.0000; 0.0000; 0.0000; 0.7143; 0.0000; 0.2190; 0.0000
0.0000; 0.0000; 0.0000; 0.0000; 0.0000; 0.0000; 1.0000; 0.0000; 0.0000
0.0800; 0.0600; 0.0000; 0.0000; 0.0000; 0.2900; 0.0200; 0.5500; 0.0000
Bootstrap 21
Run TT with 159 training and 80 tests
Run CD with 257 training and 129 tests
Run FKW with 98 training and 49 tests
Run KW with 133 training and 67 tests
Run LPLT with 59 training and 30 tests
Run RD with 208 training and 105 tests
Run WBD with 6 training and 3 tests
Run WSD with 199 training and 100 tests
Confusion Matrix 22.0
0.4000; 0.3375; 0.0250; 0.0000; 0.0250; 0.0875; 0.0375; 0.0875; 0.0000
0.0775; 0.4341; 0.0000; 0.0000; 0.0000; 0.2946; 0.0775; 0.1163; 0.0000
0.0000; 0.0408; 0.9592; 0.0000; 0.0000; 0.0000; 0.0000; 0.0000; 0.0000
0.0000; 0.0000; 0.0000; 0.7463; 0.2537; 0.0000; 0.0000; 0.0000; 0.0000
0.0000; 0.0000; 0.1000; 0.0333; 0.8333; 0.0000; 0.0333; 0.0000; 0.0000
0.0000; 0.0095; 0.0000; 0.0000; 0.0000; 0.6667; 0.0000; 0.3238; 0.0000
0.0000; 0.3333; 0.0000; 0.0000; 0.0000; 0.0000; 0.6667; 0.0000; 0.0000
0.0600; 0.0900; 0.0100; 0.0000; 0.0000; 0.2400; 0.0000; 0.6000; 0.0000
Bootstrap 22
Run TT with 159 training and 80 tests
Run CD with 257 training and 129 tests
Run FKW with 98 training and 49 tests
Run KW with 133 training and 67 tests
Run LPLT with 59 training and 30 tests
Run RD with 208 training and 105 tests
Run WBD with 6 training and 3 tests
Run WSD with 199 training and 100 tests
Confusion Matrix 23.0
0.6250; 0.1250; 0.0125; 0.0000; 0.0000; 0.0625; 0.0375; 0.1375; 0.0000
0.1395; 0.3643; 0.0000; 0.0000; 0.0000; 0.2713; 0.0775; 0.1473; 0.0000
0.0000; 0.0408; 0.9184; 0.0000; 0.0204; 0.0000; 0.0204; 0.0000; 0.0000
0.0000; 0.0000; 0.0149; 0.8209; 0.1642; 0.0000; 0.0000; 0.0000; 0.0000
0.0000; 0.0000; 0.0333; 0.1333; 0.7667; 0.0000; 0.0667; 0.0000; 0.0000
0.0000; 0.0095; 0.0000; 0.0000; 0.0000; 0.7429; 0.0000; 0.2476; 0.0000
0.0000; 0.3333; 0.0000; 0.0000; 0.0000; 0.0000; 0.6667; 0.0000; 0.0000
0.0700; 0.0500; 0.0000; 0.0000; 0.0000; 0.2600; 0.0300; 0.5900; 0.0000
Bootstrap 23
Run TT with 159 training and 80 tests
Run CD with 257 training and 129 tests
Run FKW with 98 training and 49 tests
Run KW with 133 training and 67 tests
Run LPLT with 59 training and 30 tests
Run RD with 208 training and 105 tests
Run WBD with 6 training and 3 tests
Run WSD with 199 training and 100 tests
Confusion Matrix 24.0
0.3875; 0.3250; 0.0250; 0.0000; 0.0000; 0.0875; 0.1250; 0.0500; 0.0000
0.0233; 0.5814; 0.0000; 0.0000; 0.0000; 0.1938; 0.1395; 0.0620; 0.0000
0.0000; 0.0000; 0.9184; 0.0408; 0.0408; 0.0000; 0.0000; 0.0000; 0.0000
0.0000; 0.0000; 0.0448; 0.7910; 0.1642; 0.0000; 0.0000; 0.0000; 0.0000
0.0000; 0.0000; 0.0333; 0.0667; 0.8667; 0.0000; 0.0333; 0.0000; 0.0000
0.0000; 0.1429; 0.0000; 0.0000; 0.0000; 0.5048; 0.0381; 0.3143; 0.0000
0.0000; 0.0000; 0.0000; 0.0000; 0.0000; 0.6667; 0.3333; 0.0000; 0.0000
0.0600; 0.0600; 0.0000; 0.0000; 0.0100; 0.3300; 0.0300; 0.5100; 0.0000
Bootstrap 24
Run TT with 159 training and 80 tests
Run CD with 257 training and 129 tests
Run FKW with 98 training and 49 tests
Run KW with 133 training and 67 tests
Run LPLT with 59 training and 30 tests
Run RD with 208 training and 105 tests
Run WBD with 6 training and 3 tests
Run WSD with 199 training and 100 tests
Confusion Matrix 25.0
0.5250; 0.1625; 0.0250; 0.0000; 0.0125; 0.1250; 0.1125; 0.0375; 0.0000
0.0620; 0.5736; 0.0000; 0.0000; 0.0000; 0.1628; 0.1860; 0.0155; 0.0000
0.0000; 0.0000; 0.8980; 0.0204; 0.0612; 0.0204; 0.0000; 0.0000; 0.0000
0.0000; 0.0000; 0.0299; 0.8657; 0.1045; 0.0000; 0.0000; 0.0000; 0.0000
0.0000; 0.0000; 0.0000; 0.2333; 0.7667; 0.0000; 0.0000; 0.0000; 0.0000
0.0000; 0.0190; 0.0000; 0.0000; 0.0000; 0.7238; 0.0000; 0.2571; 0.0000
0.0000; 0.3333; 0.0000; 0.0000; 0.0000; 0.0000; 0.6667; 0.0000; 0.0000
0.0500; 0.0700; 0.0100; 0.0000; 0.0100; 0.2400; 0.0300; 0.5900; 0.0000
Bootstrap 25
Run TT with 159 training and 80 tests
Run CD with 257 training and 129 tests
Run FKW with 98 training and 49 tests
Run KW with 133 training and 67 tests
Run LPLT with 59 training and 30 tests
Run RD with 208 training and 105 tests
Run WBD with 6 training and 3 tests
Run WSD with 199 training and 100 tests
Confusion Matrix 26.0
0.8500; 0.0625; 0.0125; 0.0000; 0.0000; 0.0375; 0.0125; 0.0250; 0.0000
0.0698; 0.5659; 0.0000; 0.0000; 0.0000; 0.1783; 0.1163; 0.0698; 0.0000
0.0000; 0.0204; 0.8980; 0.0000; 0.0408; 0.0000; 0.0408; 0.0000; 0.0000
0.0000; 0.0000; 0.0299; 0.5075; 0.4627; 0.0000; 0.0000; 0.0000; 0.0000
0.0000; 0.0000; 0.0333; 0.1333; 0.7667; 0.0000; 0.0667; 0.0000; 0.0000
0.0095; 0.0667; 0.0000; 0.0000; 0.0000; 0.6762; 0.0000; 0.2476; 0.0000
0.0000; 0.3333; 0.0000; 0.0000; 0.0000; 0.0000; 0.6667; 0.0000; 0.0000
0.0800; 0.0500; 0.0000; 0.0000; 0.0000; 0.3400; 0.0300; 0.5000; 0.0000
Bootstrap 26
Run TT with 159 training and 80 tests
Run CD with 257 training and 129 tests
Run FKW with 98 training and 49 tests
Run KW with 133 training and 67 tests
Run LPLT with 59 training and 30 tests
Run RD with 208 training and 105 tests
Run WBD with 6 training and 3 tests
Run WSD with 199 training and 100 tests
Confusion Matrix 27.0
0.8875; 0.0000; 0.0000; 0.0000; 0.0250; 0.0125; 0.0250; 0.0500; 0.0000
0.0775; 0.4109; 0.0000; 0.0000; 0.0000; 0.0620; 0.4031; 0.0465; 0.0000
0.0000; 0.0000; 0.9184; 0.0204; 0.0408; 0.0000; 0.0204; 0.0000; 0.0000
0.0000; 0.0000; 0.0149; 0.8955; 0.0896; 0.0000; 0.0000; 0.0000; 0.0000
0.0000; 0.0000; 0.0000; 0.5333; 0.4667; 0.0000; 0.0000; 0.0000; 0.0000
0.0667; 0.1333; 0.0190; 0.0000; 0.0857; 0.4000; 0.1238; 0.1714; 0.0000
0.0000; 0.0000; 0.0000; 0.0000; 0.0000; 0.0000; 1.0000; 0.0000; 0.0000
0.0800; 0.0700; 0.0100; 0.0100; 0.0100; 0.3000; 0.0100; 0.5100; 0.0000
Bootstrap 27
Run TT with 159 training and 80 tests
Run CD with 257 training and 129 tests
Run FKW with 98 training and 49 tests
Run KW with 133 training and 67 tests
Run LPLT with 59 training and 30 tests
Run RD with 208 training and 105 tests
Run WBD with 6 training and 3 tests
Run WSD with 199 training and 100 tests
Confusion Matrix 28.0
0.9125; 0.0000; 0.0375; 0.0000; 0.0000; 0.0000; 0.0125; 0.0375; 0.0000
0.1008; 0.4884; 0.0078; 0.0000; 0.0000; 0.1240; 0.2248; 0.0543; 0.0000
0.0000; 0.0000; 0.9184; 0.0408; 0.0408; 0.0000; 0.0000; 0.0000; 0.0000
0.0000; 0.0000; 0.0299; 0.6418; 0.3284; 0.0000; 0.0000; 0.0000; 0.0000
0.0000; 0.0000; 0.0000; 0.3000; 0.7000; 0.0000; 0.0000; 0.0000; 0.0000
0.0000; 0.0857; 0.0000; 0.0000; 0.0000; 0.6857; 0.0000; 0.2286; 0.0000
0.0000; 0.3333; 0.0000; 0.0000; 0.0000; 0.0000; 0.6667; 0.0000; 0.0000
0.0900; 0.0600; 0.0000; 0.0000; 0.0200; 0.2600; 0.0200; 0.5500; 0.0000
Bootstrap 28
Run TT with 159 training and 80 tests
Run CD with 257 training and 129 tests
Run FKW with 98 training and 49 tests
Run KW with 133 training and 67 tests
Run LPLT with 59 training and 30 tests
Run RD with 208 training and 105 tests
Run WBD with 6 training and 3 tests
Run WSD with 199 training and 100 tests
Confusion Matrix 29.0
0.6125; 0.2375; 0.0250; 0.0000; 0.0000; 0.0875; 0.0375; 0.0000; 0.0000
0.0698; 0.4496; 0.0000; 0.0000; 0.0000; 0.1938; 0.1860; 0.1008; 0.0000
0.0204; 0.0408; 0.9388; 0.0000; 0.0000; 0.0000; 0.0000; 0.0000; 0.0000
0.0000; 0.0000; 0.0299; 0.5672; 0.4030; 0.0000; 0.0000; 0.0000; 0.0000
0.0000; 0.0000; 0.0333; 0.2667; 0.6667; 0.0000; 0.0333; 0.0000; 0.0000
0.0000; 0.0857; 0.0000; 0.0000; 0.0000; 0.7048; 0.0000; 0.2095; 0.0000
0.0000; 0.3333; 0.0000; 0.0000; 0.0000; 0.3333; 0.3333; 0.0000; 0.0000
0.1000; 0.0800; 0.0000; 0.0000; 0.0000; 0.2300; 0.0200; 0.5700; 0.0000
Bootstrap 29
Run TT with 159 training and 80 tests
Run CD with 257 training and 129 tests
Run FKW with 98 training and 49 tests
Run KW with 133 training and 67 tests
Run LPLT with 59 training and 30 tests
Run RD with 208 training and 105 tests
Run WBD with 6 training and 3 tests
Run WSD with 199 training and 100 tests
Confusion Matrix 30.0
0.9125; 0.0000; 0.0375; 0.0000; 0.0125; 0.0000; 0.0000; 0.0375; 0.0000
0.1240; 0.4806; 0.0000; 0.0000; 0.0000; 0.1860; 0.1395; 0.0698; 0.0000
0.0000; 0.0000; 0.9184; 0.0408; 0.0408; 0.0000; 0.0000; 0.0000; 0.0000
0.0000; 0.0000; 0.0000; 0.9104; 0.0597; 0.0000; 0.0299; 0.0000; 0.0000
0.0000; 0.0000; 0.0000; 0.6667; 0.3333; 0.0000; 0.0000; 0.0000; 0.0000
0.0381; 0.0476; 0.0190; 0.0000; 0.1048; 0.5429; 0.0190; 0.2286; 0.0000
0.0000; 0.6667; 0.0000; 0.0000; 0.0000; 0.0000; 0.3333; 0.0000; 0.0000
0.0700; 0.0800; 0.0100; 0.0000; 0.0200; 0.2800; 0.0200; 0.5200; 0.0000
Mean confusion
0.6346; 0.1517; 0.0246; 0.0004; 0.0079; 0.0571; 0.0596; 0.0642; 0.0000
0.0775; 0.4742; 0.0039; 0.0000; 0.0000; 0.1661; 0.2160; 0.0623; 0.0000
0.0007; 0.0095; 0.9204; 0.0122; 0.0381; 0.0048; 0.0122; 0.0020; 0.0000
0.0000; 0.0000; 0.0284; 0.7502; 0.2164; 0.0000; 0.0050; 0.0000; 0.0000
0.0011; 0.0000; 0.0222; 0.3078; 0.6533; 0.0000; 0.0156; 0.0000; 0.0000
0.0292; 0.0892; 0.0063; 0.0003; 0.0270; 0.5854; 0.0292; 0.2333; 0.0000
0.0000; 0.3000; 0.0000; 0.0000; 0.0000; 0.0778; 0.6222; 0.0000; 0.0000
0.0730; 0.0650; 0.0033; 0.0003; 0.0047; 0.2853; 0.0240; 0.5443; 0.0000
STD Confusion
0.2207; 0.1284; 0.0145; 0.0023; 0.0101; 0.0402; 0.0480; 0.0477; 0.0000
0.0320; 0.0858; 0.0057; 0.0000; 0.0000; 0.0770; 0.1176; 0.0446; 0.0000
0.0037; 0.0149; 0.0384; 0.0166; 0.0302; 0.0103; 0.0183; 0.0062; 0.0000
0.0000; 0.0000; 0.0212; 0.1035; 0.0982; 0.0000; 0.0120; 0.0000; 0.0000
0.0061; 0.0000; 0.0320; 0.1927; 0.1599; 0.0000; 0.0273; 0.0000; 0.0000
0.0420; 0.0673; 0.0107; 0.0017; 0.0438; 0.1391; 0.0396; 0.0722; 0.0000
0.0000; 0.2677; 0.0000; 0.0000; 0.0000; 0.1680; 0.2999; 0.0000; 0.0000
0.0191; 0.0176; 0.0055; 0.0018; 0.0078; 0.0438; 0.0113; 0.0426; 0.0000
Lower 95% CI
0.3250; 0.0000; 0.0000; 0.0000; 0.0000; 0.0000; 0.0000; 0.0000; 0.0000
0.0233; 0.3023; 0.0000; 0.0000; 0.0000; 0.0543; 0.0698; 0.0000; 0.0000
0.0000; 0.0000; 0.8367; 0.0000; 0.0000; 0.0000; 0.0000; 0.0000; 0.0000
0.0000; 0.0000; 0.0000; 0.5075; 0.0597; 0.0000; 0.0000; 0.0000; 0.0000
0.0000; 0.0000; 0.0000; 0.0000; 0.3333; 0.0000; 0.0000; 0.0000; 0.0000
0.0000; 0.0000; 0.0000; 0.0000; 0.0000; 0.3524; 0.0000; 0.1048; 0.0000
0.0000; 0.0000; 0.0000; 0.0000; 0.0000; 0.0000; 0.0000; 0.0000; 0.0000
0.0400; 0.0300; 0.0000; 0.0000; 0.0000; 0.2100; 0.0000; 0.4500; 0.0000
Upper 95% CI
0.9125; 0.3500; 0.0625; 0.0125; 0.0250; 0.1375; 0.1500; 0.1875; 0.0000
0.1473; 0.6512; 0.0155; 0.0000; 0.0000; 0.3333; 0.5194; 0.1473; 0.0000
0.0204; 0.0408; 1.0000; 0.0612; 0.1020; 0.0408; 0.0612; 0.0204; 0.0000
0.0000; 0.0000; 0.0746; 0.9104; 0.4627; 0.0000; 0.0448; 0.0000; 0.0000
0.0333; 0.0000; 0.1000; 0.6667; 0.9333; 0.0000; 0.1000; 0.0000; 0.0000
0.1238; 0.2571; 0.0381; 0.0095; 0.1238; 0.7429; 0.1238; 0.3810; 0.0000
0.0000; 1.0000; 0.0000; 0.0000; 0.0000; 0.6667; 1.0000; 0.0000; 0.0000
0.1100; 0.1100; 0.0200; 0.0100; 0.0200; 0.3600; 0.0600; 0.6300; 0.0000
Run TT with 239 training and 0 tests
Run CD with 386 training and 0 tests
Run FKW with 147 training and 0 tests
Run KW with 200 training and 0 tests
Run LPLT with 89 training and 0 tests
Run RD with 313 training and 0 tests
Run WBD with 9 training and 0 tests
Run WSD with 299 training and 0 tests