Total Bootstraps 30
Num Species 4
FragmentLength 20; Section Length 40
BEL; LPLT; WBD; WSD
Bootstrap 0
Run BEL with 14 training and 8 tests
Run LPLT with 88 training and 45 tests
Run WBD with 9 training and 5 tests
Run WSD with 299 training and 150 tests
Confusion Matrix 1.0
0.7500; 0.1250; 0.0000; 0.1250; 0.0000
0.0889; 0.9111; 0.0000; 0.0000; 0.0000
0.0000; 0.0000; 0.6000; 0.4000; 0.0000
0.0067; 0.0133; 0.0400; 0.9400; 0.0000
Bootstrap 1
Run BEL with 14 training and 8 tests
Run LPLT with 88 training and 45 tests
Run WBD with 9 training and 5 tests
Run WSD with 299 training and 150 tests
Confusion Matrix 2.0
0.6250; 0.1250; 0.2500; 0.0000; 0.0000
0.1111; 0.8444; 0.0444; 0.0000; 0.0000
0.0000; 0.0000; 0.8000; 0.2000; 0.0000
0.0067; 0.0133; 0.0667; 0.9133; 0.0000
Bootstrap 2
Run BEL with 14 training and 8 tests
Run LPLT with 88 training and 45 tests
Run WBD with 9 training and 5 tests
Run WSD with 299 training and 150 tests
Confusion Matrix 3.0
0.6250; 0.2500; 0.1250; 0.0000; 0.0000
0.1333; 0.8667; 0.0000; 0.0000; 0.0000
0.0000; 0.0000; 0.8000; 0.2000; 0.0000
0.0000; 0.0000; 0.0400; 0.9600; 0.0000
Bootstrap 3
Run BEL with 14 training and 8 tests
Run LPLT with 88 training and 45 tests
Run WBD with 9 training and 5 tests
Run WSD with 299 training and 150 tests
Confusion Matrix 4.0
0.8750; 0.1250; 0.0000; 0.0000; 0.0000
0.0889; 0.8667; 0.0222; 0.0222; 0.0000
0.0000; 0.0000; 0.8000; 0.2000; 0.0000
0.0000; 0.0000; 0.0467; 0.9533; 0.0000
Bootstrap 4
Run BEL with 14 training and 8 tests
Run LPLT with 88 training and 45 tests
Run WBD with 9 training and 5 tests
Run WSD with 299 training and 150 tests
Confusion Matrix 5.0
0.8750; 0.1250; 0.0000; 0.0000; 0.0000
0.1556; 0.8000; 0.0222; 0.0222; 0.0000
0.0000; 0.0000; 1.0000; 0.0000; 0.0000
0.0000; 0.0000; 0.1067; 0.8933; 0.0000
Bootstrap 5
Run BEL with 14 training and 8 tests
Run LPLT with 88 training and 45 tests
Run WBD with 9 training and 5 tests
Run WSD with 299 training and 150 tests
Confusion Matrix 6.0
0.7500; 0.0000; 0.2500; 0.0000; 0.0000
0.1778; 0.8000; 0.0222; 0.0000; 0.0000
0.0000; 0.0000; 0.8000; 0.2000; 0.0000
0.0067; 0.0067; 0.0533; 0.9333; 0.0000
Bootstrap 6
Run BEL with 14 training and 8 tests
Run LPLT with 88 training and 45 tests
Run WBD with 9 training and 5 tests
Run WSD with 299 training and 150 tests
Confusion Matrix 7.0
0.7500; 0.2500; 0.0000; 0.0000; 0.0000
0.0000; 1.0000; 0.0000; 0.0000; 0.0000
0.0000; 0.0000; 1.0000; 0.0000; 0.0000
0.0000; 0.0067; 0.0667; 0.9267; 0.0000
Bootstrap 7
Run BEL with 14 training and 8 tests
Run LPLT with 88 training and 45 tests
Run WBD with 9 training and 5 tests
Run WSD with 299 training and 150 tests
Confusion Matrix 8.0
0.7500; 0.1250; 0.1250; 0.0000; 0.0000
0.0000; 1.0000; 0.0000; 0.0000; 0.0000
0.0000; 0.0000; 0.6000; 0.4000; 0.0000
0.0067; 0.0067; 0.0400; 0.9467; 0.0000
Bootstrap 8
Run BEL with 14 training and 8 tests
Run LPLT with 88 training and 45 tests
Run WBD with 9 training and 5 tests
Run WSD with 299 training and 150 tests
Confusion Matrix 9.0
1.0000; 0.0000; 0.0000; 0.0000; 0.0000
0.1333; 0.8667; 0.0000; 0.0000; 0.0000
0.0000; 0.0000; 1.0000; 0.0000; 0.0000
0.0000; 0.0067; 0.0933; 0.9000; 0.0000
Bootstrap 9
Run BEL with 14 training and 8 tests
Run LPLT with 88 training and 45 tests
Run WBD with 9 training and 5 tests
Run WSD with 299 training and 150 tests
Confusion Matrix 10.0
0.8750; 0.1250; 0.0000; 0.0000; 0.0000
0.1556; 0.8222; 0.0222; 0.0000; 0.0000
0.0000; 0.0000; 0.8000; 0.2000; 0.0000
0.0200; 0.0067; 0.0467; 0.9267; 0.0000
Bootstrap 10
Run BEL with 14 training and 8 tests
Run LPLT with 88 training and 45 tests
Run WBD with 9 training and 5 tests
Run WSD with 299 training and 150 tests
Confusion Matrix 11.0
0.7500; 0.1250; 0.1250; 0.0000; 0.0000
0.2222; 0.7333; 0.0222; 0.0222; 0.0000
0.0000; 0.0000; 0.8000; 0.2000; 0.0000
0.0067; 0.0133; 0.0667; 0.9133; 0.0000
Bootstrap 11
Run BEL with 14 training and 8 tests
Run LPLT with 88 training and 45 tests
Run WBD with 9 training and 5 tests
Run WSD with 299 training and 150 tests
Confusion Matrix 12.0
0.6250; 0.1250; 0.2500; 0.0000; 0.0000
0.0667; 0.8889; 0.0444; 0.0000; 0.0000
0.0000; 0.0000; 0.6000; 0.4000; 0.0000
0.0000; 0.0000; 0.0800; 0.9200; 0.0000
Bootstrap 12
Run BEL with 14 training and 8 tests
Run LPLT with 88 training and 45 tests
Run WBD with 9 training and 5 tests
Run WSD with 299 training and 150 tests
Confusion Matrix 13.0
0.6250; 0.3750; 0.0000; 0.0000; 0.0000
0.0889; 0.9111; 0.0000; 0.0000; 0.0000
0.0000; 0.0000; 1.0000; 0.0000; 0.0000
0.0067; 0.0067; 0.1200; 0.8667; 0.0000
Bootstrap 13
Run BEL with 14 training and 8 tests
Run LPLT with 88 training and 45 tests
Run WBD with 9 training and 5 tests
Run WSD with 299 training and 150 tests
Confusion Matrix 14.0
1.0000; 0.0000; 0.0000; 0.0000; 0.0000
0.1556; 0.8222; 0.0222; 0.0000; 0.0000
0.0000; 0.0000; 0.6000; 0.4000; 0.0000
0.0067; 0.0067; 0.0467; 0.9400; 0.0000
Bootstrap 14
Run BEL with 14 training and 8 tests
Run LPLT with 88 training and 45 tests
Run WBD with 9 training and 5 tests
Run WSD with 299 training and 150 tests
Confusion Matrix 15.0
0.8750; 0.1250; 0.0000; 0.0000; 0.0000
0.1111; 0.8889; 0.0000; 0.0000; 0.0000
0.0000; 0.0000; 1.0000; 0.0000; 0.0000
0.0000; 0.0067; 0.0733; 0.9200; 0.0000
Bootstrap 15
Run BEL with 14 training and 8 tests
Run LPLT with 88 training and 45 tests
Run WBD with 9 training and 5 tests
Run WSD with 299 training and 150 tests
Confusion Matrix 16.0
0.5000; 0.3750; 0.0000; 0.1250; 0.0000
0.0444; 0.9556; 0.0000; 0.0000; 0.0000
0.0000; 0.0000; 1.0000; 0.0000; 0.0000
0.0000; 0.0000; 0.1067; 0.8933; 0.0000
Bootstrap 16
Run BEL with 14 training and 8 tests
Run LPLT with 88 training and 45 tests
Run WBD with 9 training and 5 tests
Run WSD with 299 training and 150 tests
Confusion Matrix 17.0
0.6250; 0.1250; 0.1250; 0.1250; 0.0000
0.3111; 0.6889; 0.0000; 0.0000; 0.0000
0.0000; 0.0000; 0.6000; 0.4000; 0.0000
0.0067; 0.0000; 0.0600; 0.9333; 0.0000
Bootstrap 17
Run BEL with 14 training and 8 tests
Run LPLT with 88 training and 45 tests
Run WBD with 9 training and 5 tests
Run WSD with 299 training and 150 tests
Confusion Matrix 18.0
0.8750; 0.1250; 0.0000; 0.0000; 0.0000
0.0667; 0.9333; 0.0000; 0.0000; 0.0000
0.0000; 0.0000; 0.8000; 0.2000; 0.0000
0.0067; 0.0133; 0.0733; 0.9067; 0.0000
Bootstrap 18
Run BEL with 14 training and 8 tests
Run LPLT with 88 training and 45 tests
Run WBD with 9 training and 5 tests
Run WSD with 299 training and 150 tests
Confusion Matrix 19.0
0.7500; 0.1250; 0.1250; 0.0000; 0.0000
0.1333; 0.8667; 0.0000; 0.0000; 0.0000
0.0000; 0.0000; 0.8000; 0.2000; 0.0000
0.0067; 0.0000; 0.0667; 0.9267; 0.0000
Bootstrap 19
Run BEL with 14 training and 8 tests
Run LPLT with 88 training and 45 tests
Run WBD with 9 training and 5 tests
Run WSD with 299 training and 150 tests
Confusion Matrix 20.0
0.6250; 0.1250; 0.2500; 0.0000; 0.0000
0.1556; 0.8222; 0.0000; 0.0222; 0.0000
0.0000; 0.0000; 1.0000; 0.0000; 0.0000
0.0067; 0.0000; 0.0733; 0.9200; 0.0000
Bootstrap 20
Run BEL with 14 training and 8 tests
Run LPLT with 88 training and 45 tests
Run WBD with 9 training and 5 tests
Run WSD with 299 training and 150 tests
Confusion Matrix 21.0
0.8750; 0.1250; 0.0000; 0.0000; 0.0000
0.2000; 0.7778; 0.0222; 0.0000; 0.0000
0.0000; 0.0000; 0.8000; 0.2000; 0.0000
0.0067; 0.0067; 0.0667; 0.9200; 0.0000
Bootstrap 21
Run BEL with 14 training and 8 tests
Run LPLT with 88 training and 45 tests
Run WBD with 9 training and 5 tests
Run WSD with 299 training and 150 tests
Confusion Matrix 22.0
0.5000; 0.2500; 0.1250; 0.1250; 0.0000
0.0889; 0.9111; 0.0000; 0.0000; 0.0000
0.0000; 0.0000; 1.0000; 0.0000; 0.0000
0.0067; 0.0067; 0.1067; 0.8800; 0.0000
Bootstrap 22
Run BEL with 14 training and 8 tests
Run LPLT with 88 training and 45 tests
Run WBD with 9 training and 5 tests
Run WSD with 299 training and 150 tests
Confusion Matrix 23.0
0.6250; 0.1250; 0.2500; 0.0000; 0.0000
0.1556; 0.8444; 0.0000; 0.0000; 0.0000
0.0000; 0.0000; 1.0000; 0.0000; 0.0000
0.0067; 0.0133; 0.1067; 0.8733; 0.0000
Bootstrap 23
Run BEL with 14 training and 8 tests
Run LPLT with 88 training and 45 tests
Run WBD with 9 training and 5 tests
Run WSD with 299 training and 150 tests
Confusion Matrix 24.0
0.7500; 0.1250; 0.1250; 0.0000; 0.0000
0.3333; 0.6667; 0.0000; 0.0000; 0.0000
0.0000; 0.0000; 0.8000; 0.2000; 0.0000
0.0000; 0.0067; 0.0933; 0.9000; 0.0000
Bootstrap 24
Run BEL with 14 training and 8 tests
Run LPLT with 88 training and 45 tests
Run WBD with 9 training and 5 tests
Run WSD with 299 training and 150 tests
Confusion Matrix 25.0
1.0000; 0.0000; 0.0000; 0.0000; 0.0000
0.0889; 0.9111; 0.0000; 0.0000; 0.0000
0.0000; 0.0000; 1.0000; 0.0000; 0.0000
0.0133; 0.0133; 0.1000; 0.8733; 0.0000
Bootstrap 25
Run BEL with 14 training and 8 tests
Run LPLT with 88 training and 45 tests
Run WBD with 9 training and 5 tests
Run WSD with 299 training and 150 tests
Confusion Matrix 26.0
0.5000; 0.2500; 0.2500; 0.0000; 0.0000
0.3333; 0.6667; 0.0000; 0.0000; 0.0000
0.0000; 0.0000; 0.8000; 0.2000; 0.0000
0.0067; 0.0133; 0.0533; 0.9267; 0.0000
Bootstrap 26
Run BEL with 14 training and 8 tests
Run LPLT with 88 training and 45 tests
Run WBD with 9 training and 5 tests
Run WSD with 299 training and 150 tests
Confusion Matrix 27.0
0.7500; 0.1250; 0.0000; 0.1250; 0.0000
0.1556; 0.8444; 0.0000; 0.0000; 0.0000
0.0000; 0.0000; 0.8000; 0.2000; 0.0000
0.0000; 0.0000; 0.0867; 0.9133; 0.0000
Bootstrap 27
Run BEL with 14 training and 8 tests
Run LPLT with 88 training and 45 tests
Run WBD with 9 training and 5 tests
Run WSD with 299 training and 150 tests
Confusion Matrix 28.0
0.5000; 0.3750; 0.1250; 0.0000; 0.0000
0.0000; 0.9778; 0.0222; 0.0000; 0.0000
0.0000; 0.0000; 0.4000; 0.6000; 0.0000
0.0000; 0.0000; 0.0467; 0.9533; 0.0000
Bootstrap 28
Run BEL with 14 training and 8 tests
Run LPLT with 88 training and 45 tests
Run WBD with 9 training and 5 tests
Run WSD with 299 training and 150 tests
Confusion Matrix 29.0
0.2500; 0.6250; 0.1250; 0.0000; 0.0000
0.0000; 0.9778; 0.0222; 0.0000; 0.0000
0.0000; 0.0000; 1.0000; 0.0000; 0.0000
0.0000; 0.0000; 0.0933; 0.9067; 0.0000
Bootstrap 29
Run BEL with 14 training and 8 tests
Run LPLT with 88 training and 45 tests
Run WBD with 9 training and 5 tests
Run WSD with 299 training and 150 tests
Confusion Matrix 30.0
0.8750; 0.1250; 0.0000; 0.0000; 0.0000
0.0000; 1.0000; 0.0000; 0.0000; 0.0000
0.0000; 0.0000; 1.0000; 0.0000; 0.0000
0.0133; 0.0133; 0.0933; 0.8800; 0.0000
Mean confusion
0.7250; 0.1667; 0.0875; 0.0208; 0.0000
0.1252; 0.8622; 0.0096; 0.0030; 0.0000
0.0000; 0.0000; 0.8333; 0.1667; 0.0000
0.0049; 0.0060; 0.0738; 0.9153; 0.0000
STD Confusion
0.1749; 0.1327; 0.0993; 0.0474; 0.0000
0.0916; 0.0933; 0.0139; 0.0077; 0.0000
0.0000; 0.0000; 0.1668; 0.1668; 0.0000
0.0049; 0.0054; 0.0239; 0.0251; 0.0000
Lower 95% CI
0.2500; 0.0000; 0.0000; 0.0000; 0.0000
0.0000; 0.6667; 0.0000; 0.0000; 0.0000
0.0000; 0.0000; 0.4000; 0.0000; 0.0000
0.0000; 0.0000; 0.0400; 0.8667; 0.0000
Upper 95% CI
1.0000; 0.6250; 0.2500; 0.1250; 0.0000
0.3333; 1.0000; 0.0444; 0.0222; 0.0000
0.0000; 0.0000; 1.0000; 0.6000; 0.0000
0.0200; 0.0133; 0.1200; 0.9600; 0.0000
Run BEL with 22 training and 0 tests
Run LPLT with 133 training and 0 tests
Run WBD with 14 training and 0 tests
Run WSD with 449 training and 0 tests