Total Bootstraps 30
Num Species 8
FragmentLength 28; Section Length 60
TT; CD; FKW; KW; LPLT; RD; WBD; WSD
Bootstrap 0
Run TT with 90 training and 46 tests
Run CD with 149 training and 75 tests
Run FKW with 62 training and 32 tests
Run KW with 73 training and 37 tests
Run LPLT with 32 training and 16 tests
Run RD with 112 training and 57 tests
Run WBD with 3 training and 2 tests
Run WSD with 108 training and 55 tests
Confusion Matrix 1.0
0.3696; 0.3261; 0.0435; 0.0000; 0.0000; 0.0870; 0.0652; 0.1087; 0.0000
0.0667; 0.5333; 0.0133; 0.0000; 0.0000; 0.2267; 0.0933; 0.0667; 0.0000
0.0000; 0.0000; 1.0000; 0.0000; 0.0000; 0.0000; 0.0000; 0.0000; 0.0000
0.0000; 0.0000; 0.0270; 0.8649; 0.1081; 0.0000; 0.0000; 0.0000; 0.0000
0.0000; 0.0000; 0.0000; 0.4375; 0.5625; 0.0000; 0.0000; 0.0000; 0.0000
0.0000; 0.0175; 0.0000; 0.0000; 0.0000; 0.6667; 0.0000; 0.3158; 0.0000
0.0000; 1.0000; 0.0000; 0.0000; 0.0000; 0.0000; 0.0000; 0.0000; 0.0000
0.0364; 0.0364; 0.0000; 0.0000; 0.0000; 0.3273; 0.0000; 0.6000; 0.0000
Bootstrap 1
Run TT with 90 training and 46 tests
Run CD with 149 training and 75 tests
Run FKW with 62 training and 32 tests
Run KW with 73 training and 37 tests
Run LPLT with 32 training and 16 tests
Run RD with 112 training and 57 tests
Run WBD with 3 training and 2 tests
Run WSD with 108 training and 55 tests
Confusion Matrix 2.0
0.4130; 0.3696; 0.0000; 0.0000; 0.0000; 0.1304; 0.0652; 0.0217; 0.0000
0.0133; 0.3733; 0.0133; 0.0000; 0.0000; 0.1333; 0.4667; 0.0000; 0.0000
0.0000; 0.0000; 0.9063; 0.0313; 0.0000; 0.0313; 0.0313; 0.0000; 0.0000
0.0000; 0.0000; 0.0270; 0.8378; 0.1351; 0.0000; 0.0000; 0.0000; 0.0000
0.0000; 0.0000; 0.0000; 0.4375; 0.5625; 0.0000; 0.0000; 0.0000; 0.0000
0.0000; 0.0000; 0.0000; 0.0000; 0.0000; 0.6140; 0.0000; 0.3860; 0.0000
0.0000; 0.5000; 0.0000; 0.0000; 0.0000; 0.0000; 0.5000; 0.0000; 0.0000
0.0545; 0.0364; 0.0000; 0.0000; 0.0182; 0.2545; 0.0364; 0.6000; 0.0000
Bootstrap 2
Run TT with 90 training and 46 tests
Run CD with 149 training and 75 tests
Run FKW with 62 training and 32 tests
Run KW with 73 training and 37 tests
Run LPLT with 32 training and 16 tests
Run RD with 112 training and 57 tests
Run WBD with 3 training and 2 tests
Run WSD with 108 training and 55 tests
Confusion Matrix 3.0
0.8043; 0.0870; 0.0000; 0.0000; 0.0000; 0.0217; 0.0435; 0.0435; 0.0000
0.0267; 0.5200; 0.0000; 0.0000; 0.0000; 0.1467; 0.2800; 0.0267; 0.0000
0.0000; 0.0000; 0.9375; 0.0000; 0.0625; 0.0000; 0.0000; 0.0000; 0.0000
0.0000; 0.0000; 0.0270; 0.5676; 0.4054; 0.0000; 0.0000; 0.0000; 0.0000
0.0000; 0.0000; 0.0000; 0.0625; 0.8750; 0.0000; 0.0625; 0.0000; 0.0000
0.0000; 0.0175; 0.0000; 0.0000; 0.0000; 0.7193; 0.0000; 0.2632; 0.0000
0.0000; 0.5000; 0.0000; 0.0000; 0.0000; 0.0000; 0.5000; 0.0000; 0.0000
0.0182; 0.0364; 0.0000; 0.0000; 0.0000; 0.2364; 0.0000; 0.7091; 0.0000
Bootstrap 3
Run TT with 90 training and 46 tests
Run CD with 149 training and 75 tests
Run FKW with 62 training and 32 tests
Run KW with 73 training and 37 tests
Run LPLT with 32 training and 16 tests
Run RD with 112 training and 57 tests
Run WBD with 3 training and 2 tests
Run WSD with 108 training and 55 tests
Confusion Matrix 4.0
0.3261; 0.3261; 0.0217; 0.0000; 0.0000; 0.1304; 0.1087; 0.0870; 0.0000
0.0400; 0.6933; 0.0000; 0.0000; 0.0000; 0.0667; 0.1733; 0.0267; 0.0000
0.0000; 0.0000; 0.9375; 0.0313; 0.0313; 0.0000; 0.0000; 0.0000; 0.0000
0.0000; 0.0000; 0.0270; 0.9730; 0.0000; 0.0000; 0.0000; 0.0000; 0.0000
0.0000; 0.0000; 0.0000; 0.3125; 0.6875; 0.0000; 0.0000; 0.0000; 0.0000
0.0000; 0.0175; 0.0000; 0.0000; 0.0000; 0.5965; 0.0000; 0.3860; 0.0000
0.0000; 0.0000; 0.0000; 0.0000; 0.0000; 0.0000; 1.0000; 0.0000; 0.0000
0.0364; 0.0545; 0.0000; 0.0000; 0.0182; 0.2545; 0.0000; 0.6364; 0.0000
Bootstrap 4
Run TT with 90 training and 46 tests
Run CD with 149 training and 75 tests
Run FKW with 62 training and 32 tests
Run KW with 73 training and 37 tests
Run LPLT with 32 training and 16 tests
Run RD with 112 training and 57 tests
Run WBD with 3 training and 2 tests
Run WSD with 108 training and 55 tests
Confusion Matrix 5.0
0.7826; 0.0652; 0.0217; 0.0000; 0.0000; 0.0217; 0.0217; 0.0870; 0.0000
0.0533; 0.6400; 0.0000; 0.0000; 0.0000; 0.1333; 0.1333; 0.0400; 0.0000
0.0000; 0.0000; 0.9063; 0.0000; 0.0938; 0.0000; 0.0000; 0.0000; 0.0000
0.0000; 0.0000; 0.0000; 0.8108; 0.1892; 0.0000; 0.0000; 0.0000; 0.0000
0.0000; 0.0000; 0.0000; 0.3125; 0.6875; 0.0000; 0.0000; 0.0000; 0.0000
0.0000; 0.0526; 0.0000; 0.0000; 0.0000; 0.7544; 0.0000; 0.1930; 0.0000
0.0000; 0.0000; 0.0000; 0.0000; 0.0000; 0.0000; 1.0000; 0.0000; 0.0000
0.0545; 0.0727; 0.0000; 0.0000; 0.0000; 0.1636; 0.0545; 0.6545; 0.0000
Bootstrap 5
Run TT with 90 training and 46 tests
Run CD with 149 training and 75 tests
Run FKW with 62 training and 32 tests
Run KW with 73 training and 37 tests
Run LPLT with 32 training and 16 tests
Run RD with 112 training and 57 tests
Run WBD with 3 training and 2 tests
Run WSD with 108 training and 55 tests
Confusion Matrix 6.0
0.5652; 0.1957; 0.0435; 0.0000; 0.0000; 0.0000; 0.0652; 0.1304; 0.0000
0.0533; 0.5733; 0.0000; 0.0000; 0.0000; 0.0933; 0.2267; 0.0533; 0.0000
0.0000; 0.0313; 0.9063; 0.0000; 0.0625; 0.0000; 0.0000; 0.0000; 0.0000
0.0000; 0.0000; 0.0000; 0.9459; 0.0541; 0.0000; 0.0000; 0.0000; 0.0000
0.0000; 0.0000; 0.0000; 0.6875; 0.3125; 0.0000; 0.0000; 0.0000; 0.0000
0.0702; 0.0351; 0.0175; 0.0175; 0.0175; 0.5614; 0.0702; 0.2105; 0.0000
0.0000; 1.0000; 0.0000; 0.0000; 0.0000; 0.0000; 0.0000; 0.0000; 0.0000
0.0182; 0.1636; 0.0000; 0.0000; 0.0000; 0.2364; 0.0182; 0.5636; 0.0000
Bootstrap 6
Run TT with 90 training and 46 tests
Run CD with 149 training and 75 tests
Run FKW with 62 training and 32 tests
Run KW with 73 training and 37 tests
Run LPLT with 32 training and 16 tests
Run RD with 112 training and 57 tests
Run WBD with 3 training and 2 tests
Run WSD with 108 training and 55 tests
Confusion Matrix 7.0
0.7391; 0.1957; 0.0000; 0.0000; 0.0000; 0.0435; 0.0000; 0.0217; 0.0000
0.0400; 0.5333; 0.0000; 0.0000; 0.0000; 0.0667; 0.2667; 0.0933; 0.0000
0.0000; 0.0625; 0.9375; 0.0000; 0.0000; 0.0000; 0.0000; 0.0000; 0.0000
0.0000; 0.0000; 0.0811; 0.7568; 0.1351; 0.0000; 0.0270; 0.0000; 0.0000
0.0000; 0.0000; 0.0000; 0.8125; 0.1875; 0.0000; 0.0000; 0.0000; 0.0000
0.0000; 0.0000; 0.0000; 0.0000; 0.0000; 0.7719; 0.0000; 0.2281; 0.0000
0.0000; 0.5000; 0.0000; 0.0000; 0.0000; 0.0000; 0.0000; 0.5000; 0.0000
0.0182; 0.0545; 0.0000; 0.0000; 0.0000; 0.2364; 0.0364; 0.6545; 0.0000
Bootstrap 7
Run TT with 90 training and 46 tests
Run CD with 149 training and 75 tests
Run FKW with 62 training and 32 tests
Run KW with 73 training and 37 tests
Run LPLT with 32 training and 16 tests
Run RD with 112 training and 57 tests
Run WBD with 3 training and 2 tests
Run WSD with 108 training and 55 tests
Confusion Matrix 8.0
0.6304; 0.1522; 0.0217; 0.0000; 0.0000; 0.0000; 0.0870; 0.1087; 0.0000
0.0000; 0.5467; 0.0000; 0.0000; 0.0000; 0.0933; 0.3467; 0.0133; 0.0000
0.0000; 0.0313; 0.9063; 0.0000; 0.0313; 0.0000; 0.0313; 0.0000; 0.0000
0.0000; 0.0000; 0.0811; 0.7297; 0.1892; 0.0000; 0.0000; 0.0000; 0.0000
0.0000; 0.0000; 0.0000; 0.8125; 0.1875; 0.0000; 0.0000; 0.0000; 0.0000
0.0000; 0.0000; 0.0000; 0.0000; 0.0000; 0.7368; 0.0175; 0.2456; 0.0000
0.0000; 0.0000; 0.0000; 0.0000; 0.0000; 0.0000; 1.0000; 0.0000; 0.0000
0.0364; 0.0182; 0.0000; 0.0000; 0.0182; 0.2545; 0.0182; 0.6545; 0.0000
Bootstrap 8
Run TT with 90 training and 46 tests
Run CD with 149 training and 75 tests
Run FKW with 62 training and 32 tests
Run KW with 73 training and 37 tests
Run LPLT with 32 training and 16 tests
Run RD with 112 training and 57 tests
Run WBD with 3 training and 2 tests
Run WSD with 108 training and 55 tests
Confusion Matrix 9.0
0.6957; 0.0652; 0.0217; 0.0000; 0.0000; 0.0000; 0.0652; 0.1522; 0.0000
0.0667; 0.5733; 0.0133; 0.0000; 0.0000; 0.0800; 0.2400; 0.0267; 0.0000
0.0000; 0.0313; 0.9375; 0.0313; 0.0000; 0.0000; 0.0000; 0.0000; 0.0000
0.0000; 0.0000; 0.0000; 0.9189; 0.0811; 0.0000; 0.0000; 0.0000; 0.0000
0.0000; 0.0000; 0.0000; 0.0625; 0.9375; 0.0000; 0.0000; 0.0000; 0.0000
0.0877; 0.1930; 0.0000; 0.0000; 0.0175; 0.4211; 0.0526; 0.2281; 0.0000
0.0000; 1.0000; 0.0000; 0.0000; 0.0000; 0.0000; 0.0000; 0.0000; 0.0000
0.0727; 0.0545; 0.0000; 0.0000; 0.0000; 0.2182; 0.0000; 0.6545; 0.0000
Bootstrap 9
Run TT with 90 training and 46 tests
Run CD with 149 training and 75 tests
Run FKW with 62 training and 32 tests
Run KW with 73 training and 37 tests
Run LPLT with 32 training and 16 tests
Run RD with 112 training and 57 tests
Run WBD with 3 training and 2 tests
Run WSD with 108 training and 55 tests
Confusion Matrix 10.0
0.3913; 0.3696; 0.0000; 0.0000; 0.0000; 0.1087; 0.0435; 0.0870; 0.0000
0.0667; 0.3733; 0.0133; 0.0000; 0.0000; 0.3733; 0.0667; 0.1067; 0.0000
0.0000; 0.0000; 0.9375; 0.0000; 0.0625; 0.0000; 0.0000; 0.0000; 0.0000
0.0000; 0.0000; 0.0270; 0.8108; 0.1351; 0.0000; 0.0270; 0.0000; 0.0000
0.0000; 0.0000; 0.0000; 0.0625; 0.9375; 0.0000; 0.0000; 0.0000; 0.0000
0.0000; 0.0175; 0.0000; 0.0000; 0.0000; 0.6316; 0.0000; 0.3509; 0.0000
0.0000; 0.0000; 0.0000; 0.0000; 0.0000; 0.0000; 1.0000; 0.0000; 0.0000
0.0182; 0.0182; 0.0000; 0.0000; 0.0182; 0.3091; 0.0182; 0.6182; 0.0000
Bootstrap 10
Run TT with 90 training and 46 tests
Run CD with 149 training and 75 tests
Run FKW with 62 training and 32 tests
Run KW with 73 training and 37 tests
Run LPLT with 32 training and 16 tests
Run RD with 112 training and 57 tests
Run WBD with 3 training and 2 tests
Run WSD with 108 training and 55 tests
Confusion Matrix 11.0
0.9130; 0.0217; 0.0217; 0.0000; 0.0000; 0.0217; 0.0000; 0.0217; 0.0000
0.0800; 0.6533; 0.0000; 0.0000; 0.0000; 0.0533; 0.1867; 0.0267; 0.0000
0.0000; 0.0313; 0.8438; 0.0625; 0.0625; 0.0000; 0.0000; 0.0000; 0.0000
0.0000; 0.0000; 0.0270; 0.8919; 0.0811; 0.0000; 0.0000; 0.0000; 0.0000
0.0000; 0.0000; 0.0000; 0.2500; 0.7500; 0.0000; 0.0000; 0.0000; 0.0000
0.0526; 0.1754; 0.0000; 0.0000; 0.0000; 0.4561; 0.0175; 0.2982; 0.0000
0.0000; 0.0000; 0.0000; 0.0000; 0.0000; 0.0000; 1.0000; 0.0000; 0.0000
0.0364; 0.0727; 0.0000; 0.0182; 0.0000; 0.3273; 0.0000; 0.5455; 0.0000
Bootstrap 11
Run TT with 90 training and 46 tests
Run CD with 149 training and 75 tests
Run FKW with 62 training and 32 tests
Run KW with 73 training and 37 tests
Run LPLT with 32 training and 16 tests
Run RD with 112 training and 57 tests
Run WBD with 3 training and 2 tests
Run WSD with 108 training and 55 tests
Confusion Matrix 12.0
0.9130; 0.0000; 0.0217; 0.0000; 0.0000; 0.0217; 0.0000; 0.0435; 0.0000
0.0667; 0.5733; 0.0000; 0.0000; 0.0000; 0.0800; 0.2667; 0.0133; 0.0000
0.0000; 0.0000; 1.0000; 0.0000; 0.0000; 0.0000; 0.0000; 0.0000; 0.0000
0.0000; 0.0000; 0.0000; 0.9730; 0.0270; 0.0000; 0.0000; 0.0000; 0.0000
0.0000; 0.0000; 0.1250; 0.1250; 0.7500; 0.0000; 0.0000; 0.0000; 0.0000
0.1053; 0.1579; 0.0351; 0.0175; 0.0351; 0.4737; 0.0526; 0.1228; 0.0000
0.0000; 0.0000; 0.0000; 0.0000; 0.0000; 0.0000; 1.0000; 0.0000; 0.0000
0.0364; 0.0545; 0.0000; 0.0000; 0.0000; 0.2909; 0.0182; 0.6000; 0.0000
Bootstrap 12
Run TT with 90 training and 46 tests
Run CD with 149 training and 75 tests
Run FKW with 62 training and 32 tests
Run KW with 73 training and 37 tests
Run LPLT with 32 training and 16 tests
Run RD with 112 training and 57 tests
Run WBD with 3 training and 2 tests
Run WSD with 108 training and 55 tests
Confusion Matrix 13.0
0.9565; 0.0217; 0.0000; 0.0000; 0.0000; 0.0000; 0.0000; 0.0217; 0.0000
0.1733; 0.3467; 0.0133; 0.0000; 0.0000; 0.3200; 0.0400; 0.1067; 0.0000
0.0000; 0.0000; 1.0000; 0.0000; 0.0000; 0.0000; 0.0000; 0.0000; 0.0000
0.0000; 0.0000; 0.0000; 0.8378; 0.1622; 0.0000; 0.0000; 0.0000; 0.0000
0.0000; 0.0000; 0.0000; 0.2500; 0.7500; 0.0000; 0.0000; 0.0000; 0.0000
0.0000; 0.0000; 0.0000; 0.0000; 0.0000; 0.6491; 0.0000; 0.3509; 0.0000
0.0000; 1.0000; 0.0000; 0.0000; 0.0000; 0.0000; 0.0000; 0.0000; 0.0000
0.0182; 0.0182; 0.0000; 0.0000; 0.0000; 0.2727; 0.0182; 0.6727; 0.0000
Bootstrap 13
Run TT with 90 training and 46 tests
Run CD with 149 training and 75 tests
Run FKW with 62 training and 32 tests
Run KW with 73 training and 37 tests
Run LPLT with 32 training and 16 tests
Run RD with 112 training and 57 tests
Run WBD with 3 training and 2 tests
Run WSD with 108 training and 55 tests
Confusion Matrix 14.0
0.9348; 0.0000; 0.0217; 0.0000; 0.0000; 0.0000; 0.0000; 0.0435; 0.0000
0.1333; 0.5067; 0.0000; 0.0000; 0.0000; 0.2133; 0.0533; 0.0933; 0.0000
0.0000; 0.0313; 0.9063; 0.0000; 0.0313; 0.0000; 0.0000; 0.0313; 0.0000
0.0000; 0.0000; 0.0270; 0.7568; 0.2162; 0.0000; 0.0000; 0.0000; 0.0000
0.0000; 0.0000; 0.0000; 0.1875; 0.8125; 0.0000; 0.0000; 0.0000; 0.0000
0.0526; 0.1930; 0.0000; 0.0000; 0.0175; 0.4561; 0.0351; 0.2456; 0.0000
0.0000; 0.5000; 0.0000; 0.0000; 0.0000; 0.0000; 0.5000; 0.0000; 0.0000
0.0727; 0.0182; 0.0000; 0.0000; 0.0000; 0.2364; 0.0364; 0.6364; 0.0000
Bootstrap 14
Run TT with 90 training and 46 tests
Run CD with 149 training and 75 tests
Run FKW with 62 training and 32 tests
Run KW with 73 training and 37 tests
Run LPLT with 32 training and 16 tests
Run RD with 112 training and 57 tests
Run WBD with 3 training and 2 tests
Run WSD with 108 training and 55 tests
Confusion Matrix 15.0
0.4348; 0.3696; 0.0217; 0.0000; 0.0000; 0.0217; 0.0435; 0.1087; 0.0000
0.0667; 0.5200; 0.0000; 0.0000; 0.0000; 0.2400; 0.1600; 0.0133; 0.0000
0.0000; 0.0000; 0.9063; 0.0313; 0.0313; 0.0313; 0.0000; 0.0000; 0.0000
0.0000; 0.0000; 0.0270; 0.8919; 0.0811; 0.0000; 0.0000; 0.0000; 0.0000
0.0000; 0.0000; 0.0000; 0.1250; 0.8750; 0.0000; 0.0000; 0.0000; 0.0000
0.0351; 0.2105; 0.0175; 0.0000; 0.0175; 0.4386; 0.0351; 0.2456; 0.0000
0.0000; 0.0000; 0.0000; 0.0000; 0.0000; 0.0000; 1.0000; 0.0000; 0.0000
0.0364; 0.0182; 0.0000; 0.0182; 0.0000; 0.3455; 0.0000; 0.5818; 0.0000
Bootstrap 15
Run TT with 90 training and 46 tests
Run CD with 149 training and 75 tests
Run FKW with 62 training and 32 tests
Run KW with 73 training and 37 tests
Run LPLT with 32 training and 16 tests
Run RD with 112 training and 57 tests
Run WBD with 3 training and 2 tests
Run WSD with 108 training and 55 tests
Confusion Matrix 16.0
0.6739; 0.2391; 0.0000; 0.0000; 0.0000; 0.0217; 0.0000; 0.0652; 0.0000
0.0267; 0.8133; 0.0000; 0.0000; 0.0000; 0.0533; 0.1067; 0.0000; 0.0000
0.0000; 0.0625; 0.9063; 0.0313; 0.0000; 0.0000; 0.0000; 0.0000; 0.0000
0.0000; 0.0000; 0.0270; 0.8919; 0.0811; 0.0000; 0.0000; 0.0000; 0.0000
0.0000; 0.0000; 0.0000; 0.0000; 1.0000; 0.0000; 0.0000; 0.0000; 0.0000
0.1579; 0.2281; 0.0000; 0.0000; 0.0351; 0.4561; 0.0175; 0.1053; 0.0000
0.0000; 1.0000; 0.0000; 0.0000; 0.0000; 0.0000; 0.0000; 0.0000; 0.0000
0.0182; 0.1273; 0.0000; 0.0000; 0.0000; 0.3273; 0.0182; 0.5091; 0.0000
Bootstrap 16
Run TT with 90 training and 46 tests
Run CD with 149 training and 75 tests
Run FKW with 62 training and 32 tests
Run KW with 73 training and 37 tests
Run LPLT with 32 training and 16 tests
Run RD with 112 training and 57 tests
Run WBD with 3 training and 2 tests
Run WSD with 108 training and 55 tests
Confusion Matrix 17.0
0.3913; 0.3913; 0.0435; 0.0000; 0.0000; 0.0652; 0.0652; 0.0435; 0.0000
0.0133; 0.6933; 0.0000; 0.0000; 0.0000; 0.0667; 0.2267; 0.0000; 0.0000
0.0000; 0.0000; 0.9375; 0.0000; 0.0313; 0.0000; 0.0313; 0.0000; 0.0000
0.0000; 0.0000; 0.0270; 0.9189; 0.0541; 0.0000; 0.0000; 0.0000; 0.0000
0.0000; 0.0000; 0.0000; 0.0000; 1.0000; 0.0000; 0.0000; 0.0000; 0.0000
0.0000; 0.0175; 0.0000; 0.0000; 0.0000; 0.6667; 0.0000; 0.3158; 0.0000
0.0000; 0.5000; 0.0000; 0.0000; 0.0000; 0.0000; 0.5000; 0.0000; 0.0000
0.0000; 0.1091; 0.0000; 0.0000; 0.0000; 0.2182; 0.0364; 0.6364; 0.0000
Bootstrap 17
Run TT with 90 training and 46 tests
Run CD with 149 training and 75 tests
Run FKW with 62 training and 32 tests
Run KW with 73 training and 37 tests
Run LPLT with 32 training and 16 tests
Run RD with 112 training and 57 tests
Run WBD with 3 training and 2 tests
Run WSD with 108 training and 55 tests
Confusion Matrix 18.0
0.9348; 0.0000; 0.0217; 0.0000; 0.0000; 0.0000; 0.0000; 0.0435; 0.0000
0.0800; 0.8133; 0.0000; 0.0000; 0.0000; 0.0267; 0.0800; 0.0000; 0.0000
0.0000; 0.0313; 0.9375; 0.0000; 0.0313; 0.0000; 0.0000; 0.0000; 0.0000
0.0000; 0.0000; 0.0811; 0.7027; 0.2162; 0.0000; 0.0000; 0.0000; 0.0000
0.0000; 0.0000; 0.0000; 0.4375; 0.5625; 0.0000; 0.0000; 0.0000; 0.0000
0.1053; 0.2456; 0.0000; 0.0000; 0.0000; 0.3684; 0.0000; 0.2807; 0.0000
0.0000; 1.0000; 0.0000; 0.0000; 0.0000; 0.0000; 0.0000; 0.0000; 0.0000
0.0000; 0.0909; 0.0000; 0.0000; 0.0000; 0.4182; 0.0000; 0.4909; 0.0000
Bootstrap 18
Run TT with 90 training and 46 tests
Run CD with 149 training and 75 tests
Run FKW with 62 training and 32 tests
Run KW with 73 training and 37 tests
Run LPLT with 32 training and 16 tests
Run RD with 112 training and 57 tests
Run WBD with 3 training and 2 tests
Run WSD with 108 training and 55 tests
Confusion Matrix 19.0
0.4565; 0.3043; 0.0217; 0.0000; 0.0000; 0.0435; 0.1087; 0.0652; 0.0000
0.0267; 0.6400; 0.0000; 0.0000; 0.0000; 0.1733; 0.1333; 0.0267; 0.0000
0.0000; 0.0313; 0.9375; 0.0000; 0.0313; 0.0000; 0.0000; 0.0000; 0.0000
0.0000; 0.0000; 0.0541; 0.7568; 0.1892; 0.0000; 0.0000; 0.0000; 0.0000
0.0000; 0.0000; 0.0000; 0.4375; 0.5625; 0.0000; 0.0000; 0.0000; 0.0000
0.0000; 0.0000; 0.0000; 0.0000; 0.0000; 0.8070; 0.0000; 0.1930; 0.0000
0.0000; 0.5000; 0.0000; 0.0000; 0.0000; 0.0000; 0.5000; 0.0000; 0.0000
0.0364; 0.1273; 0.0000; 0.0000; 0.0000; 0.2909; 0.0000; 0.5455; 0.0000
Bootstrap 19
Run TT with 90 training and 46 tests
Run CD with 149 training and 75 tests
Run FKW with 62 training and 32 tests
Run KW with 73 training and 37 tests
Run LPLT with 32 training and 16 tests
Run RD with 112 training and 57 tests
Run WBD with 3 training and 2 tests
Run WSD with 108 training and 55 tests
Confusion Matrix 20.0
0.3913; 0.3696; 0.0217; 0.0000; 0.0000; 0.0435; 0.1304; 0.0435; 0.0000
0.0267; 0.6800; 0.0000; 0.0000; 0.0000; 0.0800; 0.2133; 0.0000; 0.0000
0.0000; 0.0000; 1.0000; 0.0000; 0.0000; 0.0000; 0.0000; 0.0000; 0.0000
0.0000; 0.0000; 0.0000; 0.8378; 0.1622; 0.0000; 0.0000; 0.0000; 0.0000
0.0000; 0.0000; 0.0000; 0.3125; 0.6875; 0.0000; 0.0000; 0.0000; 0.0000
0.0000; 0.0000; 0.0000; 0.0000; 0.0000; 0.7544; 0.0000; 0.2456; 0.0000
0.0000; 0.0000; 0.0000; 0.0000; 0.0000; 0.0000; 1.0000; 0.0000; 0.0000
0.0182; 0.0727; 0.0000; 0.0000; 0.0000; 0.2545; 0.0364; 0.6182; 0.0000
Bootstrap 20
Run TT with 90 training and 46 tests
Run CD with 149 training and 75 tests
Run FKW with 62 training and 32 tests
Run KW with 73 training and 37 tests
Run LPLT with 32 training and 16 tests
Run RD with 112 training and 57 tests
Run WBD with 3 training and 2 tests
Run WSD with 108 training and 55 tests
Confusion Matrix 21.0
0.5000; 0.1739; 0.0435; 0.0000; 0.0000; 0.0435; 0.1087; 0.1304; 0.0000
0.0533; 0.4400; 0.0000; 0.0000; 0.0000; 0.2000; 0.2800; 0.0267; 0.0000
0.0000; 0.0000; 0.8750; 0.0000; 0.0938; 0.0313; 0.0000; 0.0000; 0.0000
0.0000; 0.0000; 0.1081; 0.7568; 0.1081; 0.0000; 0.0270; 0.0000; 0.0000
0.0000; 0.0000; 0.0000; 0.3750; 0.6250; 0.0000; 0.0000; 0.0000; 0.0000
0.0000; 0.0000; 0.0000; 0.0000; 0.0000; 0.6842; 0.0000; 0.3158; 0.0000
0.0000; 0.0000; 0.0000; 0.0000; 0.0000; 0.0000; 1.0000; 0.0000; 0.0000
0.0000; 0.0545; 0.0000; 0.0000; 0.0000; 0.2909; 0.0000; 0.6545; 0.0000
Bootstrap 21
Run TT with 90 training and 46 tests
Run CD with 149 training and 75 tests
Run FKW with 62 training and 32 tests
Run KW with 73 training and 37 tests
Run LPLT with 32 training and 16 tests
Run RD with 112 training and 57 tests
Run WBD with 3 training and 2 tests
Run WSD with 108 training and 55 tests
Confusion Matrix 22.0
0.3913; 0.4565; 0.0217; 0.0000; 0.0000; 0.0217; 0.0435; 0.0652; 0.0000
0.1067; 0.4000; 0.0133; 0.0000; 0.0000; 0.3733; 0.0400; 0.0667; 0.0000
0.0000; 0.0313; 0.8750; 0.0000; 0.0938; 0.0000; 0.0000; 0.0000; 0.0000
0.0000; 0.0000; 0.0270; 0.7838; 0.1892; 0.0000; 0.0000; 0.0000; 0.0000
0.0000; 0.0000; 0.0000; 0.8125; 0.1875; 0.0000; 0.0000; 0.0000; 0.0000
0.0526; 0.1053; 0.0175; 0.0175; 0.0175; 0.5439; 0.0351; 0.2105; 0.0000
0.0000; 0.5000; 0.0000; 0.0000; 0.0000; 0.0000; 0.5000; 0.0000; 0.0000
0.0364; 0.0364; 0.0000; 0.0000; 0.0182; 0.2909; 0.0000; 0.6182; 0.0000
Bootstrap 22
Run TT with 90 training and 46 tests
Run CD with 149 training and 75 tests
Run FKW with 62 training and 32 tests
Run KW with 73 training and 37 tests
Run LPLT with 32 training and 16 tests
Run RD with 112 training and 57 tests
Run WBD with 3 training and 2 tests
Run WSD with 108 training and 55 tests
Confusion Matrix 23.0
0.7609; 0.1522; 0.0000; 0.0000; 0.0000; 0.0870; 0.0000; 0.0000; 0.0000
0.0400; 0.6400; 0.0000; 0.0000; 0.0000; 0.0933; 0.2267; 0.0000; 0.0000
0.0000; 0.0000; 0.9375; 0.0313; 0.0000; 0.0000; 0.0313; 0.0000; 0.0000
0.0000; 0.0000; 0.0000; 0.8649; 0.1351; 0.0000; 0.0000; 0.0000; 0.0000
0.0000; 0.0000; 0.0000; 0.1875; 0.8125; 0.0000; 0.0000; 0.0000; 0.0000
0.0000; 0.0351; 0.0000; 0.0175; 0.0000; 0.5965; 0.0175; 0.3333; 0.0000
0.0000; 0.5000; 0.0000; 0.0000; 0.0000; 0.0000; 0.5000; 0.0000; 0.0000
0.0727; 0.0364; 0.0000; 0.0000; 0.0182; 0.2909; 0.0182; 0.5636; 0.0000
Bootstrap 23
Run TT with 90 training and 46 tests
Run CD with 149 training and 75 tests
Run FKW with 62 training and 32 tests
Run KW with 73 training and 37 tests
Run LPLT with 32 training and 16 tests
Run RD with 112 training and 57 tests
Run WBD with 3 training and 2 tests
Run WSD with 108 training and 55 tests
Confusion Matrix 24.0
0.7609; 0.1957; 0.0000; 0.0000; 0.0000; 0.0000; 0.0217; 0.0217; 0.0000
0.0533; 0.8000; 0.0000; 0.0000; 0.0000; 0.0800; 0.0400; 0.0267; 0.0000
0.0000; 0.0313; 0.8438; 0.0313; 0.0938; 0.0000; 0.0000; 0.0000; 0.0000
0.0000; 0.0000; 0.0270; 0.7568; 0.1892; 0.0000; 0.0270; 0.0000; 0.0000
0.0000; 0.0000; 0.0000; 0.3750; 0.6250; 0.0000; 0.0000; 0.0000; 0.0000
0.0000; 0.0877; 0.0000; 0.0000; 0.0000; 0.6140; 0.0000; 0.2982; 0.0000
0.0000; 1.0000; 0.0000; 0.0000; 0.0000; 0.0000; 0.0000; 0.0000; 0.0000
0.0182; 0.1091; 0.0000; 0.0000; 0.0000; 0.2000; 0.0364; 0.6364; 0.0000
Bootstrap 24
Run TT with 90 training and 46 tests
Run CD with 149 training and 75 tests
Run FKW with 62 training and 32 tests
Run KW with 73 training and 37 tests
Run LPLT with 32 training and 16 tests
Run RD with 112 training and 57 tests
Run WBD with 3 training and 2 tests
Run WSD with 108 training and 55 tests
Confusion Matrix 25.0
0.9130; 0.0217; 0.0217; 0.0000; 0.0000; 0.0000; 0.0000; 0.0435; 0.0000
0.0000; 0.5200; 0.0000; 0.0000; 0.0000; 0.1467; 0.3333; 0.0000; 0.0000
0.0000; 0.0000; 0.8750; 0.0000; 0.0625; 0.0625; 0.0000; 0.0000; 0.0000
0.0000; 0.0000; 0.0270; 0.8649; 0.1081; 0.0000; 0.0000; 0.0000; 0.0000
0.0000; 0.0000; 0.0625; 0.0000; 0.9375; 0.0000; 0.0000; 0.0000; 0.0000
0.0175; 0.0526; 0.0000; 0.0000; 0.0000; 0.6491; 0.0175; 0.2632; 0.0000
0.0000; 0.0000; 0.0000; 0.0000; 0.0000; 0.0000; 1.0000; 0.0000; 0.0000
0.0727; 0.0364; 0.0000; 0.0182; 0.0000; 0.3273; 0.0000; 0.5455; 0.0000
Bootstrap 25
Run TT with 90 training and 46 tests
Run CD with 149 training and 75 tests
Run FKW with 62 training and 32 tests
Run KW with 73 training and 37 tests
Run LPLT with 32 training and 16 tests
Run RD with 112 training and 57 tests
Run WBD with 3 training and 2 tests
Run WSD with 108 training and 55 tests
Confusion Matrix 26.0
0.8913; 0.0000; 0.0435; 0.0000; 0.0000; 0.0217; 0.0000; 0.0435; 0.0000
0.0267; 0.5333; 0.0000; 0.0000; 0.0000; 0.0400; 0.3600; 0.0400; 0.0000
0.0000; 0.0000; 0.9688; 0.0000; 0.0313; 0.0000; 0.0000; 0.0000; 0.0000
0.0000; 0.0000; 0.0000; 0.8649; 0.1351; 0.0000; 0.0000; 0.0000; 0.0000
0.0000; 0.0000; 0.0000; 0.2500; 0.7500; 0.0000; 0.0000; 0.0000; 0.0000
0.0000; 0.0000; 0.0000; 0.0000; 0.0000; 0.7018; 0.0000; 0.2982; 0.0000
0.0000; 0.0000; 0.0000; 0.0000; 0.0000; 0.0000; 1.0000; 0.0000; 0.0000
0.0364; 0.0364; 0.0000; 0.0000; 0.0000; 0.3455; 0.0000; 0.5818; 0.0000
Bootstrap 26
Run TT with 90 training and 46 tests
Run CD with 149 training and 75 tests
Run FKW with 62 training and 32 tests
Run KW with 73 training and 37 tests
Run LPLT with 32 training and 16 tests
Run RD with 112 training and 57 tests
Run WBD with 3 training and 2 tests
Run WSD with 108 training and 55 tests
Confusion Matrix 27.0
0.4565; 0.3478; 0.0435; 0.0000; 0.0000; 0.0435; 0.0652; 0.0435; 0.0000
0.0933; 0.4000; 0.0133; 0.0000; 0.0000; 0.3467; 0.0800; 0.0667; 0.0000
0.0000; 0.0313; 0.9688; 0.0000; 0.0000; 0.0000; 0.0000; 0.0000; 0.0000
0.0000; 0.0000; 0.1081; 0.6486; 0.2432; 0.0000; 0.0000; 0.0000; 0.0000
0.0000; 0.0000; 0.0000; 0.4375; 0.5625; 0.0000; 0.0000; 0.0000; 0.0000
0.0000; 0.0526; 0.0000; 0.0000; 0.0000; 0.5789; 0.0000; 0.3684; 0.0000
0.0000; 0.5000; 0.0000; 0.0000; 0.0000; 0.0000; 0.5000; 0.0000; 0.0000
0.0000; 0.0364; 0.0000; 0.0000; 0.0000; 0.2727; 0.0000; 0.6909; 0.0000
Bootstrap 27
Run TT with 90 training and 46 tests
Run CD with 149 training and 75 tests
Run FKW with 62 training and 32 tests
Run KW with 73 training and 37 tests
Run LPLT with 32 training and 16 tests
Run RD with 112 training and 57 tests
Run WBD with 3 training and 2 tests
Run WSD with 108 training and 55 tests
Confusion Matrix 28.0
0.4130; 0.3696; 0.0435; 0.0000; 0.0000; 0.0435; 0.0652; 0.0652; 0.0000
0.0267; 0.5067; 0.0000; 0.0000; 0.0000; 0.1600; 0.2800; 0.0267; 0.0000
0.0000; 0.0000; 0.9375; 0.0000; 0.0625; 0.0000; 0.0000; 0.0000; 0.0000
0.0000; 0.0000; 0.0541; 0.7568; 0.1892; 0.0000; 0.0000; 0.0000; 0.0000
0.0000; 0.0000; 0.0000; 0.6250; 0.3750; 0.0000; 0.0000; 0.0000; 0.0000
0.0175; 0.2807; 0.0000; 0.0000; 0.0000; 0.3860; 0.0000; 0.3158; 0.0000
0.0000; 0.5000; 0.0000; 0.0000; 0.0000; 0.0000; 0.5000; 0.0000; 0.0000
0.0182; 0.0909; 0.0000; 0.0000; 0.0000; 0.2909; 0.0000; 0.6000; 0.0000
Bootstrap 28
Run TT with 90 training and 46 tests
Run CD with 149 training and 75 tests
Run FKW with 62 training and 32 tests
Run KW with 73 training and 37 tests
Run LPLT with 32 training and 16 tests
Run RD with 112 training and 57 tests
Run WBD with 3 training and 2 tests
Run WSD with 108 training and 55 tests
Confusion Matrix 29.0
0.9348; 0.0435; 0.0217; 0.0000; 0.0000; 0.0000; 0.0000; 0.0000; 0.0000
0.0667; 0.6267; 0.0000; 0.0000; 0.0000; 0.0800; 0.2267; 0.0000; 0.0000
0.0000; 0.0000; 0.9375; 0.0000; 0.0625; 0.0000; 0.0000; 0.0000; 0.0000
0.0000; 0.0000; 0.0270; 0.7568; 0.2162; 0.0000; 0.0000; 0.0000; 0.0000
0.0000; 0.0000; 0.0000; 0.0625; 0.9375; 0.0000; 0.0000; 0.0000; 0.0000
0.0000; 0.0000; 0.0000; 0.0000; 0.0000; 0.8070; 0.0000; 0.1930; 0.0000
0.0000; 0.5000; 0.0000; 0.0000; 0.0000; 0.0000; 0.5000; 0.0000; 0.0000
0.1273; 0.0727; 0.0000; 0.0000; 0.0000; 0.2000; 0.0364; 0.5636; 0.0000
Bootstrap 29
Run TT with 90 training and 46 tests
Run CD with 149 training and 75 tests
Run FKW with 62 training and 32 tests
Run KW with 73 training and 37 tests
Run LPLT with 32 training and 16 tests
Run RD with 112 training and 57 tests
Run WBD with 3 training and 2 tests
Run WSD with 108 training and 55 tests
Confusion Matrix 30.0
0.8043; 0.0652; 0.0000; 0.0000; 0.0000; 0.0870; 0.0000; 0.0435; 0.0000
0.1200; 0.3467; 0.0133; 0.0000; 0.0000; 0.3733; 0.0800; 0.0667; 0.0000
0.0000; 0.0313; 0.9688; 0.0000; 0.0000; 0.0000; 0.0000; 0.0000; 0.0000
0.0000; 0.0000; 0.0000; 0.8378; 0.1622; 0.0000; 0.0000; 0.0000; 0.0000
0.0000; 0.0000; 0.0000; 0.1250; 0.8750; 0.0000; 0.0000; 0.0000; 0.0000
0.0000; 0.0175; 0.0000; 0.0000; 0.0000; 0.7018; 0.0175; 0.2632; 0.0000
0.0000; 0.5000; 0.0000; 0.0000; 0.0000; 0.0000; 0.5000; 0.0000; 0.0000
0.0182; 0.0182; 0.0000; 0.0000; 0.0000; 0.2909; 0.0182; 0.6545; 0.0000
Mean confusion
0.6514; 0.1899; 0.0203; 0.0000; 0.0000; 0.0377; 0.0406; 0.0601; 0.0000
0.0569; 0.5604; 0.0036; 0.0000; 0.0000; 0.1538; 0.1902; 0.0351; 0.0000
0.0000; 0.0156; 0.9292; 0.0094; 0.0354; 0.0052; 0.0042; 0.0010; 0.0000
0.0000; 0.0000; 0.0315; 0.8189; 0.1459; 0.0000; 0.0036; 0.0000; 0.0000
0.0000; 0.0000; 0.0063; 0.3125; 0.6792; 0.0000; 0.0021; 0.0000; 0.0000
0.0251; 0.0737; 0.0029; 0.0023; 0.0053; 0.6088; 0.0129; 0.2690; 0.0000
0.0000; 0.4333; 0.0000; 0.0000; 0.0000; 0.0000; 0.5500; 0.0167; 0.0000
0.0345; 0.0594; 0.0000; 0.0018; 0.0036; 0.2758; 0.0152; 0.6097; 0.0000
STD Confusion
0.2211; 0.1510; 0.0161; 0.0000; 0.0000; 0.0395; 0.0411; 0.0394; 0.0000
0.0396; 0.1323; 0.0060; 0.0000; 0.0000; 0.1082; 0.1109; 0.0339; 0.0000
0.0000; 0.0197; 0.0426; 0.0167; 0.0336; 0.0144; 0.0108; 0.0057; 0.0000
0.0000; 0.0000; 0.0318; 0.0931; 0.0783; 0.0000; 0.0093; 0.0000; 0.0000
0.0000; 0.0000; 0.0252; 0.2467; 0.2400; 0.0000; 0.0114; 0.0000; 0.0000
0.0419; 0.0899; 0.0081; 0.0061; 0.0105; 0.1283; 0.0195; 0.0705; 0.0000
0.0000; 0.3880; 0.0000; 0.0000; 0.0000; 0.0000; 0.4015; 0.0913; 0.0000
0.0280; 0.0382; 0.0000; 0.0055; 0.0074; 0.0532; 0.0166; 0.0527; 0.0000
Lower 95% CI
0.3261; 0.0000; 0.0000; 0.0000; 0.0000; 0.0000; 0.0000; 0.0000; 0.0000
0.0000; 0.3467; 0.0000; 0.0000; 0.0000; 0.0267; 0.0400; 0.0000; 0.0000
0.0000; 0.0000; 0.8438; 0.0000; 0.0000; 0.0000; 0.0000; 0.0000; 0.0000
0.0000; 0.0000; 0.0000; 0.5676; 0.0000; 0.0000; 0.0000; 0.0000; 0.0000
0.0000; 0.0000; 0.0000; 0.0000; 0.1875; 0.0000; 0.0000; 0.0000; 0.0000
0.0000; 0.0000; 0.0000; 0.0000; 0.0000; 0.3684; 0.0000; 0.1053; 0.0000
0.0000; 0.0000; 0.0000; 0.0000; 0.0000; 0.0000; 0.0000; 0.0000; 0.0000
0.0000; 0.0182; 0.0000; 0.0000; 0.0000; 0.1636; 0.0000; 0.4909; 0.0000
Upper 95% CI
0.9565; 0.4565; 0.0435; 0.0000; 0.0000; 0.1304; 0.1304; 0.1522; 0.0000
0.1733; 0.8133; 0.0133; 0.0000; 0.0000; 0.3733; 0.4667; 0.1067; 0.0000
0.0000; 0.0625; 1.0000; 0.0625; 0.0938; 0.0625; 0.0313; 0.0313; 0.0000
0.0000; 0.0000; 0.1081; 0.9730; 0.4054; 0.0000; 0.0270; 0.0000; 0.0000
0.0000; 0.0000; 0.1250; 0.8125; 1.0000; 0.0000; 0.0625; 0.0000; 0.0000
0.1579; 0.2807; 0.0351; 0.0175; 0.0351; 0.8070; 0.0702; 0.3860; 0.0000
0.0000; 1.0000; 0.0000; 0.0000; 0.0000; 0.0000; 1.0000; 0.5000; 0.0000
0.1273; 0.1636; 0.0000; 0.0182; 0.0182; 0.4182; 0.0545; 0.7091; 0.0000
Run TT with 136 training and 0 tests
Run CD with 224 training and 0 tests
Run FKW with 94 training and 0 tests
Run KW with 110 training and 0 tests
Run LPLT with 48 training and 0 tests
Run RD with 169 training and 0 tests
Run WBD with 5 training and 0 tests
Run WSD with 163 training and 0 tests