Total Bootstraps 300
Num Species 8
BD; CD; FKW; KW; LPLT; RD; WBD; WSD
Bootstrap 0
Run BD with 79 training and 40 tests
Run CD with 324 training and 163 tests
Run FKW with 147 training and 74 tests
Run KW with 64 training and 32 tests
Run LPLT with 28 training and 14 tests
Run RD with 98 training and 50 tests
Run WBD with 3 training and 2 tests
Run WSD with 93 training and 47 tests
0.7750; 0.0750; 0.0250; 0.0000; 0.0000; 0.0750; 0.0000; 0.0500; 0.0000
0.0491; 0.6994; 0.0061; 0.0000; 0.0000; 0.1411; 0.0613; 0.0429; 0.0000
0.0811; 0.0541; 0.7838; 0.0000; 0.0000; 0.0000; 0.0811; 0.0000; 0.0000
0.0000; 0.0000; 0.0313; 0.8438; 0.1250; 0.0000; 0.0000; 0.0000; 0.0000
0.0000; 0.0000; 0.0000; 0.0000; 1.0000; 0.0000; 0.0000; 0.0000; 0.0000
0.0000; 0.0200; 0.0200; 0.0000; 0.0000; 0.5800; 0.0400; 0.3400; 0.0000
0.0000; 0.5000; 0.0000; 0.0000; 0.0000; 0.0000; 0.5000; 0.0000; 0.0000
0.0638; 0.0638; 0.0000; 0.0000; 0.0000; 0.1702; 0.0213; 0.6809; 0.0000
Bootstrap 1
Run BD with 79 training and 40 tests
Run CD with 324 training and 163 tests
Run FKW with 147 training and 74 tests
Run KW with 64 training and 32 tests
Run LPLT with 28 training and 14 tests
Run RD with 98 training and 50 tests
Run WBD with 3 training and 2 tests
Run WSD with 93 training and 47 tests
0.3750; 0.3000; 0.0750; 0.0000; 0.0000; 0.1250; 0.0750; 0.0500; 0.0000
0.0184; 0.6564; 0.0061; 0.0000; 0.0000; 0.1718; 0.0920; 0.0552; 0.0000
0.0270; 0.0135; 0.8919; 0.0270; 0.0405; 0.0000; 0.0000; 0.0000; 0.0000
0.0000; 0.0000; 0.0938; 0.6875; 0.2188; 0.0000; 0.0000; 0.0000; 0.0000
0.0000; 0.0000; 0.0000; 0.0000; 1.0000; 0.0000; 0.0000; 0.0000; 0.0000
0.0000; 0.0200; 0.0000; 0.0000; 0.0000; 0.5800; 0.0000; 0.4000; 0.0000
0.0000; 1.0000; 0.0000; 0.0000; 0.0000; 0.0000; 0.0000; 0.0000; 0.0000
0.0213; 0.0213; 0.0000; 0.0000; 0.0000; 0.2979; 0.0000; 0.6596; 0.0000
Bootstrap 2
Run BD with 79 training and 40 tests
Run CD with 324 training and 163 tests
Run FKW with 147 training and 74 tests
Run KW with 64 training and 32 tests
Run LPLT with 28 training and 14 tests
Run RD with 98 training and 50 tests
Run WBD with 3 training and 2 tests
Run WSD with 93 training and 47 tests
0.9000; 0.0250; 0.0250; 0.0000; 0.0000; 0.0000; 0.0000; 0.0500; 0.0000
0.1227; 0.4233; 0.0061; 0.0000; 0.0000; 0.1718; 0.2086; 0.0675; 0.0000
0.0946; 0.0405; 0.7432; 0.0000; 0.0000; 0.0000; 0.1216; 0.0000; 0.0000
0.0000; 0.0000; 0.1250; 0.6563; 0.2188; 0.0000; 0.0000; 0.0000; 0.0000
0.0000; 0.0000; 0.0000; 0.5000; 0.5000; 0.0000; 0.0000; 0.0000; 0.0000
0.0200; 0.0400; 0.0000; 0.0000; 0.0000; 0.6800; 0.0000; 0.2600; 0.0000
0.0000; 0.5000; 0.0000; 0.0000; 0.0000; 0.0000; 0.5000; 0.0000; 0.0000
0.0213; 0.0213; 0.0000; 0.0000; 0.0000; 0.2340; 0.0426; 0.6809; 0.0000
Bootstrap 3
Run BD with 79 training and 40 tests
Run CD with 324 training and 163 tests
Run FKW with 147 training and 74 tests
Run KW with 64 training and 32 tests
Run LPLT with 28 training and 14 tests
Run RD with 98 training and 50 tests
Run WBD with 3 training and 2 tests
Run WSD with 93 training and 47 tests
0.4500; 0.3750; 0.1000; 0.0000; 0.0000; 0.0500; 0.0250; 0.0000; 0.0000
0.0061; 0.8221; 0.0000; 0.0000; 0.0000; 0.0429; 0.1043; 0.0245; 0.0000
0.0541; 0.0541; 0.8378; 0.0000; 0.0000; 0.0000; 0.0541; 0.0000; 0.0000
0.0000; 0.0000; 0.0000; 0.9688; 0.0313; 0.0000; 0.0000; 0.0000; 0.0000
0.0000; 0.0000; 0.0000; 0.1429; 0.8571; 0.0000; 0.0000; 0.0000; 0.0000
0.0000; 0.0000; 0.0000; 0.0000; 0.0000; 0.7400; 0.0000; 0.2600; 0.0000
0.0000; 1.0000; 0.0000; 0.0000; 0.0000; 0.0000; 0.0000; 0.0000; 0.0000
0.0851; 0.0638; 0.0000; 0.0000; 0.0000; 0.1702; 0.0213; 0.6596; 0.0000
Bootstrap 4
Run BD with 79 training and 40 tests
Run CD with 324 training and 163 tests
Run FKW with 147 training and 74 tests
Run KW with 64 training and 32 tests
Run LPLT with 28 training and 14 tests
Run RD with 98 training and 50 tests
Run WBD with 3 training and 2 tests
Run WSD with 93 training and 47 tests
0.3750; 0.3250; 0.1000; 0.0000; 0.0000; 0.0750; 0.0750; 0.0500; 0.0000
0.0368; 0.5583; 0.0184; 0.0000; 0.0000; 0.1840; 0.1472; 0.0552; 0.0000
0.0135; 0.0000; 0.8784; 0.0135; 0.0541; 0.0000; 0.0405; 0.0000; 0.0000
0.0000; 0.0000; 0.0000; 1.0000; 0.0000; 0.0000; 0.0000; 0.0000; 0.0000
0.0000; 0.0000; 0.0000; 0.6429; 0.3571; 0.0000; 0.0000; 0.0000; 0.0000
0.0200; 0.1800; 0.0000; 0.0000; 0.0000; 0.4400; 0.0200; 0.3400; 0.0000
0.0000; 0.5000; 0.0000; 0.0000; 0.0000; 0.0000; 0.5000; 0.0000; 0.0000
0.0213; 0.0638; 0.0000; 0.0000; 0.0000; 0.2553; 0.0213; 0.6383; 0.0000
Bootstrap 5
Run BD with 79 training and 40 tests
Run CD with 324 training and 163 tests
Run FKW with 147 training and 74 tests
Run KW with 64 training and 32 tests
Run LPLT with 28 training and 14 tests
Run RD with 98 training and 50 tests
Run WBD with 3 training and 2 tests
Run WSD with 93 training and 47 tests
0.5500; 0.2000; 0.0500; 0.0000; 0.0000; 0.0500; 0.0500; 0.1000; 0.0000
0.0368; 0.6074; 0.0000; 0.0000; 0.0000; 0.1963; 0.1227; 0.0368; 0.0000
0.0676; 0.1351; 0.6757; 0.0000; 0.0135; 0.0000; 0.1081; 0.0000; 0.0000
0.0000; 0.0000; 0.0313; 0.8438; 0.1250; 0.0000; 0.0000; 0.0000; 0.0000
0.0000; 0.0000; 0.0000; 0.5714; 0.4286; 0.0000; 0.0000; 0.0000; 0.0000
0.0000; 0.1000; 0.0000; 0.0000; 0.0000; 0.4600; 0.0200; 0.4200; 0.0000
0.0000; 0.5000; 0.0000; 0.0000; 0.0000; 0.0000; 0.5000; 0.0000; 0.0000
0.0851; 0.0213; 0.0000; 0.0000; 0.0000; 0.1915; 0.0638; 0.6383; 0.0000
Bootstrap 6
Run BD with 79 training and 40 tests
Run CD with 324 training and 163 tests
Run FKW with 147 training and 74 tests
Run KW with 64 training and 32 tests
Run LPLT with 28 training and 14 tests
Run RD with 98 training and 50 tests
Run WBD with 3 training and 2 tests
Run WSD with 93 training and 47 tests
0.7250; 0.1500; 0.0250; 0.0000; 0.0000; 0.0250; 0.0500; 0.0250; 0.0000
0.0920; 0.4847; 0.0184; 0.0000; 0.0000; 0.2025; 0.1718; 0.0307; 0.0000
0.0000; 0.0000; 0.9054; 0.0000; 0.0676; 0.0135; 0.0135; 0.0000; 0.0000
0.0000; 0.0000; 0.0313; 0.7813; 0.1875; 0.0000; 0.0000; 0.0000; 0.0000
0.0000; 0.0000; 0.0000; 0.3571; 0.6429; 0.0000; 0.0000; 0.0000; 0.0000
0.0000; 0.0400; 0.0000; 0.0000; 0.0000; 0.7200; 0.0000; 0.2400; 0.0000
0.0000; 0.5000; 0.0000; 0.0000; 0.0000; 0.0000; 0.5000; 0.0000; 0.0000
0.0213; 0.0000; 0.0000; 0.0000; 0.0000; 0.3830; 0.0426; 0.5532; 0.0000
Bootstrap 7
Run BD with 79 training and 40 tests
Run CD with 324 training and 163 tests
Run FKW with 147 training and 74 tests
Run KW with 64 training and 32 tests
Run LPLT with 28 training and 14 tests
Run RD with 98 training and 50 tests
Run WBD with 3 training and 2 tests
Run WSD with 93 training and 47 tests
0.8500; 0.0000; 0.0500; 0.0000; 0.0000; 0.0250; 0.0000; 0.0750; 0.0000
0.1963; 0.3558; 0.0675; 0.0000; 0.0000; 0.1656; 0.1718; 0.0429; 0.0000
0.0541; 0.0000; 0.8919; 0.0270; 0.0270; 0.0000; 0.0000; 0.0000; 0.0000
0.0000; 0.0000; 0.0000; 0.9375; 0.0625; 0.0000; 0.0000; 0.0000; 0.0000
0.0000; 0.0000; 0.0000; 0.7857; 0.2143; 0.0000; 0.0000; 0.0000; 0.0000
0.0800; 0.1600; 0.0800; 0.0000; 0.0200; 0.3400; 0.0800; 0.2400; 0.0000
0.0000; 0.5000; 0.0000; 0.0000; 0.0000; 0.0000; 0.5000; 0.0000; 0.0000
0.0851; 0.0426; 0.0000; 0.0000; 0.0000; 0.2128; 0.0000; 0.6596; 0.0000
Bootstrap 8
Run BD with 79 training and 40 tests
Run CD with 324 training and 163 tests
Run FKW with 147 training and 74 tests
Run KW with 64 training and 32 tests
Run LPLT with 28 training and 14 tests
Run RD with 98 training and 50 tests
Run WBD with 3 training and 2 tests
Run WSD with 93 training and 47 tests
0.8750; 0.0000; 0.0250; 0.0000; 0.0000; 0.0250; 0.0000; 0.0750; 0.0000
0.0061; 0.8712; 0.0000; 0.0000; 0.0000; 0.0491; 0.0613; 0.0123; 0.0000
0.1622; 0.0270; 0.6892; 0.0000; 0.0000; 0.0000; 0.1216; 0.0000; 0.0000
0.0000; 0.0000; 0.0938; 0.6875; 0.1875; 0.0000; 0.0313; 0.0000; 0.0000
0.0000; 0.0000; 0.0000; 0.5000; 0.5000; 0.0000; 0.0000; 0.0000; 0.0000
0.0600; 0.2200; 0.0400; 0.0000; 0.0200; 0.3800; 0.0600; 0.2200; 0.0000
0.0000; 1.0000; 0.0000; 0.0000; 0.0000; 0.0000; 0.0000; 0.0000; 0.0000
0.0851; 0.0851; 0.0000; 0.0000; 0.0000; 0.2766; 0.0000; 0.5532; 0.0000
Bootstrap 9
Run BD with 79 training and 40 tests
Run CD with 324 training and 163 tests
Run FKW with 147 training and 74 tests
Run KW with 64 training and 32 tests
Run LPLT with 28 training and 14 tests
Run RD with 98 training and 50 tests
Run WBD with 3 training and 2 tests
Run WSD with 93 training and 47 tests
0.4250; 0.3250; 0.1250; 0.0000; 0.0000; 0.0250; 0.0750; 0.0250; 0.0000
0.0675; 0.4479; 0.0859; 0.0000; 0.0000; 0.2025; 0.1288; 0.0675; 0.0000
0.0000; 0.0000; 0.9189; 0.0135; 0.0405; 0.0000; 0.0270; 0.0000; 0.0000
0.0000; 0.0000; 0.0000; 0.9375; 0.0625; 0.0000; 0.0000; 0.0000; 0.0000
0.0000; 0.0000; 0.0000; 0.3571; 0.6429; 0.0000; 0.0000; 0.0000; 0.0000
0.0200; 0.1200; 0.0600; 0.0200; 0.0000; 0.6000; 0.0200; 0.1600; 0.0000
0.0000; 1.0000; 0.0000; 0.0000; 0.0000; 0.0000; 0.0000; 0.0000; 0.0000
0.0213; 0.0000; 0.0000; 0.0000; 0.0000; 0.2979; 0.0000; 0.6809; 0.0000
Bootstrap 10
Run BD with 79 training and 40 tests
Run CD with 324 training and 163 tests
Run FKW with 147 training and 74 tests
Run KW with 64 training and 32 tests
Run LPLT with 28 training and 14 tests
Run RD with 98 training and 50 tests
Run WBD with 3 training and 2 tests
Run WSD with 93 training and 47 tests
0.6250; 0.1250; 0.0250; 0.0000; 0.0000; 0.0000; 0.1750; 0.0500; 0.0000
0.0491; 0.5399; 0.0000; 0.0000; 0.0000; 0.1534; 0.2209; 0.0368; 0.0000
0.0946; 0.0270; 0.6757; 0.0000; 0.0000; 0.0000; 0.2027; 0.0000; 0.0000
0.0000; 0.0000; 0.0938; 0.6250; 0.2500; 0.0000; 0.0313; 0.0000; 0.0000
0.0000; 0.0000; 0.0000; 0.2857; 0.7143; 0.0000; 0.0000; 0.0000; 0.0000
0.0800; 0.2200; 0.0400; 0.0000; 0.0200; 0.4400; 0.0600; 0.1400; 0.0000
0.0000; 0.0000; 0.0000; 0.0000; 0.0000; 0.0000; 1.0000; 0.0000; 0.0000
0.0426; 0.0638; 0.0000; 0.0000; 0.0000; 0.2979; 0.0426; 0.5532; 0.0000
Bootstrap 11
Run BD with 79 training and 40 tests
Run CD with 324 training and 163 tests
Run FKW with 147 training and 74 tests
Run KW with 64 training and 32 tests
Run LPLT with 28 training and 14 tests
Run RD with 98 training and 50 tests
Run WBD with 3 training and 2 tests
Run WSD with 93 training and 47 tests
0.6750; 0.1000; 0.0500; 0.0000; 0.0000; 0.0250; 0.0250; 0.1250; 0.0000
0.0736; 0.4356; 0.0123; 0.0000; 0.0000; 0.2331; 0.1963; 0.0491; 0.0000
0.1216; 0.0676; 0.6892; 0.0000; 0.0000; 0.0000; 0.1216; 0.0000; 0.0000
0.0000; 0.0000; 0.0625; 0.7813; 0.1563; 0.0000; 0.0000; 0.0000; 0.0000
0.0000; 0.0000; 0.0000; 0.1429; 0.8571; 0.0000; 0.0000; 0.0000; 0.0000
0.0000; 0.0400; 0.0000; 0.0000; 0.0000; 0.6600; 0.0000; 0.3000; 0.0000
0.0000; 0.5000; 0.0000; 0.0000; 0.0000; 0.0000; 0.5000; 0.0000; 0.0000
0.0426; 0.0213; 0.0000; 0.0000; 0.0000; 0.2553; 0.0000; 0.6809; 0.0000
Bootstrap 12
Run BD with 79 training and 40 tests
Run CD with 324 training and 163 tests
Run FKW with 147 training and 74 tests
Run KW with 64 training and 32 tests
Run LPLT with 28 training and 14 tests
Run RD with 98 training and 50 tests
Run WBD with 3 training and 2 tests
Run WSD with 93 training and 47 tests
0.6750; 0.2500; 0.0500; 0.0000; 0.0000; 0.0000; 0.0000; 0.0250; 0.0000
0.0859; 0.3558; 0.0736; 0.0000; 0.0000; 0.1902; 0.2025; 0.0920; 0.0000
0.0000; 0.0000; 0.9595; 0.0000; 0.0405; 0.0000; 0.0000; 0.0000; 0.0000
0.0000; 0.0000; 0.0313; 0.8750; 0.0938; 0.0000; 0.0000; 0.0000; 0.0000
0.0000; 0.0000; 0.0000; 0.7857; 0.2143; 0.0000; 0.0000; 0.0000; 0.0000
0.0400; 0.0800; 0.0400; 0.0200; 0.0000; 0.6000; 0.0400; 0.1800; 0.0000
0.0000; 0.5000; 0.0000; 0.0000; 0.0000; 0.0000; 0.5000; 0.0000; 0.0000
0.0638; 0.0213; 0.0000; 0.0000; 0.0000; 0.2553; 0.0638; 0.5957; 0.0000
Bootstrap 13
Run BD with 79 training and 40 tests
Run CD with 324 training and 163 tests
Run FKW with 147 training and 74 tests
Run KW with 64 training and 32 tests
Run LPLT with 28 training and 14 tests
Run RD with 98 training and 50 tests
Run WBD with 3 training and 2 tests
Run WSD with 93 training and 47 tests
0.8000; 0.0250; 0.0500; 0.0000; 0.0000; 0.0000; 0.0500; 0.0750; 0.0000
0.0675; 0.4847; 0.0429; 0.0000; 0.0000; 0.1902; 0.1718; 0.0429; 0.0000
0.0000; 0.0000; 0.8784; 0.0135; 0.0946; 0.0135; 0.0000; 0.0000; 0.0000
0.0000; 0.0000; 0.1563; 0.6563; 0.1875; 0.0000; 0.0000; 0.0000; 0.0000
0.0000; 0.0000; 0.0000; 0.8571; 0.1429; 0.0000; 0.0000; 0.0000; 0.0000
0.0000; 0.0400; 0.0000; 0.0000; 0.0000; 0.6200; 0.0000; 0.3400; 0.0000
0.0000; 0.5000; 0.0000; 0.0000; 0.0000; 0.0000; 0.5000; 0.0000; 0.0000
0.0426; 0.0213; 0.0000; 0.0000; 0.0000; 0.2128; 0.1064; 0.6170; 0.0000
Bootstrap 14
Run BD with 79 training and 40 tests
Run CD with 324 training and 163 tests
Run FKW with 147 training and 74 tests
Run KW with 64 training and 32 tests
Run LPLT with 28 training and 14 tests
Run RD with 98 training and 50 tests
Run WBD with 3 training and 2 tests
Run WSD with 93 training and 47 tests
0.4250; 0.3250; 0.1000; 0.0000; 0.0000; 0.0500; 0.0000; 0.1000; 0.0000
0.0061; 0.8528; 0.0000; 0.0000; 0.0000; 0.1043; 0.0245; 0.0123; 0.0000
0.0000; 0.0000; 0.9189; 0.0000; 0.0405; 0.0000; 0.0405; 0.0000; 0.0000
0.0000; 0.0000; 0.1250; 0.7188; 0.1563; 0.0000; 0.0000; 0.0000; 0.0000
0.0000; 0.0000; 0.0000; 0.4286; 0.5714; 0.0000; 0.0000; 0.0000; 0.0000
0.0000; 0.0000; 0.0000; 0.0000; 0.0000; 0.7200; 0.0000; 0.2800; 0.0000
0.0000; 1.0000; 0.0000; 0.0000; 0.0000; 0.0000; 0.0000; 0.0000; 0.0000
0.0213; 0.0213; 0.0000; 0.0000; 0.0000; 0.2766; 0.0213; 0.6596; 0.0000
Bootstrap 15
Run BD with 79 training and 40 tests
Run CD with 324 training and 163 tests
Run FKW with 147 training and 74 tests
Run KW with 64 training and 32 tests
Run LPLT with 28 training and 14 tests
Run RD with 98 training and 50 tests
Run WBD with 3 training and 2 tests
Run WSD with 93 training and 47 tests
0.6250; 0.1250; 0.0750; 0.0000; 0.0000; 0.0250; 0.0250; 0.1250; 0.0000
0.1166; 0.2577; 0.0798; 0.0000; 0.0000; 0.3436; 0.1411; 0.0613; 0.0000
0.0000; 0.0000; 0.9054; 0.0000; 0.0405; 0.0000; 0.0541; 0.0000; 0.0000
0.0000; 0.0000; 0.0938; 0.7813; 0.1250; 0.0000; 0.0000; 0.0000; 0.0000
0.0000; 0.0000; 0.0000; 0.5000; 0.5000; 0.0000; 0.0000; 0.0000; 0.0000
0.0000; 0.0000; 0.0000; 0.0000; 0.0000; 0.6200; 0.0000; 0.3800; 0.0000
0.0000; 0.0000; 0.0000; 0.0000; 0.0000; 0.0000; 1.0000; 0.0000; 0.0000
0.0213; 0.0000; 0.0000; 0.0000; 0.0000; 0.2979; 0.0638; 0.6170; 0.0000
Bootstrap 16
Run BD with 79 training and 40 tests
Run CD with 324 training and 163 tests
Run FKW with 147 training and 74 tests
Run KW with 64 training and 32 tests
Run LPLT with 28 training and 14 tests
Run RD with 98 training and 50 tests
Run WBD with 3 training and 2 tests
Run WSD with 93 training and 47 tests
0.3750; 0.2750; 0.1250; 0.0000; 0.0000; 0.1000; 0.0750; 0.0500; 0.0000
0.0798; 0.3313; 0.0736; 0.0000; 0.0000; 0.3190; 0.1288; 0.0675; 0.0000
0.0000; 0.0000; 0.9595; 0.0000; 0.0000; 0.0000; 0.0405; 0.0000; 0.0000
0.0000; 0.0000; 0.0000; 0.9375; 0.0625; 0.0000; 0.0000; 0.0000; 0.0000
0.0000; 0.0000; 0.1429; 0.0714; 0.7857; 0.0000; 0.0000; 0.0000; 0.0000
0.0200; 0.0200; 0.0200; 0.0200; 0.0200; 0.6400; 0.0400; 0.2200; 0.0000
0.0000; 0.5000; 0.0000; 0.0000; 0.0000; 0.0000; 0.5000; 0.0000; 0.0000
0.0213; 0.0213; 0.0000; 0.0000; 0.0000; 0.2979; 0.0213; 0.6383; 0.0000
Bootstrap 17
Run BD with 79 training and 40 tests
Run CD with 324 training and 163 tests
Run FKW with 147 training and 74 tests
Run KW with 64 training and 32 tests
Run LPLT with 28 training and 14 tests
Run RD with 98 training and 50 tests
Run WBD with 3 training and 2 tests
Run WSD with 93 training and 47 tests
0.6000; 0.2750; 0.0000; 0.0000; 0.0000; 0.0250; 0.0250; 0.0750; 0.0000
0.0061; 0.6994; 0.0061; 0.0000; 0.0000; 0.0920; 0.1779; 0.0184; 0.0000
0.0000; 0.0000; 0.9324; 0.0000; 0.0270; 0.0000; 0.0405; 0.0000; 0.0000
0.0000; 0.0000; 0.0000; 0.7500; 0.2500; 0.0000; 0.0000; 0.0000; 0.0000
0.0000; 0.0000; 0.0000; 0.1429; 0.8571; 0.0000; 0.0000; 0.0000; 0.0000
0.1000; 0.2200; 0.0400; 0.0000; 0.0200; 0.4600; 0.0800; 0.0800; 0.0000
0.0000; 0.0000; 0.0000; 0.0000; 0.0000; 0.0000; 1.0000; 0.0000; 0.0000
0.0426; 0.0851; 0.0000; 0.0000; 0.0000; 0.3191; 0.0426; 0.5106; 0.0000
Bootstrap 18
Run BD with 79 training and 40 tests
Run CD with 324 training and 163 tests
Run FKW with 147 training and 74 tests
Run KW with 64 training and 32 tests
Run LPLT with 28 training and 14 tests
Run RD with 98 training and 50 tests
Run WBD with 3 training and 2 tests
Run WSD with 93 training and 47 tests
0.4500; 0.2500; 0.0500; 0.0000; 0.0000; 0.1000; 0.1000; 0.0500; 0.0000
0.0429; 0.5521; 0.0675; 0.0000; 0.0000; 0.1656; 0.1104; 0.0613; 0.0000
0.0000; 0.0000; 0.9865; 0.0000; 0.0135; 0.0000; 0.0000; 0.0000; 0.0000
0.0000; 0.0000; 0.0625; 0.7500; 0.1875; 0.0000; 0.0000; 0.0000; 0.0000
0.0000; 0.0000; 0.1429; 0.0714; 0.7857; 0.0000; 0.0000; 0.0000; 0.0000
0.0000; 0.0000; 0.0000; 0.0000; 0.0000; 0.6400; 0.0200; 0.3400; 0.0000
0.0000; 0.5000; 0.0000; 0.0000; 0.0000; 0.0000; 0.5000; 0.0000; 0.0000
0.0213; 0.0213; 0.0000; 0.0000; 0.0000; 0.2340; 0.0213; 0.7021; 0.0000
Bootstrap 19
Run BD with 79 training and 40 tests
Run CD with 324 training and 163 tests
Run FKW with 147 training and 74 tests
Run KW with 64 training and 32 tests
Run LPLT with 28 training and 14 tests
Run RD with 98 training and 50 tests
Run WBD with 3 training and 2 tests
Run WSD with 93 training and 47 tests
0.4250; 0.3750; 0.0750; 0.0000; 0.0000; 0.1000; 0.0000; 0.0250; 0.0000
0.0307; 0.7178; 0.0000; 0.0000; 0.0000; 0.1227; 0.0798; 0.0491; 0.0000
0.0676; 0.1622; 0.7568; 0.0000; 0.0000; 0.0000; 0.0135; 0.0000; 0.0000
0.0000; 0.0000; 0.0000; 0.8750; 0.1250; 0.0000; 0.0000; 0.0000; 0.0000
0.0000; 0.0000; 0.0000; 0.0000; 1.0000; 0.0000; 0.0000; 0.0000; 0.0000
0.0600; 0.2200; 0.0400; 0.0000; 0.0200; 0.4600; 0.0800; 0.1200; 0.0000
0.0000; 0.5000; 0.0000; 0.0000; 0.0000; 0.0000; 0.5000; 0.0000; 0.0000
0.0426; 0.0213; 0.0000; 0.0000; 0.0000; 0.2553; 0.0213; 0.6596; 0.0000
Bootstrap 20
Run BD with 79 training and 40 tests
Run CD with 324 training and 163 tests
Run FKW with 147 training and 74 tests
Run KW with 64 training and 32 tests
Run LPLT with 28 training and 14 tests
Run RD with 98 training and 50 tests
Run WBD with 3 training and 2 tests
Run WSD with 93 training and 47 tests
0.9000; 0.0000; 0.0250; 0.0000; 0.0000; 0.0000; 0.0250; 0.0500; 0.0000
0.1472; 0.5767; 0.0491; 0.0000; 0.0000; 0.1104; 0.0552; 0.0613; 0.0000
0.0405; 0.0135; 0.8784; 0.0135; 0.0541; 0.0000; 0.0000; 0.0000; 0.0000
0.0000; 0.0000; 0.0313; 0.9688; 0.0000; 0.0000; 0.0000; 0.0000; 0.0000
0.0000; 0.0000; 0.0000; 0.2857; 0.7143; 0.0000; 0.0000; 0.0000; 0.0000
0.0600; 0.2600; 0.0200; 0.0000; 0.0200; 0.3400; 0.0400; 0.2600; 0.0000
0.0000; 1.0000; 0.0000; 0.0000; 0.0000; 0.0000; 0.0000; 0.0000; 0.0000
0.0638; 0.0638; 0.0000; 0.0000; 0.0000; 0.3191; 0.0000; 0.5532; 0.0000
Bootstrap 21
Run BD with 79 training and 40 tests
Run CD with 324 training and 163 tests
Run FKW with 147 training and 74 tests
Run KW with 64 training and 32 tests
Run LPLT with 28 training and 14 tests
Run RD with 98 training and 50 tests
Run WBD with 3 training and 2 tests
Run WSD with 93 training and 47 tests
0.9250; 0.0000; 0.0250; 0.0000; 0.0000; 0.0000; 0.0000; 0.0500; 0.0000
0.1902; 0.4785; 0.0307; 0.0000; 0.0000; 0.1595; 0.1043; 0.0368; 0.0000
0.1081; 0.0270; 0.7973; 0.0000; 0.0000; 0.0000; 0.0676; 0.0000; 0.0000
0.0000; 0.0000; 0.0000; 0.9063; 0.0938; 0.0000; 0.0000; 0.0000; 0.0000
0.0000; 0.0000; 0.0000; 0.0714; 0.9286; 0.0000; 0.0000; 0.0000; 0.0000
0.1400; 0.1400; 0.0200; 0.0000; 0.0200; 0.4800; 0.1000; 0.1000; 0.0000
0.0000; 1.0000; 0.0000; 0.0000; 0.0000; 0.0000; 0.0000; 0.0000; 0.0000
0.0213; 0.0213; 0.0000; 0.0000; 0.0000; 0.3191; 0.0213; 0.6170; 0.0000
Bootstrap 22
Run BD with 79 training and 40 tests
Run CD with 324 training and 163 tests
Run FKW with 147 training and 74 tests
Run KW with 64 training and 32 tests
Run LPLT with 28 training and 14 tests
Run RD with 98 training and 50 tests
Run WBD with 3 training and 2 tests
Run WSD with 93 training and 47 tests
0.9750; 0.0000; 0.0250; 0.0000; 0.0000; 0.0000; 0.0000; 0.0000; 0.0000
0.0245; 0.7239; 0.0000; 0.0000; 0.0000; 0.1166; 0.1350; 0.0000; 0.0000
0.1216; 0.0270; 0.6892; 0.0000; 0.0000; 0.0000; 0.1622; 0.0000; 0.0000
0.0000; 0.0000; 0.0313; 0.9375; 0.0313; 0.0000; 0.0000; 0.0000; 0.0000
0.0000; 0.0000; 0.0000; 0.8571; 0.1429; 0.0000; 0.0000; 0.0000; 0.0000
0.0000; 0.0200; 0.0000; 0.0000; 0.0000; 0.5200; 0.0000; 0.4600; 0.0000
0.0000; 0.5000; 0.0000; 0.0000; 0.0000; 0.0000; 0.5000; 0.0000; 0.0000
0.0638; 0.0000; 0.0000; 0.0000; 0.0000; 0.2340; 0.0426; 0.6596; 0.0000
Bootstrap 23
Run BD with 79 training and 40 tests
Run CD with 324 training and 163 tests
Run FKW with 147 training and 74 tests
Run KW with 64 training and 32 tests
Run LPLT with 28 training and 14 tests
Run RD with 98 training and 50 tests
Run WBD with 3 training and 2 tests
Run WSD with 93 training and 47 tests
0.4500; 0.3250; 0.1250; 0.0000; 0.0000; 0.0000; 0.0500; 0.0500; 0.0000
0.0123; 0.7607; 0.0000; 0.0000; 0.0000; 0.0982; 0.1104; 0.0184; 0.0000
0.0270; 0.0000; 0.9459; 0.0135; 0.0000; 0.0000; 0.0135; 0.0000; 0.0000
0.0000; 0.0000; 0.0000; 0.9375; 0.0625; 0.0000; 0.0000; 0.0000; 0.0000
0.0000; 0.0000; 0.0000; 0.7143; 0.2857; 0.0000; 0.0000; 0.0000; 0.0000
0.0200; 0.0600; 0.0400; 0.0200; 0.0200; 0.6000; 0.0000; 0.2400; 0.0000
0.0000; 0.0000; 0.0000; 0.0000; 0.0000; 0.0000; 1.0000; 0.0000; 0.0000
0.0426; 0.0426; 0.0000; 0.0000; 0.0000; 0.2979; 0.0213; 0.5957; 0.0000
Bootstrap 24
Run BD with 79 training and 40 tests
Run CD with 324 training and 163 tests
Run FKW with 147 training and 74 tests
Run KW with 64 training and 32 tests
Run LPLT with 28 training and 14 tests
Run RD with 98 training and 50 tests
Run WBD with 3 training and 2 tests
Run WSD with 93 training and 47 tests
0.9250; 0.0000; 0.0500; 0.0000; 0.0000; 0.0000; 0.0000; 0.0250; 0.0000
0.0061; 0.6626; 0.0000; 0.0000; 0.0000; 0.1534; 0.1350; 0.0429; 0.0000
0.0541; 0.0135; 0.8784; 0.0270; 0.0270; 0.0000; 0.0000; 0.0000; 0.0000
0.0000; 0.0000; 0.1250; 0.7813; 0.0938; 0.0000; 0.0000; 0.0000; 0.0000
0.0000; 0.0000; 0.0000; 0.7143; 0.2857; 0.0000; 0.0000; 0.0000; 0.0000
0.0600; 0.1400; 0.0200; 0.0000; 0.0400; 0.4200; 0.1200; 0.2000; 0.0000
0.0000; 0.0000; 0.0000; 0.0000; 0.0000; 0.0000; 1.0000; 0.0000; 0.0000
0.0426; 0.0638; 0.0000; 0.0000; 0.0000; 0.2766; 0.0213; 0.5957; 0.0000
Bootstrap 25
Run BD with 79 training and 40 tests
Run CD with 324 training and 163 tests
Run FKW with 147 training and 74 tests
Run KW with 64 training and 32 tests
Run LPLT with 28 training and 14 tests
Run RD with 98 training and 50 tests
Run WBD with 3 training and 2 tests
Run WSD with 93 training and 47 tests
0.3500; 0.4000; 0.1000; 0.0000; 0.0000; 0.0500; 0.0500; 0.0500; 0.0000
0.0307; 0.6871; 0.0061; 0.0000; 0.0000; 0.1104; 0.1104; 0.0552; 0.0000
0.0541; 0.1892; 0.7432; 0.0000; 0.0000; 0.0000; 0.0135; 0.0000; 0.0000
0.0000; 0.0000; 0.1563; 0.6875; 0.1563; 0.0000; 0.0000; 0.0000; 0.0000
0.0000; 0.0000; 0.0000; 0.4286; 0.5714; 0.0000; 0.0000; 0.0000; 0.0000
0.0600; 0.2400; 0.0400; 0.0000; 0.0200; 0.3600; 0.0600; 0.2200; 0.0000
0.0000; 0.0000; 0.0000; 0.0000; 0.0000; 0.0000; 1.0000; 0.0000; 0.0000
0.0426; 0.0213; 0.0000; 0.0000; 0.0000; 0.2979; 0.0426; 0.5957; 0.0000
Bootstrap 26
Run BD with 79 training and 40 tests
Run CD with 324 training and 163 tests
Run FKW with 147 training and 74 tests
Run KW with 64 training and 32 tests
Run LPLT with 28 training and 14 tests
Run RD with 98 training and 50 tests
Run WBD with 3 training and 2 tests
Run WSD with 93 training and 47 tests
0.6000; 0.2750; 0.0500; 0.0000; 0.0000; 0.0000; 0.0000; 0.0750; 0.0000
0.0429; 0.6871; 0.0000; 0.0000; 0.0000; 0.1595; 0.0613; 0.0491; 0.0000
0.0270; 0.0135; 0.8919; 0.0135; 0.0541; 0.0000; 0.0000; 0.0000; 0.0000
0.0000; 0.0000; 0.0313; 0.9063; 0.0625; 0.0000; 0.0000; 0.0000; 0.0000
0.0000; 0.0000; 0.0000; 0.1429; 0.8571; 0.0000; 0.0000; 0.0000; 0.0000
0.0000; 0.0200; 0.0000; 0.0000; 0.0000; 0.6600; 0.0000; 0.3200; 0.0000
0.0000; 0.5000; 0.0000; 0.0000; 0.0000; 0.0000; 0.5000; 0.0000; 0.0000
0.0000; 0.0426; 0.0000; 0.0000; 0.0000; 0.3617; 0.0638; 0.5319; 0.0000
Bootstrap 27
Run BD with 79 training and 40 tests
Run CD with 324 training and 163 tests
Run FKW with 147 training and 74 tests
Run KW with 64 training and 32 tests
Run LPLT with 28 training and 14 tests
Run RD with 98 training and 50 tests
Run WBD with 3 training and 2 tests
Run WSD with 93 training and 47 tests
0.4250; 0.3500; 0.1000; 0.0000; 0.0000; 0.0000; 0.0750; 0.0500; 0.0000
0.0000; 0.7607; 0.0061; 0.0000; 0.0000; 0.0859; 0.1472; 0.0000; 0.0000
0.0270; 0.0270; 0.8108; 0.0270; 0.0811; 0.0000; 0.0270; 0.0000; 0.0000
0.0000; 0.0000; 0.1563; 0.6250; 0.2188; 0.0000; 0.0000; 0.0000; 0.0000
0.0000; 0.0000; 0.0000; 0.5000; 0.5000; 0.0000; 0.0000; 0.0000; 0.0000
0.0200; 0.2400; 0.0600; 0.0000; 0.0400; 0.4200; 0.0800; 0.1400; 0.0000
0.0000; 0.0000; 0.0000; 0.0000; 0.0000; 0.0000; 1.0000; 0.0000; 0.0000
0.0213; 0.0426; 0.0000; 0.0000; 0.0000; 0.3191; 0.0851; 0.5319; 0.0000
Bootstrap 28
Run BD with 79 training and 40 tests
Run CD with 324 training and 163 tests
Run FKW with 147 training and 74 tests
Run KW with 64 training and 32 tests
Run LPLT with 28 training and 14 tests
Run RD with 98 training and 50 tests
Run WBD with 3 training and 2 tests
Run WSD with 93 training and 47 tests
0.8250; 0.0500; 0.0250; 0.0000; 0.0000; 0.0000; 0.0500; 0.0500; 0.0000
0.0245; 0.7914; 0.0000; 0.0000; 0.0000; 0.0552; 0.1104; 0.0184; 0.0000
0.0000; 0.0000; 1.0000; 0.0000; 0.0000; 0.0000; 0.0000; 0.0000; 0.0000
0.0000; 0.0000; 0.0000; 0.9063; 0.0938; 0.0000; 0.0000; 0.0000; 0.0000
0.0000; 0.0000; 0.0000; 0.1429; 0.8571; 0.0000; 0.0000; 0.0000; 0.0000
0.1000; 0.2200; 0.0200; 0.0200; 0.0200; 0.4000; 0.0200; 0.2000; 0.0000
0.0000; 0.5000; 0.0000; 0.0000; 0.0000; 0.0000; 0.5000; 0.0000; 0.0000
0.0213; 0.1489; 0.0000; 0.0000; 0.0000; 0.2979; 0.0000; 0.5319; 0.0000
Bootstrap 29
Run BD with 79 training and 40 tests
Run CD with 324 training and 163 tests
Run FKW with 147 training and 74 tests
Run KW with 64 training and 32 tests
Run LPLT with 28 training and 14 tests
Run RD with 98 training and 50 tests
Run WBD with 3 training and 2 tests
Run WSD with 93 training and 47 tests
0.6250; 0.1000; 0.0500; 0.0000; 0.0000; 0.0500; 0.0250; 0.1500; 0.0000
0.0920; 0.2761; 0.0675; 0.0000; 0.0000; 0.2454; 0.2699; 0.0491; 0.0000
0.0270; 0.0135; 0.8784; 0.0135; 0.0541; 0.0000; 0.0135; 0.0000; 0.0000
0.0000; 0.0000; 0.0000; 0.9375; 0.0625; 0.0000; 0.0000; 0.0000; 0.0000
0.0000; 0.0000; 0.0000; 0.5000; 0.5000; 0.0000; 0.0000; 0.0000; 0.0000
0.0000; 0.1200; 0.0000; 0.0000; 0.0000; 0.5000; 0.0200; 0.3600; 0.0000
0.0000; 0.0000; 0.0000; 0.0000; 0.0000; 0.0000; 1.0000; 0.0000; 0.0000
0.0213; 0.0426; 0.0000; 0.0000; 0.0000; 0.2340; 0.0638; 0.6383; 0.0000
Bootstrap 30
Run BD with 79 training and 40 tests
Run CD with 324 training and 163 tests
Run FKW with 147 training and 74 tests
Run KW with 64 training and 32 tests
Run LPLT with 28 training and 14 tests
Run RD with 98 training and 50 tests
Run WBD with 3 training and 2 tests
Run WSD with 93 training and 47 tests
0.8250; 0.1000; 0.0250; 0.0000; 0.0000; 0.0000; 0.0000; 0.0500; 0.0000
0.0184; 0.7301; 0.0061; 0.0000; 0.0000; 0.0859; 0.1534; 0.0061; 0.0000
0.0405; 0.0135; 0.7973; 0.0541; 0.0811; 0.0000; 0.0135; 0.0000; 0.0000
0.0000; 0.0000; 0.0313; 0.7500; 0.2188; 0.0000; 0.0000; 0.0000; 0.0000
0.0000; 0.0000; 0.0000; 0.3571; 0.6429; 0.0000; 0.0000; 0.0000; 0.0000
0.0000; 0.0600; 0.0000; 0.0000; 0.0000; 0.6600; 0.0200; 0.2600; 0.0000
0.0000; 0.0000; 0.0000; 0.0000; 0.0000; 0.0000; 1.0000; 0.0000; 0.0000
0.0851; 0.0851; 0.0000; 0.0000; 0.0000; 0.1915; 0.0638; 0.5745; 0.0000
Bootstrap 31
Run BD with 79 training and 40 tests
Run CD with 324 training and 163 tests
Run FKW with 147 training and 74 tests
Run KW with 64 training and 32 tests
Run LPLT with 28 training and 14 tests
Run RD with 98 training and 50 tests
Run WBD with 3 training and 2 tests
Run WSD with 93 training and 47 tests
0.7500; 0.0750; 0.0500; 0.0000; 0.0000; 0.0000; 0.0500; 0.0750; 0.0000
0.0123; 0.7669; 0.0000; 0.0000; 0.0000; 0.0859; 0.1166; 0.0184; 0.0000
0.0405; 0.0000; 0.9595; 0.0000; 0.0000; 0.0000; 0.0000; 0.0000; 0.0000
0.0000; 0.0000; 0.1563; 0.5000; 0.3438; 0.0000; 0.0000; 0.0000; 0.0000
0.0000; 0.0000; 0.0000; 0.0714; 0.9286; 0.0000; 0.0000; 0.0000; 0.0000
0.0600; 0.1400; 0.0400; 0.0000; 0.0200; 0.5000; 0.0400; 0.2000; 0.0000
0.0000; 0.5000; 0.0000; 0.0000; 0.0000; 0.0000; 0.5000; 0.0000; 0.0000
0.0638; 0.0638; 0.0000; 0.0000; 0.0000; 0.2766; 0.0213; 0.5745; 0.0000
Bootstrap 32
Run BD with 79 training and 40 tests
Run CD with 324 training and 163 tests
Run FKW with 147 training and 74 tests
Run KW with 64 training and 32 tests
Run LPLT with 28 training and 14 tests
Run RD with 98 training and 50 tests
Run WBD with 3 training and 2 tests
Run WSD with 93 training and 47 tests
0.9000; 0.0250; 0.0000; 0.0000; 0.0000; 0.0250; 0.0000; 0.0500; 0.0000
0.0429; 0.6933; 0.0061; 0.0000; 0.0000; 0.1166; 0.0736; 0.0675; 0.0000
0.1216; 0.1892; 0.6486; 0.0000; 0.0000; 0.0000; 0.0405; 0.0000; 0.0000
0.0000; 0.0000; 0.0313; 0.8438; 0.1250; 0.0000; 0.0000; 0.0000; 0.0000
0.0000; 0.0000; 0.0000; 0.8571; 0.1429; 0.0000; 0.0000; 0.0000; 0.0000
0.0200; 0.0400; 0.0000; 0.0000; 0.0000; 0.7000; 0.0000; 0.2400; 0.0000
0.0000; 0.5000; 0.0000; 0.0000; 0.0000; 0.0000; 0.5000; 0.0000; 0.0000
0.0426; 0.0213; 0.0000; 0.0000; 0.0000; 0.2979; 0.0638; 0.5745; 0.0000
Bootstrap 33
Run BD with 79 training and 40 tests
Run CD with 324 training and 163 tests
Run FKW with 147 training and 74 tests
Run KW with 64 training and 32 tests
Run LPLT with 28 training and 14 tests
Run RD with 98 training and 50 tests
Run WBD with 3 training and 2 tests
Run WSD with 93 training and 47 tests
0.8500; 0.0500; 0.0250; 0.0000; 0.0000; 0.0000; 0.0000; 0.0750; 0.0000
0.0184; 0.7607; 0.0061; 0.0000; 0.0000; 0.0675; 0.1227; 0.0245; 0.0000
0.0541; 0.0135; 0.8243; 0.0270; 0.0676; 0.0000; 0.0135; 0.0000; 0.0000
0.0000; 0.0000; 0.1563; 0.5938; 0.2500; 0.0000; 0.0000; 0.0000; 0.0000
0.0000; 0.0000; 0.0000; 0.1429; 0.8571; 0.0000; 0.0000; 0.0000; 0.0000
0.0000; 0.0400; 0.0000; 0.0000; 0.0000; 0.6200; 0.0200; 0.3200; 0.0000
0.0000; 0.0000; 0.0000; 0.0000; 0.0000; 0.0000; 1.0000; 0.0000; 0.0000
0.0000; 0.0000; 0.0000; 0.0000; 0.0000; 0.2553; 0.0426; 0.7021; 0.0000
Bootstrap 34
Run BD with 79 training and 40 tests
Run CD with 324 training and 163 tests
Run FKW with 147 training and 74 tests
Run KW with 64 training and 32 tests
Run LPLT with 28 training and 14 tests
Run RD with 98 training and 50 tests
Run WBD with 3 training and 2 tests
Run WSD with 93 training and 47 tests
0.6500; 0.1000; 0.0500; 0.0000; 0.0000; 0.0250; 0.0750; 0.1000; 0.0000
0.0184; 0.6626; 0.0061; 0.0000; 0.0000; 0.1104; 0.1840; 0.0184; 0.0000
0.0000; 0.0000; 0.9595; 0.0000; 0.0000; 0.0000; 0.0405; 0.0000; 0.0000
0.0000; 0.0000; 0.1875; 0.6563; 0.1563; 0.0000; 0.0000; 0.0000; 0.0000
0.0000; 0.0000; 0.0000; 0.0714; 0.9286; 0.0000; 0.0000; 0.0000; 0.0000
0.0000; 0.0000; 0.0000; 0.0000; 0.0000; 0.6600; 0.0000; 0.3400; 0.0000
0.0000; 0.0000; 0.0000; 0.0000; 0.0000; 0.0000; 1.0000; 0.0000; 0.0000
0.0213; 0.0213; 0.0000; 0.0000; 0.0000; 0.2340; 0.0638; 0.6596; 0.0000
Bootstrap 35
Run BD with 79 training and 40 tests
Run CD with 324 training and 163 tests
Run FKW with 147 training and 74 tests
Run KW with 64 training and 32 tests
Run LPLT with 28 training and 14 tests
Run RD with 98 training and 50 tests
Run WBD with 3 training and 2 tests
Run WSD with 93 training and 47 tests
0.6750; 0.1750; 0.0000; 0.0000; 0.0000; 0.0500; 0.0000; 0.1000; 0.0000
0.0368; 0.6687; 0.0000; 0.0000; 0.0000; 0.1350; 0.0920; 0.0675; 0.0000
0.0405; 0.0135; 0.8784; 0.0135; 0.0541; 0.0000; 0.0000; 0.0000; 0.0000
0.0000; 0.0000; 0.1563; 0.7500; 0.0938; 0.0000; 0.0000; 0.0000; 0.0000
0.0000; 0.0000; 0.0000; 0.8571; 0.1429; 0.0000; 0.0000; 0.0000; 0.0000
0.0000; 0.0000; 0.0000; 0.0000; 0.0000; 0.6800; 0.0000; 0.3200; 0.0000
0.0000; 0.0000; 0.0000; 0.0000; 0.0000; 0.0000; 1.0000; 0.0000; 0.0000
0.0426; 0.0213; 0.0000; 0.0000; 0.0000; 0.2128; 0.1064; 0.6170; 0.0000
Bootstrap 36
Run BD with 79 training and 40 tests
Run CD with 324 training and 163 tests
Run FKW with 147 training and 74 tests
Run KW with 64 training and 32 tests
Run LPLT with 28 training and 14 tests
Run RD with 98 training and 50 tests
Run WBD with 3 training and 2 tests
Run WSD with 93 training and 47 tests
0.9500; 0.0000; 0.0500; 0.0000; 0.0000; 0.0000; 0.0000; 0.0000; 0.0000
0.0307; 0.7975; 0.0000; 0.0000; 0.0000; 0.0675; 0.0859; 0.0184; 0.0000
0.0000; 0.0000; 0.9324; 0.0000; 0.0676; 0.0000; 0.0000; 0.0000; 0.0000
0.0000; 0.0000; 0.0000; 0.9375; 0.0625; 0.0000; 0.0000; 0.0000; 0.0000
0.0000; 0.0000; 0.0000; 0.2143; 0.7857; 0.0000; 0.0000; 0.0000; 0.0000
0.0000; 0.0200; 0.0000; 0.0000; 0.0000; 0.7800; 0.0000; 0.2000; 0.0000
0.0000; 0.5000; 0.0000; 0.0000; 0.0000; 0.0000; 0.5000; 0.0000; 0.0000
0.0213; 0.0426; 0.0000; 0.0000; 0.0000; 0.3404; 0.0000; 0.5957; 0.0000
Bootstrap 37
Run BD with 79 training and 40 tests
Run CD with 324 training and 163 tests
Run FKW with 147 training and 74 tests
Run KW with 64 training and 32 tests
Run LPLT with 28 training and 14 tests
Run RD with 98 training and 50 tests
Run WBD with 3 training and 2 tests
Run WSD with 93 training and 47 tests
0.8750; 0.0000; 0.0250; 0.0000; 0.0000; 0.0250; 0.0250; 0.0500; 0.0000
0.0245; 0.7791; 0.0061; 0.0000; 0.0000; 0.0613; 0.1043; 0.0245; 0.0000
0.0000; 0.0000; 0.9595; 0.0135; 0.0135; 0.0000; 0.0135; 0.0000; 0.0000
0.0000; 0.0000; 0.0000; 0.9688; 0.0313; 0.0000; 0.0000; 0.0000; 0.0000
0.0000; 0.0000; 0.0000; 0.4286; 0.5714; 0.0000; 0.0000; 0.0000; 0.0000
0.0000; 0.0600; 0.0000; 0.0000; 0.0000; 0.6400; 0.0000; 0.3000; 0.0000
0.0000; 0.0000; 0.0000; 0.0000; 0.0000; 0.0000; 1.0000; 0.0000; 0.0000
0.0426; 0.0426; 0.0000; 0.0000; 0.0000; 0.2340; 0.0000; 0.6809; 0.0000
Bootstrap 38
Run BD with 79 training and 40 tests
Run CD with 324 training and 163 tests
Run FKW with 147 training and 74 tests
Run KW with 64 training and 32 tests
Run LPLT with 28 training and 14 tests
Run RD with 98 training and 50 tests
Run WBD with 3 training and 2 tests
Run WSD with 93 training and 47 tests
0.9500; 0.0000; 0.0500; 0.0000; 0.0000; 0.0000; 0.0000; 0.0000; 0.0000
0.1227; 0.4663; 0.0552; 0.0000; 0.0000; 0.1963; 0.1166; 0.0429; 0.0000
0.0000; 0.0000; 1.0000; 0.0000; 0.0000; 0.0000; 0.0000; 0.0000; 0.0000
0.0000; 0.0000; 0.1250; 0.5938; 0.2813; 0.0000; 0.0000; 0.0000; 0.0000
0.0000; 0.0000; 0.0714; 0.0714; 0.8571; 0.0000; 0.0000; 0.0000; 0.0000
0.0000; 0.0000; 0.0000; 0.0000; 0.0000; 0.6800; 0.0000; 0.3200; 0.0000
0.0000; 0.5000; 0.0000; 0.0000; 0.0000; 0.0000; 0.5000; 0.0000; 0.0000
0.0426; 0.0426; 0.0000; 0.0000; 0.0000; 0.2128; 0.0213; 0.6809; 0.0000
Bootstrap 39
Run BD with 79 training and 40 tests
Run CD with 324 training and 163 tests
Run FKW with 147 training and 74 tests
Run KW with 64 training and 32 tests
Run LPLT with 28 training and 14 tests
Run RD with 98 training and 50 tests
Run WBD with 3 training and 2 tests
Run WSD with 93 training and 47 tests
0.4250; 0.3750; 0.0750; 0.0000; 0.0000; 0.0500; 0.0750; 0.0000; 0.0000
0.0123; 0.7975; 0.0000; 0.0000; 0.0000; 0.0613; 0.1166; 0.0123; 0.0000
0.0000; 0.0000; 0.9730; 0.0000; 0.0135; 0.0000; 0.0135; 0.0000; 0.0000
0.0000; 0.0000; 0.0313; 0.8750; 0.0938; 0.0000; 0.0000; 0.0000; 0.0000
0.0000; 0.0000; 0.0000; 0.5714; 0.4286; 0.0000; 0.0000; 0.0000; 0.0000
0.0000; 0.0400; 0.0000; 0.0000; 0.0000; 0.7200; 0.0000; 0.2400; 0.0000
0.0000; 1.0000; 0.0000; 0.0000; 0.0000; 0.0000; 0.0000; 0.0000; 0.0000
0.0426; 0.0426; 0.0000; 0.0000; 0.0213; 0.2979; 0.0000; 0.5957; 0.0000
Bootstrap 40
Run BD with 79 training and 40 tests
Run CD with 324 training and 163 tests
Run FKW with 147 training and 74 tests
Run KW with 64 training and 32 tests
Run LPLT with 28 training and 14 tests
Run RD with 98 training and 50 tests
Run WBD with 3 training and 2 tests
Run WSD with 93 training and 47 tests
0.8750; 0.0250; 0.0000; 0.0000; 0.0000; 0.0000; 0.0250; 0.0750; 0.0000
0.0920; 0.5460; 0.0368; 0.0000; 0.0000; 0.1963; 0.0859; 0.0429; 0.0000
0.0405; 0.0000; 0.8919; 0.0135; 0.0405; 0.0135; 0.0000; 0.0000; 0.0000
0.0000; 0.0000; 0.0313; 0.7813; 0.1875; 0.0000; 0.0000; 0.0000; 0.0000
0.0000; 0.0000; 0.0000; 0.1429; 0.8571; 0.0000; 0.0000; 0.0000; 0.0000
0.0200; 0.0200; 0.0000; 0.0000; 0.0000; 0.6600; 0.0000; 0.3000; 0.0000
0.0000; 1.0000; 0.0000; 0.0000; 0.0000; 0.0000; 0.0000; 0.0000; 0.0000
0.0000; 0.0000; 0.0000; 0.0000; 0.0000; 0.4043; 0.0213; 0.5745; 0.0000
Bootstrap 41
Run BD with 79 training and 40 tests
Run CD with 324 training and 163 tests
Run FKW with 147 training and 74 tests
Run KW with 64 training and 32 tests
Run LPLT with 28 training and 14 tests
Run RD with 98 training and 50 tests
Run WBD with 3 training and 2 tests
Run WSD with 93 training and 47 tests
0.4250; 0.3750; 0.0750; 0.0000; 0.0000; 0.0500; 0.0250; 0.0500; 0.0000
0.0859; 0.3313; 0.0552; 0.0000; 0.0000; 0.3190; 0.1288; 0.0798; 0.0000
0.0000; 0.0135; 0.9595; 0.0000; 0.0000; 0.0000; 0.0270; 0.0000; 0.0000
0.0000; 0.0000; 0.0000; 0.9063; 0.0938; 0.0000; 0.0000; 0.0000; 0.0000
0.0000; 0.0000; 0.0000; 0.8571; 0.1429; 0.0000; 0.0000; 0.0000; 0.0000
0.0800; 0.1800; 0.0000; 0.0000; 0.0200; 0.4000; 0.0200; 0.3000; 0.0000
0.0000; 0.0000; 0.0000; 0.0000; 0.0000; 0.0000; 1.0000; 0.0000; 0.0000
0.0426; 0.0000; 0.0000; 0.0000; 0.0000; 0.2979; 0.0426; 0.6170; 0.0000
Bootstrap 42
Run BD with 79 training and 40 tests
Run CD with 324 training and 163 tests
Run FKW with 147 training and 74 tests
Run KW with 64 training and 32 tests
Run LPLT with 28 training and 14 tests
Run RD with 98 training and 50 tests
Run WBD with 3 training and 2 tests
Run WSD with 93 training and 47 tests
0.8750; 0.0000; 0.0750; 0.0000; 0.0000; 0.0000; 0.0000; 0.0500; 0.0000
0.0184; 0.7546; 0.0000; 0.0000; 0.0000; 0.0798; 0.1043; 0.0429; 0.0000
0.0000; 0.0000; 0.9324; 0.0000; 0.0676; 0.0000; 0.0000; 0.0000; 0.0000
0.0000; 0.0000; 0.0625; 0.7500; 0.1875; 0.0000; 0.0000; 0.0000; 0.0000
0.0000; 0.0000; 0.0000; 0.7143; 0.2857; 0.0000; 0.0000; 0.0000; 0.0000
0.1000; 0.2000; 0.0200; 0.0000; 0.0400; 0.5200; 0.1000; 0.0200; 0.0000
0.0000; 0.5000; 0.0000; 0.0000; 0.0000; 0.0000; 0.5000; 0.0000; 0.0000
0.0638; 0.0638; 0.0000; 0.0000; 0.0000; 0.1489; 0.0213; 0.7021; 0.0000
Bootstrap 43
Run BD with 79 training and 40 tests
Run CD with 324 training and 163 tests
Run FKW with 147 training and 74 tests
Run KW with 64 training and 32 tests
Run LPLT with 28 training and 14 tests
Run RD with 98 training and 50 tests
Run WBD with 3 training and 2 tests
Run WSD with 93 training and 47 tests
0.8750; 0.0250; 0.0250; 0.0000; 0.0000; 0.0000; 0.0250; 0.0500; 0.0000
0.0000; 0.7975; 0.0000; 0.0000; 0.0000; 0.0798; 0.1104; 0.0123; 0.0000
0.0405; 0.0000; 0.9324; 0.0000; 0.0000; 0.0000; 0.0270; 0.0000; 0.0000
0.0000; 0.0000; 0.0000; 0.7500; 0.2500; 0.0000; 0.0000; 0.0000; 0.0000
0.0000; 0.0000; 0.0714; 0.0714; 0.8571; 0.0000; 0.0000; 0.0000; 0.0000
0.0600; 0.2400; 0.0600; 0.0000; 0.0200; 0.3800; 0.0600; 0.1800; 0.0000
0.0000; 0.5000; 0.0000; 0.0000; 0.0000; 0.0000; 0.5000; 0.0000; 0.0000
0.0851; 0.1064; 0.0000; 0.0000; 0.0000; 0.1915; 0.0213; 0.5957; 0.0000
Bootstrap 44
Run BD with 79 training and 40 tests
Run CD with 324 training and 163 tests
Run FKW with 147 training and 74 tests
Run KW with 64 training and 32 tests
Run LPLT with 28 training and 14 tests
Run RD with 98 training and 50 tests
Run WBD with 3 training and 2 tests
Run WSD with 93 training and 47 tests
0.4000; 0.4250; 0.0250; 0.0000; 0.0000; 0.0250; 0.0750; 0.0500; 0.0000
0.0307; 0.7423; 0.0000; 0.0000; 0.0000; 0.0798; 0.0736; 0.0736; 0.0000
0.0541; 0.2162; 0.7162; 0.0000; 0.0000; 0.0000; 0.0135; 0.0000; 0.0000
0.0000; 0.0000; 0.0938; 0.7813; 0.1250; 0.0000; 0.0000; 0.0000; 0.0000
0.0000; 0.0000; 0.0000; 0.3571; 0.6429; 0.0000; 0.0000; 0.0000; 0.0000
0.0600; 0.2400; 0.0400; 0.0000; 0.0000; 0.3400; 0.0600; 0.2600; 0.0000
0.0000; 0.0000; 0.0000; 0.0000; 0.0000; 0.0000; 1.0000; 0.0000; 0.0000
0.0213; 0.0213; 0.0000; 0.0000; 0.0000; 0.2128; 0.0638; 0.6809; 0.0000
Bootstrap 45
Run BD with 79 training and 40 tests
Run CD with 324 training and 163 tests
Run FKW with 147 training and 74 tests
Run KW with 64 training and 32 tests
Run LPLT with 28 training and 14 tests
