Total Bootstraps 30
Num Species 8
FragmentLength 20; Section Length 45
TT; CD; FKW; KW; LPLT; RD; WBD; WSD
Bootstrap 0
Run TT with 212 training and 107 tests
Run CD with 343 training and 172 tests
Run FKW with 130 training and 66 tests
Run KW with 178 training and 89 tests
Run LPLT with 78 training and 40 tests
Run RD with 278 training and 139 tests
Run WBD with 8 training and 5 tests
Run WSD with 266 training and 133 tests
Confusion Matrix 1.0
0.8879; 0.0000; 0.0187; 0.0000; 0.0093; 0.0093; 0.0280; 0.0467; 0.0000
0.1395; 0.4535; 0.0058; 0.0000; 0.0000; 0.1337; 0.1628; 0.1047; 0.0000
0.0152; 0.0000; 0.8030; 0.0303; 0.1061; 0.0000; 0.0455; 0.0000; 0.0000
0.0000; 0.0000; 0.0112; 0.8539; 0.1348; 0.0000; 0.0000; 0.0000; 0.0000
0.0000; 0.0000; 0.0000; 0.2250; 0.7750; 0.0000; 0.0000; 0.0000; 0.0000
0.0072; 0.0791; 0.0000; 0.0000; 0.0000; 0.6691; 0.0072; 0.2374; 0.0000
0.0000; 0.6000; 0.0000; 0.0000; 0.0000; 0.0000; 0.4000; 0.0000; 0.0000
0.0902; 0.0602; 0.0075; 0.0000; 0.0000; 0.2256; 0.0301; 0.5865; 0.0000
Bootstrap 1
Run TT with 212 training and 107 tests
Run CD with 343 training and 172 tests
Run FKW with 130 training and 66 tests
Run KW with 178 training and 89 tests
Run LPLT with 78 training and 40 tests
Run RD with 278 training and 139 tests
Run WBD with 8 training and 5 tests
Run WSD with 266 training and 133 tests
Confusion Matrix 2.0
0.7944; 0.0654; 0.0280; 0.0000; 0.0093; 0.0093; 0.0280; 0.0654; 0.0000
0.0698; 0.4826; 0.0058; 0.0000; 0.0000; 0.1919; 0.2267; 0.0233; 0.0000
0.0000; 0.0000; 0.8636; 0.0000; 0.1364; 0.0000; 0.0000; 0.0000; 0.0000
0.0000; 0.0000; 0.0225; 0.8876; 0.0674; 0.0000; 0.0225; 0.0000; 0.0000
0.0000; 0.0000; 0.0000; 0.7500; 0.2500; 0.0000; 0.0000; 0.0000; 0.0000
0.0000; 0.0288; 0.0000; 0.0000; 0.0000; 0.7194; 0.0072; 0.2446; 0.0000
0.0000; 0.4000; 0.2000; 0.0000; 0.0000; 0.0000; 0.4000; 0.0000; 0.0000
0.1053; 0.0602; 0.0150; 0.0075; 0.0075; 0.2406; 0.0226; 0.5414; 0.0000
Bootstrap 2
Run TT with 212 training and 107 tests
Run CD with 343 training and 172 tests
Run FKW with 130 training and 66 tests
Run KW with 178 training and 89 tests
Run LPLT with 78 training and 40 tests
Run RD with 278 training and 139 tests
Run WBD with 8 training and 5 tests
Run WSD with 266 training and 133 tests
Confusion Matrix 3.0
0.8318; 0.0187; 0.0093; 0.0000; 0.0374; 0.0187; 0.0280; 0.0561; 0.0000
0.1047; 0.4709; 0.0116; 0.0000; 0.0000; 0.2151; 0.0930; 0.1047; 0.0000
0.0000; 0.0152; 0.9242; 0.0000; 0.0455; 0.0000; 0.0152; 0.0000; 0.0000
0.0000; 0.0000; 0.0112; 0.8315; 0.1573; 0.0000; 0.0000; 0.0000; 0.0000
0.0000; 0.0000; 0.0000; 0.5500; 0.4500; 0.0000; 0.0000; 0.0000; 0.0000
0.1079; 0.1727; 0.0216; 0.0072; 0.0791; 0.4245; 0.0791; 0.1079; 0.0000
0.0000; 0.6000; 0.0000; 0.0000; 0.0000; 0.0000; 0.4000; 0.0000; 0.0000
0.1203; 0.0376; 0.0000; 0.0000; 0.0150; 0.3158; 0.0451; 0.4662; 0.0000
Bootstrap 3
Run TT with 212 training and 107 tests
Run CD with 343 training and 172 tests
Run FKW with 130 training and 66 tests
Run KW with 178 training and 89 tests
Run LPLT with 78 training and 40 tests
Run RD with 278 training and 139 tests
Run WBD with 8 training and 5 tests
Run WSD with 266 training and 133 tests
Confusion Matrix 4.0
0.4206; 0.2430; 0.0280; 0.0000; 0.0093; 0.1121; 0.1121; 0.0748; 0.0000
0.0581; 0.4244; 0.0000; 0.0000; 0.0000; 0.1744; 0.2558; 0.0872; 0.0000
0.0000; 0.0000; 0.8788; 0.0758; 0.0303; 0.0000; 0.0152; 0.0000; 0.0000
0.0000; 0.0000; 0.1011; 0.5506; 0.3146; 0.0000; 0.0337; 0.0000; 0.0000
0.0000; 0.0000; 0.0250; 0.0750; 0.8750; 0.0000; 0.0250; 0.0000; 0.0000
0.0000; 0.0216; 0.0000; 0.0000; 0.0000; 0.7050; 0.0000; 0.2734; 0.0000
0.0000; 0.0000; 0.0000; 0.0000; 0.0000; 0.0000; 1.0000; 0.0000; 0.0000
0.0677; 0.0677; 0.0000; 0.0000; 0.0150; 0.2857; 0.0526; 0.5113; 0.0000
Bootstrap 4
Run TT with 212 training and 107 tests
Run CD with 343 training and 172 tests
Run FKW with 130 training and 66 tests
Run KW with 178 training and 89 tests
Run LPLT with 78 training and 40 tests
Run RD with 278 training and 139 tests
Run WBD with 8 training and 5 tests
Run WSD with 266 training and 133 tests
Confusion Matrix 5.0
0.3925; 0.2430; 0.0280; 0.0000; 0.0280; 0.0748; 0.1402; 0.0935; 0.0000
0.0465; 0.5116; 0.0000; 0.0000; 0.0000; 0.2151; 0.2035; 0.0233; 0.0000
0.0152; 0.0152; 0.8788; 0.0000; 0.0606; 0.0000; 0.0303; 0.0000; 0.0000
0.0000; 0.0000; 0.0000; 0.8202; 0.1685; 0.0000; 0.0112; 0.0000; 0.0000
0.0000; 0.0000; 0.0000; 0.7250; 0.2750; 0.0000; 0.0000; 0.0000; 0.0000
0.0000; 0.0432; 0.0000; 0.0000; 0.0000; 0.7338; 0.0072; 0.2158; 0.0000
0.0000; 0.4000; 0.0000; 0.0000; 0.0000; 0.4000; 0.2000; 0.0000; 0.0000
0.0827; 0.0827; 0.0000; 0.0075; 0.0000; 0.2331; 0.0376; 0.5564; 0.0000
Bootstrap 5
Run TT with 212 training and 107 tests
Run CD with 343 training and 172 tests
Run FKW with 130 training and 66 tests
Run KW with 178 training and 89 tests
Run LPLT with 78 training and 40 tests
Run RD with 278 training and 139 tests
Run WBD with 8 training and 5 tests
Run WSD with 266 training and 133 tests
Confusion Matrix 6.0
0.6449; 0.1589; 0.0093; 0.0000; 0.0280; 0.0654; 0.0467; 0.0467; 0.0000
0.1163; 0.3721; 0.0058; 0.0000; 0.0000; 0.2384; 0.1221; 0.1453; 0.0000
0.0152; 0.0152; 0.8788; 0.0152; 0.0606; 0.0000; 0.0152; 0.0000; 0.0000
0.0000; 0.0000; 0.0112; 0.8539; 0.1124; 0.0000; 0.0225; 0.0000; 0.0000
0.0000; 0.0000; 0.0000; 0.6250; 0.3750; 0.0000; 0.0000; 0.0000; 0.0000
0.0144; 0.0072; 0.0000; 0.0000; 0.0000; 0.5755; 0.0000; 0.4029; 0.0000
0.0000; 0.2000; 0.0000; 0.0000; 0.0000; 0.0000; 0.8000; 0.0000; 0.0000
0.0977; 0.0677; 0.0075; 0.0000; 0.0000; 0.2632; 0.0226; 0.5414; 0.0000
Bootstrap 6
Run TT with 212 training and 107 tests
Run CD with 343 training and 172 tests
Run FKW with 130 training and 66 tests
Run KW with 178 training and 89 tests
Run LPLT with 78 training and 40 tests
Run RD with 278 training and 139 tests
Run WBD with 8 training and 5 tests
Run WSD with 266 training and 133 tests
Confusion Matrix 7.0
0.7944; 0.0000; 0.0280; 0.0000; 0.0374; 0.0280; 0.0561; 0.0561; 0.0000
0.1453; 0.4593; 0.0058; 0.0000; 0.0000; 0.1453; 0.1628; 0.0814; 0.0000
0.0000; 0.0000; 0.9091; 0.0000; 0.0606; 0.0000; 0.0303; 0.0000; 0.0000
0.0000; 0.0000; 0.0112; 0.8539; 0.1124; 0.0000; 0.0225; 0.0000; 0.0000
0.0000; 0.0000; 0.0000; 0.4000; 0.6000; 0.0000; 0.0000; 0.0000; 0.0000
0.1007; 0.1223; 0.0288; 0.0072; 0.1007; 0.4820; 0.0360; 0.1223; 0.0000
0.0000; 0.6000; 0.0000; 0.0000; 0.0000; 0.0000; 0.4000; 0.0000; 0.0000
0.1053; 0.0526; 0.0000; 0.0000; 0.0000; 0.3985; 0.0226; 0.4211; 0.0000
Bootstrap 7
Run TT with 212 training and 107 tests
Run CD with 343 training and 172 tests
Run FKW with 130 training and 66 tests
Run KW with 178 training and 89 tests
Run LPLT with 78 training and 40 tests
Run RD with 278 training and 139 tests
Run WBD with 8 training and 5 tests
Run WSD with 266 training and 133 tests
Confusion Matrix 8.0
0.3925; 0.1869; 0.0467; 0.0000; 0.0187; 0.0748; 0.1495; 0.1308; 0.0000
0.0756; 0.3837; 0.0174; 0.0000; 0.0000; 0.1221; 0.2616; 0.1395; 0.0000
0.0000; 0.0152; 0.7879; 0.0758; 0.0909; 0.0152; 0.0152; 0.0000; 0.0000
0.0000; 0.0000; 0.0112; 0.8427; 0.1236; 0.0000; 0.0225; 0.0000; 0.0000
0.0000; 0.0000; 0.0000; 0.5500; 0.4500; 0.0000; 0.0000; 0.0000; 0.0000
0.0072; 0.0576; 0.0000; 0.0000; 0.0000; 0.6763; 0.0000; 0.2590; 0.0000
0.0000; 0.0000; 0.0000; 0.0000; 0.0000; 0.0000; 1.0000; 0.0000; 0.0000
0.0752; 0.0902; 0.0150; 0.0000; 0.0000; 0.2406; 0.0150; 0.5639; 0.0000
Bootstrap 8
Run TT with 212 training and 107 tests
Run CD with 343 training and 172 tests
Run FKW with 130 training and 66 tests
Run KW with 178 training and 89 tests
Run LPLT with 78 training and 40 tests
Run RD with 278 training and 139 tests
Run WBD with 8 training and 5 tests
Run WSD with 266 training and 133 tests
Confusion Matrix 9.0
0.4579; 0.2336; 0.0280; 0.0000; 0.0187; 0.0561; 0.1028; 0.1028; 0.0000
0.0581; 0.3837; 0.0058; 0.0000; 0.0000; 0.1512; 0.3081; 0.0930; 0.0000
0.0000; 0.0152; 0.8939; 0.0303; 0.0000; 0.0000; 0.0606; 0.0000; 0.0000
0.0000; 0.0000; 0.0449; 0.6966; 0.2584; 0.0000; 0.0000; 0.0000; 0.0000
0.0250; 0.0000; 0.0500; 0.0500; 0.8500; 0.0000; 0.0250; 0.0000; 0.0000
0.0072; 0.0935; 0.0000; 0.0000; 0.0000; 0.5180; 0.0288; 0.3525; 0.0000
0.0000; 0.0000; 0.0000; 0.0000; 0.0000; 0.0000; 1.0000; 0.0000; 0.0000
0.0677; 0.0827; 0.0000; 0.0000; 0.0000; 0.2632; 0.0301; 0.5564; 0.0000
Bootstrap 9
Run TT with 212 training and 107 tests
Run CD with 343 training and 172 tests
Run FKW with 130 training and 66 tests
Run KW with 178 training and 89 tests
Run LPLT with 78 training and 40 tests
Run RD with 278 training and 139 tests
Run WBD with 8 training and 5 tests
Run WSD with 266 training and 133 tests
Confusion Matrix 10.0
0.8785; 0.0000; 0.0374; 0.0000; 0.0187; 0.0093; 0.0093; 0.0467; 0.0000
0.1512; 0.4651; 0.0058; 0.0000; 0.0000; 0.1686; 0.1163; 0.0930; 0.0000
0.0000; 0.0152; 0.9242; 0.0000; 0.0455; 0.0000; 0.0152; 0.0000; 0.0000
0.0000; 0.0000; 0.0225; 0.7528; 0.2022; 0.0000; 0.0225; 0.0000; 0.0000
0.0000; 0.0000; 0.0250; 0.1750; 0.8000; 0.0000; 0.0000; 0.0000; 0.0000
0.1079; 0.1727; 0.0216; 0.0144; 0.0576; 0.4388; 0.0576; 0.1295; 0.0000
0.0000; 0.4000; 0.0000; 0.0000; 0.0000; 0.0000; 0.6000; 0.0000; 0.0000
0.1128; 0.0827; 0.0000; 0.0000; 0.0000; 0.3008; 0.0226; 0.4812; 0.0000
Bootstrap 10
Run TT with 212 training and 107 tests
Run CD with 343 training and 172 tests
Run FKW with 130 training and 66 tests
Run KW with 178 training and 89 tests
Run LPLT with 78 training and 40 tests
Run RD with 278 training and 139 tests
Run WBD with 8 training and 5 tests
Run WSD with 266 training and 133 tests
Confusion Matrix 11.0
0.3925; 0.2617; 0.0280; 0.0000; 0.0374; 0.0561; 0.0561; 0.1682; 0.0000
0.0814; 0.4070; 0.0116; 0.0000; 0.0000; 0.2500; 0.1395; 0.1105; 0.0000
0.0000; 0.0000; 0.8788; 0.0000; 0.0606; 0.0000; 0.0606; 0.0000; 0.0000
0.0000; 0.0000; 0.0787; 0.6854; 0.2247; 0.0000; 0.0112; 0.0000; 0.0000
0.0000; 0.0000; 0.0000; 0.5500; 0.4500; 0.0000; 0.0000; 0.0000; 0.0000
0.0000; 0.1079; 0.0000; 0.0000; 0.0000; 0.4532; 0.0647; 0.3741; 0.0000
0.0000; 0.0000; 0.0000; 0.0000; 0.0000; 0.0000; 1.0000; 0.0000; 0.0000
0.0902; 0.0677; 0.0000; 0.0000; 0.0000; 0.2932; 0.0376; 0.5113; 0.0000
Bootstrap 11
Run TT with 212 training and 107 tests
Run CD with 343 training and 172 tests
Run FKW with 130 training and 66 tests
Run KW with 178 training and 89 tests
Run LPLT with 78 training and 40 tests
Run RD with 278 training and 139 tests
Run WBD with 8 training and 5 tests
Run WSD with 266 training and 133 tests
Confusion Matrix 12.0
0.8785; 0.0093; 0.0280; 0.0000; 0.0187; 0.0093; 0.0187; 0.0374; 0.0000
0.1453; 0.3721; 0.0116; 0.0000; 0.0000; 0.2209; 0.1337; 0.1163; 0.0000
0.0152; 0.0000; 0.9697; 0.0152; 0.0000; 0.0000; 0.0000; 0.0000; 0.0000
0.0000; 0.0000; 0.0337; 0.7191; 0.2472; 0.0000; 0.0000; 0.0000; 0.0000
0.0000; 0.0000; 0.0250; 0.2000; 0.7500; 0.0000; 0.0250; 0.0000; 0.0000
0.1079; 0.1079; 0.0216; 0.0072; 0.1007; 0.4460; 0.0863; 0.1223; 0.0000
0.0000; 0.0000; 0.2000; 0.0000; 0.0000; 0.0000; 0.8000; 0.0000; 0.0000
0.0977; 0.0226; 0.0000; 0.0000; 0.0000; 0.3083; 0.0301; 0.5414; 0.0000
Bootstrap 12
Run TT with 212 training and 107 tests
Run CD with 343 training and 172 tests
Run FKW with 130 training and 66 tests
Run KW with 178 training and 89 tests
Run LPLT with 78 training and 40 tests
Run RD with 278 training and 139 tests
Run WBD with 8 training and 5 tests
Run WSD with 266 training and 133 tests
Confusion Matrix 13.0
0.4206; 0.2150; 0.0467; 0.0000; 0.0187; 0.0935; 0.1308; 0.0748; 0.0000
0.0640; 0.4302; 0.0058; 0.0000; 0.0000; 0.2558; 0.1512; 0.0930; 0.0000
0.0000; 0.0000; 1.0000; 0.0000; 0.0000; 0.0000; 0.0000; 0.0000; 0.0000
0.0000; 0.0000; 0.0337; 0.5730; 0.3708; 0.0000; 0.0225; 0.0000; 0.0000
0.0000; 0.0000; 0.0000; 0.2250; 0.7250; 0.0000; 0.0500; 0.0000; 0.0000
0.0072; 0.0144; 0.0072; 0.0000; 0.0216; 0.5683; 0.0000; 0.3813; 0.0000
0.0000; 0.2000; 0.0000; 0.0000; 0.0000; 0.2000; 0.6000; 0.0000; 0.0000
0.0827; 0.0376; 0.0150; 0.0000; 0.0000; 0.2782; 0.0226; 0.5639; 0.0000
Bootstrap 13
Run TT with 212 training and 107 tests
Run CD with 343 training and 172 tests
Run FKW with 130 training and 66 tests
Run KW with 178 training and 89 tests
Run LPLT with 78 training and 40 tests
Run RD with 278 training and 139 tests
Run WBD with 8 training and 5 tests
Run WSD with 266 training and 133 tests
Confusion Matrix 14.0
0.5888; 0.1682; 0.0187; 0.0000; 0.0000; 0.0187; 0.0654; 0.1402; 0.0000
0.0930; 0.4128; 0.0000; 0.0000; 0.0000; 0.1047; 0.3721; 0.0174; 0.0000
0.0000; 0.0000; 0.9091; 0.0000; 0.0455; 0.0000; 0.0455; 0.0000; 0.0000
0.0000; 0.0000; 0.0899; 0.6180; 0.2584; 0.0000; 0.0337; 0.0000; 0.0000
0.0000; 0.0000; 0.0750; 0.0750; 0.8250; 0.0000; 0.0250; 0.0000; 0.0000
0.0935; 0.1727; 0.0432; 0.0072; 0.0432; 0.4317; 0.0791; 0.1295; 0.0000
0.0000; 0.2000; 0.0000; 0.0000; 0.0000; 0.0000; 0.8000; 0.0000; 0.0000
0.0376; 0.0902; 0.0000; 0.0000; 0.0000; 0.2932; 0.0301; 0.5489; 0.0000
Bootstrap 14
Run TT with 212 training and 107 tests
Run CD with 343 training and 172 tests
Run FKW with 130 training and 66 tests
Run KW with 178 training and 89 tests
Run LPLT with 78 training and 40 tests
Run RD with 278 training and 139 tests
Run WBD with 8 training and 5 tests
Run WSD with 266 training and 133 tests
Confusion Matrix 15.0
0.2804; 0.3364; 0.0374; 0.0000; 0.0093; 0.1308; 0.1308; 0.0748; 0.0000
0.0814; 0.4012; 0.0116; 0.0000; 0.0000; 0.2500; 0.1279; 0.1279; 0.0000
0.0000; 0.0455; 0.8788; 0.0000; 0.0606; 0.0000; 0.0152; 0.0000; 0.0000
0.0000; 0.0112; 0.0337; 0.7753; 0.1573; 0.0000; 0.0225; 0.0000; 0.0000
0.0000; 0.0000; 0.0000; 0.5250; 0.4750; 0.0000; 0.0000; 0.0000; 0.0000
0.0072; 0.0791; 0.0000; 0.0000; 0.0000; 0.5180; 0.0144; 0.3813; 0.0000
0.0000; 0.8000; 0.0000; 0.0000; 0.0000; 0.0000; 0.2000; 0.0000; 0.0000
0.0602; 0.0526; 0.0000; 0.0000; 0.0000; 0.3083; 0.0376; 0.5414; 0.0000
Bootstrap 15
Run TT with 212 training and 107 tests
Run CD with 343 training and 172 tests
Run FKW with 130 training and 66 tests
Run KW with 178 training and 89 tests
Run LPLT with 78 training and 40 tests
Run RD with 278 training and 139 tests
Run WBD with 8 training and 5 tests
Run WSD with 266 training and 133 tests
Confusion Matrix 16.0
0.7850; 0.0561; 0.0374; 0.0000; 0.0187; 0.0093; 0.0187; 0.0748; 0.0000
0.0930; 0.5291; 0.0000; 0.0000; 0.0000; 0.1163; 0.2326; 0.0291; 0.0000
0.0000; 0.0152; 0.9697; 0.0000; 0.0152; 0.0000; 0.0000; 0.0000; 0.0000
0.0000; 0.0000; 0.0899; 0.4831; 0.4270; 0.0000; 0.0000; 0.0000; 0.0000
0.0000; 0.0000; 0.0750; 0.1500; 0.7250; 0.0000; 0.0500; 0.0000; 0.0000
0.1007; 0.1511; 0.0216; 0.0072; 0.0719; 0.4388; 0.0647; 0.1439; 0.0000
0.0000; 0.4000; 0.0000; 0.0000; 0.0000; 0.0000; 0.6000; 0.0000; 0.0000
0.0827; 0.0902; 0.0226; 0.0000; 0.0000; 0.2932; 0.0226; 0.4887; 0.0000
Bootstrap 16
Run TT with 212 training and 107 tests
Run CD with 343 training and 172 tests
Run FKW with 130 training and 66 tests
Run KW with 178 training and 89 tests
Run LPLT with 78 training and 40 tests
Run RD with 278 training and 139 tests
Run WBD with 8 training and 5 tests
Run WSD with 266 training and 133 tests
Confusion Matrix 17.0
0.3364; 0.3271; 0.0654; 0.0000; 0.0000; 0.0467; 0.1682; 0.0561; 0.0000
0.0523; 0.3837; 0.0000; 0.0000; 0.0000; 0.0756; 0.4419; 0.0465; 0.0000
0.0000; 0.0000; 0.9242; 0.0000; 0.0606; 0.0000; 0.0152; 0.0000; 0.0000
0.0000; 0.0000; 0.0112; 0.8876; 0.0787; 0.0000; 0.0225; 0.0000; 0.0000
0.0000; 0.0000; 0.0000; 0.5250; 0.4750; 0.0000; 0.0000; 0.0000; 0.0000
0.0935; 0.1439; 0.0072; 0.0072; 0.0288; 0.4245; 0.1007; 0.1942; 0.0000
0.0000; 0.0000; 0.0000; 0.0000; 0.0000; 0.0000; 1.0000; 0.0000; 0.0000
0.0827; 0.0977; 0.0075; 0.0000; 0.0000; 0.3684; 0.0150; 0.4286; 0.0000
Bootstrap 17
Run TT with 212 training and 107 tests
Run CD with 343 training and 172 tests
Run FKW with 130 training and 66 tests
Run KW with 178 training and 89 tests
Run LPLT with 78 training and 40 tests
Run RD with 278 training and 139 tests
Run WBD with 8 training and 5 tests
Run WSD with 266 training and 133 tests
Confusion Matrix 18.0
0.8692; 0.0000; 0.0280; 0.0000; 0.0187; 0.0093; 0.0093; 0.0654; 0.0000
0.1395; 0.4593; 0.0058; 0.0000; 0.0000; 0.2209; 0.0756; 0.0988; 0.0000
0.0000; 0.0152; 0.9545; 0.0000; 0.0303; 0.0000; 0.0000; 0.0000; 0.0000
0.0000; 0.0000; 0.0112; 0.8876; 0.1011; 0.0000; 0.0000; 0.0000; 0.0000
0.0000; 0.0000; 0.0000; 0.3250; 0.6750; 0.0000; 0.0000; 0.0000; 0.0000
0.1151; 0.1439; 0.0288; 0.0072; 0.0719; 0.4532; 0.0647; 0.1151; 0.0000
0.0000; 0.6000; 0.0000; 0.0000; 0.0000; 0.0000; 0.4000; 0.0000; 0.0000
0.0677; 0.0602; 0.0075; 0.0000; 0.0000; 0.3684; 0.0301; 0.4662; 0.0000
Bootstrap 18
Run TT with 212 training and 107 tests
Run CD with 343 training and 172 tests
Run FKW with 130 training and 66 tests
Run KW with 178 training and 89 tests
Run LPLT with 78 training and 40 tests
Run RD with 278 training and 139 tests
Run WBD with 8 training and 5 tests
Run WSD with 266 training and 133 tests
Confusion Matrix 19.0
0.6729; 0.0654; 0.0280; 0.0000; 0.0374; 0.0561; 0.0748; 0.0654; 0.0000
0.1105; 0.4535; 0.0000; 0.0000; 0.0000; 0.2035; 0.1628; 0.0698; 0.0000
0.0000; 0.0000; 0.8636; 0.0303; 0.1061; 0.0000; 0.0000; 0.0000; 0.0000
0.0000; 0.0000; 0.0112; 0.8539; 0.1348; 0.0000; 0.0000; 0.0000; 0.0000
0.0000; 0.0000; 0.0000; 0.6250; 0.3750; 0.0000; 0.0000; 0.0000; 0.0000
0.0360; 0.0432; 0.0216; 0.0144; 0.0863; 0.5180; 0.0144; 0.2662; 0.0000
0.0000; 0.8000; 0.0000; 0.0000; 0.0000; 0.0000; 0.2000; 0.0000; 0.0000
0.0827; 0.0602; 0.0150; 0.0000; 0.0000; 0.3083; 0.0301; 0.5038; 0.0000
Bootstrap 19
Run TT with 212 training and 107 tests
Run CD with 343 training and 172 tests
Run FKW with 130 training and 66 tests
Run KW with 178 training and 89 tests
Run LPLT with 78 training and 40 tests
Run RD with 278 training and 139 tests
Run WBD with 8 training and 5 tests
Run WSD with 266 training and 133 tests
Confusion Matrix 20.0
0.8785; 0.0093; 0.0374; 0.0000; 0.0093; 0.0093; 0.0187; 0.0374; 0.0000
0.0988; 0.3023; 0.0000; 0.0000; 0.0000; 0.0698; 0.4884; 0.0407; 0.0000
0.0000; 0.0152; 0.9394; 0.0152; 0.0152; 0.0000; 0.0152; 0.0000; 0.0000
0.0000; 0.0000; 0.0337; 0.8315; 0.1348; 0.0000; 0.0000; 0.0000; 0.0000
0.0000; 0.0000; 0.0000; 0.5500; 0.4500; 0.0000; 0.0000; 0.0000; 0.0000
0.1007; 0.1223; 0.0216; 0.0072; 0.0791; 0.4245; 0.1151; 0.1295; 0.0000
0.0000; 0.0000; 0.0000; 0.0000; 0.0000; 0.0000; 1.0000; 0.0000; 0.0000
0.0526; 0.0602; 0.0000; 0.0000; 0.0000; 0.2857; 0.0451; 0.5564; 0.0000
Bootstrap 20
Run TT with 212 training and 107 tests
Run CD with 343 training and 172 tests
Run FKW with 130 training and 66 tests
Run KW with 178 training and 89 tests
Run LPLT with 78 training and 40 tests
Run RD with 278 training and 139 tests
Run WBD with 8 training and 5 tests
Run WSD with 266 training and 133 tests
Confusion Matrix 21.0
0.5327; 0.1495; 0.0467; 0.0000; 0.0000; 0.0467; 0.0654; 0.1589; 0.0000
0.0640; 0.4302; 0.0116; 0.0000; 0.0000; 0.1337; 0.2209; 0.1395; 0.0000
0.0000; 0.0000; 0.8333; 0.0000; 0.1364; 0.0000; 0.0152; 0.0152; 0.0000
0.0000; 0.0000; 0.0337; 0.7191; 0.2247; 0.0000; 0.0225; 0.0000; 0.0000
0.0000; 0.0000; 0.0250; 0.3750; 0.6000; 0.0000; 0.0000; 0.0000; 0.0000
0.0072; 0.0216; 0.0000; 0.0000; 0.0000; 0.6547; 0.0000; 0.3165; 0.0000
0.0000; 0.0000; 0.0000; 0.0000; 0.0000; 0.0000; 1.0000; 0.0000; 0.0000
0.0677; 0.0827; 0.0075; 0.0000; 0.0000; 0.2331; 0.0451; 0.5639; 0.0000
Bootstrap 21
Run TT with 212 training and 107 tests
Run CD with 343 training and 172 tests
Run FKW with 130 training and 66 tests
Run KW with 178 training and 89 tests
Run LPLT with 78 training and 40 tests
Run RD with 278 training and 139 tests
Run WBD with 8 training and 5 tests
Run WSD with 266 training and 133 tests
Confusion Matrix 22.0
0.3551; 0.2710; 0.0374; 0.0000; 0.0187; 0.1121; 0.1028; 0.1028; 0.0000
0.0581; 0.4244; 0.0058; 0.0000; 0.0000; 0.2209; 0.1977; 0.0930; 0.0000
0.0000; 0.0000; 0.9091; 0.0000; 0.0606; 0.0000; 0.0303; 0.0000; 0.0000
0.0000; 0.0000; 0.0112; 0.9101; 0.0787; 0.0000; 0.0000; 0.0000; 0.0000
0.0000; 0.0000; 0.0000; 0.7250; 0.2750; 0.0000; 0.0000; 0.0000; 0.0000
0.0000; 0.0647; 0.0000; 0.0000; 0.0000; 0.5252; 0.0144; 0.3957; 0.0000
0.0000; 0.0000; 0.0000; 0.0000; 0.0000; 0.0000; 1.0000; 0.0000; 0.0000
0.0902; 0.0677; 0.0075; 0.0000; 0.0000; 0.3008; 0.0226; 0.5113; 0.0000
Bootstrap 22
Run TT with 212 training and 107 tests
Run CD with 343 training and 172 tests
Run FKW with 130 training and 66 tests
Run KW with 178 training and 89 tests
Run LPLT with 78 training and 40 tests
Run RD with 278 training and 139 tests
Run WBD with 8 training and 5 tests
Run WSD with 266 training and 133 tests
Confusion Matrix 23.0
0.3925; 0.3178; 0.0654; 0.0000; 0.0093; 0.0467; 0.0654; 0.1028; 0.0000
0.0814; 0.4302; 0.0058; 0.0000; 0.0000; 0.2384; 0.1453; 0.0988; 0.0000
0.0000; 0.0152; 0.9394; 0.0152; 0.0303; 0.0000; 0.0000; 0.0000; 0.0000
0.0000; 0.0000; 0.0225; 0.6629; 0.3146; 0.0000; 0.0000; 0.0000; 0.0000
0.0250; 0.0000; 0.1250; 0.1750; 0.6750; 0.0000; 0.0000; 0.0000; 0.0000
0.0791; 0.1511; 0.0288; 0.0288; 0.0504; 0.4388; 0.1007; 0.1223; 0.0000
0.0000; 0.0000; 0.2000; 0.0000; 0.0000; 0.0000; 0.8000; 0.0000; 0.0000
0.0677; 0.0677; 0.0150; 0.0075; 0.0000; 0.4060; 0.0526; 0.3835; 0.0000
Bootstrap 23
Run TT with 212 training and 107 tests
Run CD with 343 training and 172 tests
Run FKW with 130 training and 66 tests
Run KW with 178 training and 89 tests
Run LPLT with 78 training and 40 tests
Run RD with 278 training and 139 tests
Run WBD with 8 training and 5 tests
Run WSD with 266 training and 133 tests
Confusion Matrix 24.0
0.4299; 0.1963; 0.0467; 0.0000; 0.0187; 0.0467; 0.1215; 0.1402; 0.0000
0.0698; 0.5116; 0.0000; 0.0000; 0.0000; 0.1686; 0.1570; 0.0930; 0.0000
0.0000; 0.0303; 0.8939; 0.0000; 0.0455; 0.0000; 0.0303; 0.0000; 0.0000
0.0000; 0.0000; 0.0337; 0.8315; 0.1236; 0.0000; 0.0112; 0.0000; 0.0000
0.0000; 0.0000; 0.0250; 0.1500; 0.8000; 0.0000; 0.0250; 0.0000; 0.0000
0.0216; 0.0360; 0.0072; 0.0000; 0.0432; 0.6115; 0.0072; 0.2734; 0.0000
0.0000; 0.8000; 0.0000; 0.0000; 0.0000; 0.0000; 0.2000; 0.0000; 0.0000
0.0526; 0.0677; 0.0000; 0.0000; 0.0000; 0.2857; 0.0301; 0.5639; 0.0000
Bootstrap 24
Run TT with 212 training and 107 tests
Run CD with 343 training and 172 tests
Run FKW with 130 training and 66 tests
Run KW with 178 training and 89 tests
Run LPLT with 78 training and 40 tests
Run RD with 278 training and 139 tests
Run WBD with 8 training and 5 tests
Run WSD with 266 training and 133 tests
Confusion Matrix 25.0
0.3645; 0.3271; 0.0374; 0.0000; 0.0093; 0.1215; 0.0935; 0.0467; 0.0000
0.1221; 0.4360; 0.0116; 0.0000; 0.0000; 0.2558; 0.0872; 0.0872; 0.0000
0.0000; 0.0000; 0.8788; 0.0606; 0.0606; 0.0000; 0.0000; 0.0000; 0.0000
0.0000; 0.0000; 0.0225; 0.8090; 0.1685; 0.0000; 0.0000; 0.0000; 0.0000
0.0250; 0.0000; 0.0750; 0.0500; 0.8250; 0.0000; 0.0250; 0.0000; 0.0000
0.0504; 0.1583; 0.0000; 0.0000; 0.0000; 0.4676; 0.0432; 0.2806; 0.0000
0.0000; 0.8000; 0.0000; 0.0000; 0.0000; 0.0000; 0.2000; 0.0000; 0.0000
0.0677; 0.0827; 0.0000; 0.0000; 0.0150; 0.3759; 0.0301; 0.4286; 0.0000
Bootstrap 25
Run TT with 212 training and 107 tests
Run CD with 343 training and 172 tests
Run FKW with 130 training and 66 tests
Run KW with 178 training and 89 tests
Run LPLT with 78 training and 40 tests
Run RD with 278 training and 139 tests
Run WBD with 8 training and 5 tests
Run WSD with 266 training and 133 tests
Confusion Matrix 26.0
0.6449; 0.1869; 0.0280; 0.0000; 0.0000; 0.0467; 0.0467; 0.0467; 0.0000
0.0581; 0.5640; 0.0058; 0.0000; 0.0000; 0.1686; 0.1744; 0.0291; 0.0000
0.0152; 0.0303; 0.8788; 0.0000; 0.0455; 0.0000; 0.0303; 0.0000; 0.0000
0.0000; 0.0000; 0.0225; 0.6966; 0.2809; 0.0000; 0.0000; 0.0000; 0.0000
0.0500; 0.0000; 0.0250; 0.1250; 0.7250; 0.0000; 0.0750; 0.0000; 0.0000
0.0072; 0.1151; 0.0000; 0.0000; 0.0000; 0.5540; 0.0144; 0.3094; 0.0000
0.0000; 0.4000; 0.0000; 0.0000; 0.0000; 0.2000; 0.2000; 0.2000; 0.0000
0.0526; 0.0827; 0.0150; 0.0000; 0.0000; 0.3308; 0.0226; 0.4962; 0.0000
Bootstrap 26
Run TT with 212 training and 107 tests
Run CD with 343 training and 172 tests
Run FKW with 130 training and 66 tests
Run KW with 178 training and 89 tests
Run LPLT with 78 training and 40 tests
Run RD with 278 training and 139 tests
Run WBD with 8 training and 5 tests
Run WSD with 266 training and 133 tests
Confusion Matrix 27.0
0.3738; 0.2897; 0.0374; 0.0000; 0.0000; 0.0841; 0.1402; 0.0748; 0.0000
0.0523; 0.3895; 0.0116; 0.0000; 0.0000; 0.1337; 0.2791; 0.1337; 0.0000
0.0000; 0.0152; 0.8788; 0.0152; 0.0455; 0.0000; 0.0455; 0.0000; 0.0000
0.0000; 0.0000; 0.0000; 0.7978; 0.2022; 0.0000; 0.0000; 0.0000; 0.0000
0.0250; 0.0000; 0.0250; 0.1750; 0.7500; 0.0000; 0.0250; 0.0000; 0.0000
0.0000; 0.0791; 0.0000; 0.0000; 0.0000; 0.6547; 0.0000; 0.2662; 0.0000
0.0000; 0.2000; 0.0000; 0.0000; 0.0000; 0.0000; 0.8000; 0.0000; 0.0000
0.0752; 0.0977; 0.0000; 0.0000; 0.0000; 0.2406; 0.0376; 0.5489; 0.0000
Bootstrap 27
Run TT with 212 training and 107 tests
Run CD with 343 training and 172 tests
Run FKW with 130 training and 66 tests
Run KW with 178 training and 89 tests
Run LPLT with 78 training and 40 tests
Run RD with 278 training and 139 tests
Run WBD with 8 training and 5 tests
Run WSD with 266 training and 133 tests
Confusion Matrix 28.0
0.7290; 0.0654; 0.0187; 0.0000; 0.0187; 0.0374; 0.0467; 0.0841; 0.0000
0.1395; 0.3721; 0.0116; 0.0000; 0.0000; 0.2907; 0.1047; 0.0814; 0.0000
0.0000; 0.0303; 0.9394; 0.0000; 0.0152; 0.0000; 0.0152; 0.0000; 0.0000
0.0000; 0.0000; 0.0225; 0.8315; 0.1236; 0.0000; 0.0225; 0.0000; 0.0000
0.0000; 0.0000; 0.0250; 0.2500; 0.7250; 0.0000; 0.0000; 0.0000; 0.0000
0.0432; 0.0791; 0.0216; 0.0000; 0.1079; 0.4820; 0.0576; 0.2086; 0.0000
0.0000; 0.2000; 0.0000; 0.0000; 0.0000; 0.0000; 0.8000; 0.0000; 0.0000
0.1128; 0.0602; 0.0075; 0.0000; 0.0000; 0.2481; 0.0376; 0.5338; 0.0000
Bootstrap 28
Run TT with 212 training and 107 tests
Run CD with 343 training and 172 tests
Run FKW with 130 training and 66 tests
Run KW with 178 training and 89 tests
Run LPLT with 78 training and 40 tests
Run RD with 278 training and 139 tests
Run WBD with 8 training and 5 tests
Run WSD with 266 training and 133 tests
Confusion Matrix 29.0
0.5888; 0.1589; 0.0187; 0.0000; 0.0187; 0.0187; 0.0654; 0.1308; 0.0000
0.1105; 0.4709; 0.0116; 0.0000; 0.0000; 0.2209; 0.0407; 0.1453; 0.0000
0.0000; 0.0000; 0.9091; 0.0152; 0.0606; 0.0000; 0.0152; 0.0000; 0.0000
0.0000; 0.0000; 0.0337; 0.8652; 0.0899; 0.0000; 0.0112; 0.0000; 0.0000
0.0000; 0.0000; 0.0000; 0.5500; 0.4500; 0.0000; 0.0000; 0.0000; 0.0000
0.0791; 0.1799; 0.0288; 0.0072; 0.0791; 0.4029; 0.0791; 0.1439; 0.0000
0.0000; 0.8000; 0.0000; 0.0000; 0.0000; 0.0000; 0.2000; 0.0000; 0.0000
0.0902; 0.0602; 0.0000; 0.0075; 0.0075; 0.3383; 0.0376; 0.4586; 0.0000
Bootstrap 29
Run TT with 212 training and 107 tests
Run CD with 343 training and 172 tests
Run FKW with 130 training and 66 tests
Run KW with 178 training and 89 tests
Run LPLT with 78 training and 40 tests
Run RD with 278 training and 139 tests
Run WBD with 8 training and 5 tests
Run WSD with 266 training and 133 tests
Confusion Matrix 30.0
0.3832; 0.2897; 0.0467; 0.0000; 0.0093; 0.0467; 0.1308; 0.0935; 0.0000
0.0581; 0.5058; 0.0116; 0.0000; 0.0000; 0.2035; 0.1221; 0.0988; 0.0000
0.0000; 0.0000; 0.9091; 0.0303; 0.0455; 0.0000; 0.0152; 0.0000; 0.0000
0.0000; 0.0000; 0.0674; 0.7978; 0.1236; 0.0000; 0.0112; 0.0000; 0.0000
0.0000; 0.0000; 0.0250; 0.5250; 0.4500; 0.0000; 0.0000; 0.0000; 0.0000
0.0072; 0.0144; 0.0072; 0.0000; 0.0360; 0.6403; 0.0072; 0.2878; 0.0000
0.0000; 0.2000; 0.0000; 0.0000; 0.0000; 0.0000; 0.8000; 0.0000; 0.0000
0.0752; 0.0677; 0.0150; 0.0000; 0.0000; 0.3308; 0.0301; 0.4812; 0.0000
Mean confusion
0.5798; 0.1617; 0.0333; 0.0000; 0.0162; 0.0502; 0.0757; 0.0832; 0.0000
0.0913; 0.4364; 0.0066; 0.0000; 0.0000; 0.1853; 0.1922; 0.0882; 0.0000
0.0025; 0.0101; 0.9000; 0.0141; 0.0525; 0.0005; 0.0197; 0.0005; 0.0000
0.0000; 0.0004; 0.0315; 0.7727; 0.1839; 0.0000; 0.0116; 0.0000; 0.0000
0.0050; 0.0000; 0.0208; 0.3658; 0.5967; 0.0000; 0.0117; 0.0000; 0.0000
0.0436; 0.0928; 0.0113; 0.0041; 0.0353; 0.5350; 0.0384; 0.2396; 0.0000
0.0000; 0.3200; 0.0200; 0.0000; 0.0000; 0.0267; 0.6267; 0.0067; 0.0000
0.0805; 0.0687; 0.0060; 0.0010; 0.0020; 0.2987; 0.0316; 0.5115; 0.0000
STD Confusion
0.2069; 0.1172; 0.0136; 0.0000; 0.0115; 0.0368; 0.0476; 0.0370; 0.0000
0.0335; 0.0563; 0.0050; 0.0000; 0.0000; 0.0572; 0.1042; 0.0383; 0.0000
0.0057; 0.0122; 0.0463; 0.0221; 0.0353; 0.0028; 0.0179; 0.0028; 0.0000
0.0000; 0.0021; 0.0273; 0.1101; 0.0914; 0.0000; 0.0116; 0.0000; 0.0000
0.0121; 0.0000; 0.0309; 0.2273; 0.1921; 0.0000; 0.0194; 0.0000; 0.0000
0.0448; 0.0559; 0.0129; 0.0065; 0.0387; 0.1041; 0.0371; 0.0971; 0.0000
0.0000; 0.2999; 0.0610; 0.0000; 0.0000; 0.0868; 0.3140; 0.0365; 0.0000
0.0200; 0.0180; 0.0070; 0.0026; 0.0048; 0.0497; 0.0100; 0.0517; 0.0000
Lower 95% CI
0.2804; 0.0000; 0.0093; 0.0000; 0.0000; 0.0093; 0.0093; 0.0374; 0.0000
0.0465; 0.3023; 0.0000; 0.0000; 0.0000; 0.0698; 0.0407; 0.0174; 0.0000
0.0000; 0.0000; 0.7879; 0.0000; 0.0000; 0.0000; 0.0000; 0.0000; 0.0000
0.0000; 0.0000; 0.0000; 0.4831; 0.0674; 0.0000; 0.0000; 0.0000; 0.0000
0.0000; 0.0000; 0.0000; 0.0500; 0.2500; 0.0000; 0.0000; 0.0000; 0.0000
0.0000; 0.0072; 0.0000; 0.0000; 0.0000; 0.4029; 0.0000; 0.1079; 0.0000
0.0000; 0.0000; 0.0000; 0.0000; 0.0000; 0.0000; 0.2000; 0.0000; 0.0000
0.0376; 0.0226; 0.0000; 0.0000; 0.0000; 0.2256; 0.0150; 0.3835; 0.0000
Upper 95% CI
0.8879; 0.3364; 0.0654; 0.0000; 0.0374; 0.1308; 0.1682; 0.1682; 0.0000
0.1512; 0.5640; 0.0174; 0.0000; 0.0000; 0.2907; 0.4884; 0.1453; 0.0000
0.0152; 0.0455; 1.0000; 0.0758; 0.1364; 0.0152; 0.0606; 0.0152; 0.0000
0.0000; 0.0112; 0.1011; 0.9101; 0.4270; 0.0000; 0.0337; 0.0000; 0.0000
0.0500; 0.0000; 0.1250; 0.7500; 0.8750; 0.0000; 0.0750; 0.0000; 0.0000
0.1151; 0.1799; 0.0432; 0.0288; 0.1079; 0.7338; 0.1151; 0.4029; 0.0000
0.0000; 0.8000; 0.2000; 0.0000; 0.0000; 0.4000; 1.0000; 0.2000; 0.0000
0.1203; 0.0977; 0.0226; 0.0075; 0.0150; 0.4060; 0.0526; 0.5865; 0.0000
Run TT with 319 training and 0 tests
Run CD with 515 training and 0 tests
Run FKW with 196 training and 0 tests
Run KW with 267 training and 0 tests
Run LPLT with 118 training and 0 tests
Run RD with 417 training and 0 tests
Run WBD with 13 training and 0 tests
Run WSD with 399 training and 0 tests