Total Bootstraps 30
Num Species 8
FragmentLength 24; Section Length 60
TT; CD; FKW; KW; LPLT; RD; WBD; WSD
Bootstrap 0
Run TT with 118 training and 59 tests
Run CD with 192 training and 97 tests
Run FKW with 76 training and 39 tests
Run KW with 97 training and 49 tests
Run LPLT with 42 training and 21 tests
Run RD with 150 training and 76 tests
Run WBD with 4 training and 3 tests
Run WSD with 144 training and 73 tests
Confusion Matrix 1.0
0.2881; 0.4407; 0.0508; 0.0000; 0.0000; 0.0847; 0.0847; 0.0508; 0.0000
0.0619; 0.4742; 0.0000; 0.0000; 0.0000; 0.0825; 0.3711; 0.0103; 0.0000
0.0000; 0.0000; 0.9231; 0.0000; 0.0513; 0.0256; 0.0000; 0.0000; 0.0000
0.0000; 0.0000; 0.0408; 0.7959; 0.1633; 0.0000; 0.0000; 0.0000; 0.0000
0.0000; 0.0000; 0.0000; 0.2857; 0.7143; 0.0000; 0.0000; 0.0000; 0.0000
0.0526; 0.1579; 0.0000; 0.0000; 0.0000; 0.5263; 0.0789; 0.1842; 0.0000
0.0000; 0.3333; 0.0000; 0.0000; 0.0000; 0.0000; 0.6667; 0.0000; 0.0000
0.0411; 0.1233; 0.0000; 0.0000; 0.0000; 0.3425; 0.0137; 0.4795; 0.0000
Bootstrap 1
Run TT with 118 training and 59 tests
Run CD with 192 training and 97 tests
Run FKW with 76 training and 39 tests
Run KW with 97 training and 49 tests
Run LPLT with 42 training and 21 tests
Run RD with 150 training and 76 tests
Run WBD with 4 training and 3 tests
Run WSD with 144 training and 73 tests
Confusion Matrix 2.0
0.5254; 0.2712; 0.0339; 0.0000; 0.0000; 0.0847; 0.0678; 0.0169; 0.0000
0.0412; 0.6495; 0.0000; 0.0000; 0.0000; 0.1237; 0.1443; 0.0412; 0.0000
0.0000; 0.0000; 0.9744; 0.0000; 0.0256; 0.0000; 0.0000; 0.0000; 0.0000
0.0000; 0.0000; 0.0000; 0.8571; 0.1429; 0.0000; 0.0000; 0.0000; 0.0000
0.0000; 0.0000; 0.0000; 0.2857; 0.7143; 0.0000; 0.0000; 0.0000; 0.0000
0.0789; 0.1053; 0.0395; 0.0263; 0.0263; 0.4737; 0.0658; 0.1842; 0.0000
0.0000; 0.0000; 0.0000; 0.0000; 0.0000; 0.0000; 1.0000; 0.0000; 0.0000
0.0411; 0.0685; 0.0000; 0.0000; 0.0000; 0.2466; 0.0274; 0.6164; 0.0000
Bootstrap 2
Run TT with 118 training and 59 tests
Run CD with 192 training and 97 tests
Run FKW with 76 training and 39 tests
Run KW with 97 training and 49 tests
Run LPLT with 42 training and 21 tests
Run RD with 150 training and 76 tests
Run WBD with 4 training and 3 tests
Run WSD with 144 training and 73 tests
Confusion Matrix 3.0
0.7966; 0.0508; 0.0169; 0.0000; 0.0000; 0.0000; 0.0339; 0.1017; 0.0000
0.0722; 0.6392; 0.0000; 0.0000; 0.0000; 0.1340; 0.1134; 0.0412; 0.0000
0.0000; 0.0000; 0.9231; 0.0000; 0.0769; 0.0000; 0.0000; 0.0000; 0.0000
0.0000; 0.0000; 0.0204; 0.8776; 0.1020; 0.0000; 0.0000; 0.0000; 0.0000
0.0000; 0.0000; 0.0000; 0.4762; 0.5238; 0.0000; 0.0000; 0.0000; 0.0000
0.0789; 0.0263; 0.0132; 0.0263; 0.0526; 0.5789; 0.0395; 0.1842; 0.0000
0.0000; 0.3333; 0.0000; 0.0000; 0.0000; 0.0000; 0.6667; 0.0000; 0.0000
0.0411; 0.0822; 0.0000; 0.0000; 0.0000; 0.2877; 0.0137; 0.5753; 0.0000
Bootstrap 3
Run TT with 118 training and 59 tests
Run CD with 192 training and 97 tests
Run FKW with 76 training and 39 tests
Run KW with 97 training and 49 tests
Run LPLT with 42 training and 21 tests
Run RD with 150 training and 76 tests
Run WBD with 4 training and 3 tests
Run WSD with 144 training and 73 tests
Confusion Matrix 4.0
0.4407; 0.3729; 0.0169; 0.0000; 0.0000; 0.0678; 0.0678; 0.0339; 0.0000
0.0619; 0.5258; 0.0103; 0.0000; 0.0000; 0.2474; 0.0722; 0.0825; 0.0000
0.0000; 0.0000; 0.9487; 0.0000; 0.0513; 0.0000; 0.0000; 0.0000; 0.0000
0.0000; 0.0000; 0.0204; 0.7959; 0.1837; 0.0000; 0.0000; 0.0000; 0.0000
0.0000; 0.0000; 0.0476; 0.1429; 0.8095; 0.0000; 0.0000; 0.0000; 0.0000
0.0132; 0.0921; 0.0789; 0.0000; 0.0263; 0.6053; 0.0263; 0.1579; 0.0000
0.0000; 0.3333; 0.0000; 0.0000; 0.0000; 0.0000; 0.6667; 0.0000; 0.0000
0.0548; 0.0685; 0.0137; 0.0000; 0.0000; 0.3151; 0.0274; 0.5205; 0.0000
Bootstrap 4
Run TT with 118 training and 59 tests
Run CD with 192 training and 97 tests
Run FKW with 76 training and 39 tests
Run KW with 97 training and 49 tests
Run LPLT with 42 training and 21 tests
Run RD with 150 training and 76 tests
Run WBD with 4 training and 3 tests
Run WSD with 144 training and 73 tests
Confusion Matrix 5.0
0.6271; 0.1525; 0.0000; 0.0000; 0.0000; 0.1525; 0.0339; 0.0339; 0.0000
0.0825; 0.4227; 0.0103; 0.0000; 0.0000; 0.3196; 0.0928; 0.0722; 0.0000
0.0000; 0.0256; 0.9487; 0.0256; 0.0000; 0.0000; 0.0000; 0.0000; 0.0000
0.0000; 0.0000; 0.0000; 0.6122; 0.3673; 0.0000; 0.0204; 0.0000; 0.0000
0.0000; 0.0000; 0.0476; 0.0476; 0.9048; 0.0000; 0.0000; 0.0000; 0.0000
0.0132; 0.0132; 0.0000; 0.0000; 0.0000; 0.5921; 0.0000; 0.3816; 0.0000
0.0000; 0.3333; 0.0000; 0.0000; 0.0000; 0.0000; 0.6667; 0.0000; 0.0000
0.0411; 0.0548; 0.0000; 0.0000; 0.0000; 0.2740; 0.0274; 0.6027; 0.0000
Bootstrap 5
Run TT with 118 training and 59 tests
Run CD with 192 training and 97 tests
Run FKW with 76 training and 39 tests
Run KW with 97 training and 49 tests
Run LPLT with 42 training and 21 tests
Run RD with 150 training and 76 tests
Run WBD with 4 training and 3 tests
Run WSD with 144 training and 73 tests
Confusion Matrix 6.0
0.7288; 0.1017; 0.0169; 0.0000; 0.0000; 0.0339; 0.0508; 0.0678; 0.0000
0.0412; 0.6392; 0.0000; 0.0000; 0.0000; 0.1649; 0.1134; 0.0412; 0.0000
0.0000; 0.0513; 0.9487; 0.0000; 0.0000; 0.0000; 0.0000; 0.0000; 0.0000
0.0000; 0.0000; 0.0204; 0.6939; 0.2857; 0.0000; 0.0000; 0.0000; 0.0000
0.0000; 0.0000; 0.0476; 0.1905; 0.7619; 0.0000; 0.0000; 0.0000; 0.0000
0.0000; 0.0526; 0.0000; 0.0000; 0.0000; 0.7237; 0.0000; 0.2237; 0.0000
0.0000; 0.3333; 0.0000; 0.0000; 0.0000; 0.0000; 0.6667; 0.0000; 0.0000
0.0822; 0.0548; 0.0000; 0.0000; 0.0137; 0.2877; 0.0000; 0.5616; 0.0000
Bootstrap 6
Run TT with 118 training and 59 tests
Run CD with 192 training and 97 tests
Run FKW with 76 training and 39 tests
Run KW with 97 training and 49 tests
Run LPLT with 42 training and 21 tests
Run RD with 150 training and 76 tests
Run WBD with 4 training and 3 tests
Run WSD with 144 training and 73 tests
Confusion Matrix 7.0
0.7627; 0.1525; 0.0000; 0.0000; 0.0000; 0.0169; 0.0169; 0.0508; 0.0000
0.0619; 0.6701; 0.0000; 0.0000; 0.0000; 0.1237; 0.1134; 0.0309; 0.0000
0.0000; 0.0513; 0.9487; 0.0000; 0.0000; 0.0000; 0.0000; 0.0000; 0.0000
0.0000; 0.0000; 0.0408; 0.8367; 0.1224; 0.0000; 0.0000; 0.0000; 0.0000
0.0000; 0.0000; 0.0000; 0.4286; 0.5714; 0.0000; 0.0000; 0.0000; 0.0000
0.0789; 0.1447; 0.0132; 0.0000; 0.0263; 0.4868; 0.0658; 0.1842; 0.0000
0.0000; 0.3333; 0.0000; 0.0000; 0.0000; 0.0000; 0.6667; 0.0000; 0.0000
0.0548; 0.0822; 0.0000; 0.0000; 0.0137; 0.3699; 0.0411; 0.4384; 0.0000
Bootstrap 7
Run TT with 118 training and 59 tests
Run CD with 192 training and 97 tests
Run FKW with 76 training and 39 tests
Run KW with 97 training and 49 tests
Run LPLT with 42 training and 21 tests
Run RD with 150 training and 76 tests
Run WBD with 4 training and 3 tests
Run WSD with 144 training and 73 tests
Confusion Matrix 8.0
0.4407; 0.3051; 0.0508; 0.0000; 0.0000; 0.0678; 0.0678; 0.0678; 0.0000
0.0412; 0.5876; 0.0000; 0.0000; 0.0000; 0.1237; 0.2371; 0.0103; 0.0000
0.0000; 0.0000; 0.9487; 0.0000; 0.0256; 0.0000; 0.0256; 0.0000; 0.0000
0.0000; 0.0000; 0.0204; 0.8980; 0.0816; 0.0000; 0.0000; 0.0000; 0.0000
0.0000; 0.0000; 0.0000; 0.5238; 0.4762; 0.0000; 0.0000; 0.0000; 0.0000
0.0000; 0.0132; 0.0000; 0.0000; 0.0000; 0.7763; 0.0000; 0.2105; 0.0000
0.0000; 0.0000; 0.0000; 0.0000; 0.0000; 0.0000; 1.0000; 0.0000; 0.0000
0.0548; 0.0548; 0.0000; 0.0000; 0.0137; 0.3562; 0.0274; 0.4932; 0.0000
Bootstrap 8
Run TT with 118 training and 59 tests
Run CD with 192 training and 97 tests
Run FKW with 76 training and 39 tests
Run KW with 97 training and 49 tests
Run LPLT with 42 training and 21 tests
Run RD with 150 training and 76 tests
Run WBD with 4 training and 3 tests
Run WSD with 144 training and 73 tests
Confusion Matrix 9.0
0.4068; 0.3559; 0.0169; 0.0000; 0.0000; 0.0678; 0.1017; 0.0508; 0.0000
0.0722; 0.3814; 0.0000; 0.0000; 0.0000; 0.2887; 0.1753; 0.0825; 0.0000
0.0000; 0.0256; 0.8974; 0.0000; 0.0769; 0.0000; 0.0000; 0.0000; 0.0000
0.0000; 0.0000; 0.0204; 0.8571; 0.1224; 0.0000; 0.0000; 0.0000; 0.0000
0.0000; 0.0000; 0.0000; 0.4762; 0.5238; 0.0000; 0.0000; 0.0000; 0.0000
0.0000; 0.0000; 0.0000; 0.0000; 0.0000; 0.7368; 0.0000; 0.2632; 0.0000
0.0000; 0.0000; 0.0000; 0.0000; 0.0000; 0.0000; 1.0000; 0.0000; 0.0000
0.0685; 0.0548; 0.0000; 0.0000; 0.0000; 0.3014; 0.0274; 0.5479; 0.0000
Bootstrap 9
Run TT with 118 training and 59 tests
Run CD with 192 training and 97 tests
Run FKW with 76 training and 39 tests
Run KW with 97 training and 49 tests
Run LPLT with 42 training and 21 tests
Run RD with 150 training and 76 tests
Run WBD with 4 training and 3 tests
Run WSD with 144 training and 73 tests
Confusion Matrix 10.0
0.8814; 0.0000; 0.0169; 0.0000; 0.0000; 0.0000; 0.0000; 0.1017; 0.0000
0.1031; 0.5567; 0.0000; 0.0000; 0.0000; 0.0722; 0.2474; 0.0206; 0.0000
0.0000; 0.0000; 0.9744; 0.0000; 0.0256; 0.0000; 0.0000; 0.0000; 0.0000
0.0000; 0.0000; 0.0204; 0.8980; 0.0816; 0.0000; 0.0000; 0.0000; 0.0000
0.0000; 0.0000; 0.0000; 0.4286; 0.5714; 0.0000; 0.0000; 0.0000; 0.0000
0.0789; 0.1974; 0.0132; 0.0000; 0.0395; 0.4211; 0.0789; 0.1711; 0.0000
0.0000; 0.0000; 0.0000; 0.0000; 0.0000; 0.0000; 1.0000; 0.0000; 0.0000
0.0959; 0.0685; 0.0000; 0.0000; 0.0000; 0.3699; 0.0137; 0.4521; 0.0000
Bootstrap 10
Run TT with 118 training and 59 tests
Run CD with 192 training and 97 tests
Run FKW with 76 training and 39 tests
Run KW with 97 training and 49 tests
Run LPLT with 42 training and 21 tests
Run RD with 150 training and 76 tests
Run WBD with 4 training and 3 tests
Run WSD with 144 training and 73 tests
Confusion Matrix 11.0
0.3559; 0.3898; 0.0508; 0.0000; 0.0000; 0.0678; 0.0339; 0.1017; 0.0000
0.0722; 0.5052; 0.0103; 0.0000; 0.0000; 0.2165; 0.1340; 0.0619; 0.0000
0.0000; 0.0000; 0.9487; 0.0000; 0.0513; 0.0000; 0.0000; 0.0000; 0.0000
0.0000; 0.0000; 0.0000; 0.8776; 0.1224; 0.0000; 0.0000; 0.0000; 0.0000
0.0000; 0.0000; 0.0000; 0.3810; 0.6190; 0.0000; 0.0000; 0.0000; 0.0000
0.0000; 0.0132; 0.0000; 0.0000; 0.0000; 0.7632; 0.0000; 0.2237; 0.0000
0.0000; 0.6667; 0.0000; 0.0000; 0.0000; 0.0000; 0.3333; 0.0000; 0.0000
0.0274; 0.0959; 0.0000; 0.0000; 0.0000; 0.3014; 0.0274; 0.5479; 0.0000
Bootstrap 11
Run TT with 118 training and 59 tests
Run CD with 192 training and 97 tests
Run FKW with 76 training and 39 tests
Run KW with 97 training and 49 tests
Run LPLT with 42 training and 21 tests
Run RD with 150 training and 76 tests
Run WBD with 4 training and 3 tests
Run WSD with 144 training and 73 tests
Confusion Matrix 12.0
0.9322; 0.0000; 0.0339; 0.0000; 0.0000; 0.0169; 0.0000; 0.0169; 0.0000
0.1856; 0.2474; 0.0103; 0.0000; 0.0000; 0.3093; 0.1031; 0.1443; 0.0000
0.0000; 0.0000; 0.9487; 0.0256; 0.0000; 0.0000; 0.0256; 0.0000; 0.0000
0.0000; 0.0000; 0.0000; 0.8163; 0.1633; 0.0000; 0.0204; 0.0000; 0.0000
0.0000; 0.0000; 0.0476; 0.1905; 0.7619; 0.0000; 0.0000; 0.0000; 0.0000
0.0000; 0.0132; 0.0000; 0.0000; 0.0000; 0.8289; 0.0000; 0.1579; 0.0000
0.0000; 0.0000; 0.0000; 0.0000; 0.0000; 0.0000; 1.0000; 0.0000; 0.0000
0.0685; 0.0274; 0.0000; 0.0000; 0.0000; 0.3288; 0.0411; 0.5342; 0.0000
Bootstrap 12
Run TT with 118 training and 59 tests
Run CD with 192 training and 97 tests
Run FKW with 76 training and 39 tests
Run KW with 97 training and 49 tests
Run LPLT with 42 training and 21 tests
Run RD with 150 training and 76 tests
Run WBD with 4 training and 3 tests
Run WSD with 144 training and 73 tests
Confusion Matrix 13.0
0.8814; 0.0169; 0.0169; 0.0000; 0.0000; 0.0000; 0.0000; 0.0847; 0.0000
0.0309; 0.3814; 0.0000; 0.0000; 0.0000; 0.1237; 0.4330; 0.0309; 0.0000
0.0000; 0.0513; 0.9487; 0.0000; 0.0000; 0.0000; 0.0000; 0.0000; 0.0000
0.0000; 0.0000; 0.0612; 0.7347; 0.2041; 0.0000; 0.0000; 0.0000; 0.0000
0.0000; 0.0000; 0.0000; 0.5714; 0.4286; 0.0000; 0.0000; 0.0000; 0.0000
0.0132; 0.0132; 0.0000; 0.0000; 0.0395; 0.5526; 0.0132; 0.3684; 0.0000
0.0000; 0.0000; 0.0000; 0.0000; 0.0000; 0.0000; 1.0000; 0.0000; 0.0000
0.0548; 0.0822; 0.0000; 0.0000; 0.0000; 0.2603; 0.0274; 0.5753; 0.0000
Bootstrap 13
Run TT with 118 training and 59 tests
Run CD with 192 training and 97 tests
Run FKW with 76 training and 39 tests
Run KW with 97 training and 49 tests
Run LPLT with 42 training and 21 tests
Run RD with 150 training and 76 tests
Run WBD with 4 training and 3 tests
Run WSD with 144 training and 73 tests
Confusion Matrix 14.0
0.6102; 0.1525; 0.0000; 0.0000; 0.0000; 0.0678; 0.0678; 0.1017; 0.0000
0.0206; 0.3814; 0.0000; 0.0000; 0.0000; 0.1546; 0.4021; 0.0412; 0.0000
0.0000; 0.0000; 0.9487; 0.0000; 0.0256; 0.0256; 0.0000; 0.0000; 0.0000
0.0000; 0.0000; 0.0000; 0.7143; 0.2857; 0.0000; 0.0000; 0.0000; 0.0000
0.0000; 0.0000; 0.0476; 0.0952; 0.8571; 0.0000; 0.0000; 0.0000; 0.0000
0.0000; 0.0000; 0.0000; 0.0000; 0.0000; 0.7895; 0.0000; 0.2105; 0.0000
0.0000; 0.0000; 0.0000; 0.0000; 0.0000; 0.0000; 1.0000; 0.0000; 0.0000
0.0685; 0.0548; 0.0000; 0.0000; 0.0137; 0.3014; 0.0137; 0.5479; 0.0000
Bootstrap 14
Run TT with 118 training and 59 tests
Run CD with 192 training and 97 tests
Run FKW with 76 training and 39 tests
Run KW with 97 training and 49 tests
Run LPLT with 42 training and 21 tests
Run RD with 150 training and 76 tests
Run WBD with 4 training and 3 tests
Run WSD with 144 training and 73 tests
Confusion Matrix 15.0
0.8644; 0.0339; 0.0169; 0.0000; 0.0169; 0.0169; 0.0000; 0.0508; 0.0000
0.1237; 0.4845; 0.0103; 0.0000; 0.0000; 0.1753; 0.1649; 0.0412; 0.0000
0.0000; 0.0000; 0.9744; 0.0256; 0.0000; 0.0000; 0.0000; 0.0000; 0.0000
0.0000; 0.0000; 0.0204; 0.8571; 0.1224; 0.0000; 0.0000; 0.0000; 0.0000
0.0000; 0.0000; 0.0000; 0.8095; 0.1905; 0.0000; 0.0000; 0.0000; 0.0000
0.0000; 0.0395; 0.0000; 0.0000; 0.0000; 0.6711; 0.0000; 0.2895; 0.0000
0.0000; 0.3333; 0.0000; 0.0000; 0.0000; 0.0000; 0.6667; 0.0000; 0.0000
0.1096; 0.0274; 0.0137; 0.0000; 0.0000; 0.2466; 0.0411; 0.5616; 0.0000
Bootstrap 15
Run TT with 118 training and 59 tests
Run CD with 192 training and 97 tests
Run FKW with 76 training and 39 tests
Run KW with 97 training and 49 tests
Run LPLT with 42 training and 21 tests
Run RD with 150 training and 76 tests
Run WBD with 4 training and 3 tests
Run WSD with 144 training and 73 tests
Confusion Matrix 16.0
0.9322; 0.0000; 0.0339; 0.0000; 0.0000; 0.0169; 0.0000; 0.0169; 0.0000
0.0825; 0.6186; 0.0000; 0.0000; 0.0000; 0.0515; 0.2474; 0.0000; 0.0000
0.0000; 0.0256; 0.9744; 0.0000; 0.0000; 0.0000; 0.0000; 0.0000; 0.0000
0.0000; 0.0000; 0.0408; 0.7755; 0.1837; 0.0000; 0.0000; 0.0000; 0.0000
0.0000; 0.0000; 0.0000; 0.2381; 0.7619; 0.0000; 0.0000; 0.0000; 0.0000
0.0921; 0.1711; 0.0263; 0.0000; 0.0526; 0.4079; 0.0789; 0.1711; 0.0000
0.0000; 0.0000; 0.0000; 0.0000; 0.0000; 0.0000; 1.0000; 0.0000; 0.0000
0.0548; 0.0959; 0.0000; 0.0000; 0.0000; 0.2329; 0.0411; 0.5753; 0.0000
Bootstrap 16
Run TT with 118 training and 59 tests
Run CD with 192 training and 97 tests
Run FKW with 76 training and 39 tests
Run KW with 97 training and 49 tests
Run LPLT with 42 training and 21 tests
Run RD with 150 training and 76 tests
Run WBD with 4 training and 3 tests
Run WSD with 144 training and 73 tests
Confusion Matrix 17.0
0.8983; 0.0339; 0.0169; 0.0000; 0.0000; 0.0000; 0.0169; 0.0339; 0.0000
0.0309; 0.5258; 0.0000; 0.0000; 0.0000; 0.0825; 0.2784; 0.0825; 0.0000
0.0000; 0.0513; 0.8974; 0.0000; 0.0513; 0.0000; 0.0000; 0.0000; 0.0000
0.0000; 0.0000; 0.0204; 0.7551; 0.2245; 0.0000; 0.0000; 0.0000; 0.0000
0.0000; 0.0000; 0.0000; 0.6667; 0.3333; 0.0000; 0.0000; 0.0000; 0.0000
0.0526; 0.1842; 0.0000; 0.0000; 0.0000; 0.5132; 0.0395; 0.2105; 0.0000
0.0000; 0.3333; 0.0000; 0.0000; 0.0000; 0.0000; 0.6667; 0.0000; 0.0000
0.0685; 0.0548; 0.0000; 0.0000; 0.0000; 0.3014; 0.0411; 0.5342; 0.0000
Bootstrap 17
Run TT with 118 training and 59 tests
Run CD with 192 training and 97 tests
Run FKW with 76 training and 39 tests
Run KW with 97 training and 49 tests
Run LPLT with 42 training and 21 tests
Run RD with 150 training and 76 tests
Run WBD with 4 training and 3 tests
Run WSD with 144 training and 73 tests
Confusion Matrix 18.0
0.2881; 0.4407; 0.0339; 0.0000; 0.0169; 0.1525; 0.0508; 0.0169; 0.0000
0.0309; 0.4021; 0.0000; 0.0000; 0.0000; 0.2062; 0.2784; 0.0825; 0.0000
0.0000; 0.0000; 0.8974; 0.0000; 0.0513; 0.0000; 0.0513; 0.0000; 0.0000
0.0000; 0.0000; 0.0408; 0.7755; 0.1837; 0.0000; 0.0000; 0.0000; 0.0000
0.0000; 0.0000; 0.0476; 0.2857; 0.6667; 0.0000; 0.0000; 0.0000; 0.0000
0.0132; 0.0132; 0.0000; 0.0000; 0.0000; 0.6316; 0.0000; 0.3421; 0.0000
0.0000; 0.3333; 0.0000; 0.0000; 0.0000; 0.0000; 0.6667; 0.0000; 0.0000
0.0822; 0.0685; 0.0000; 0.0000; 0.0000; 0.3151; 0.0411; 0.4932; 0.0000
Bootstrap 18
Run TT with 118 training and 59 tests
Run CD with 192 training and 97 tests
Run FKW with 76 training and 39 tests
Run KW with 97 training and 49 tests
Run LPLT with 42 training and 21 tests
Run RD with 150 training and 76 tests
Run WBD with 4 training and 3 tests
Run WSD with 144 training and 73 tests
Confusion Matrix 19.0
0.4407; 0.3559; 0.0508; 0.0000; 0.0000; 0.0339; 0.0847; 0.0339; 0.0000
0.0206; 0.5773; 0.0000; 0.0000; 0.0000; 0.0309; 0.3402; 0.0309; 0.0000
0.0000; 0.0256; 0.8205; 0.0513; 0.0769; 0.0000; 0.0256; 0.0000; 0.0000
0.0000; 0.0000; 0.0000; 0.8776; 0.1224; 0.0000; 0.0000; 0.0000; 0.0000
0.0000; 0.0000; 0.0000; 0.5714; 0.4286; 0.0000; 0.0000; 0.0000; 0.0000
0.1053; 0.1974; 0.0263; 0.0263; 0.0395; 0.4868; 0.0526; 0.0658; 0.0000
0.0000; 0.3333; 0.0000; 0.0000; 0.0000; 0.0000; 0.6667; 0.0000; 0.0000
0.0685; 0.1096; 0.0000; 0.0000; 0.0000; 0.3288; 0.0274; 0.4658; 0.0000
Bootstrap 19
Run TT with 118 training and 59 tests
Run CD with 192 training and 97 tests
Run FKW with 76 training and 39 tests
Run KW with 97 training and 49 tests
Run LPLT with 42 training and 21 tests
Run RD with 150 training and 76 tests
Run WBD with 4 training and 3 tests
Run WSD with 144 training and 73 tests
Confusion Matrix 20.0
0.8983; 0.0000; 0.0339; 0.0000; 0.0000; 0.0339; 0.0000; 0.0339; 0.0000
0.0928; 0.5670; 0.0000; 0.0000; 0.0000; 0.1134; 0.2268; 0.0000; 0.0000
0.0000; 0.0256; 0.9744; 0.0000; 0.0000; 0.0000; 0.0000; 0.0000; 0.0000
0.0000; 0.0000; 0.0408; 0.7143; 0.2449; 0.0000; 0.0000; 0.0000; 0.0000
0.0000; 0.0000; 0.1905; 0.2381; 0.5714; 0.0000; 0.0000; 0.0000; 0.0000
0.0000; 0.0526; 0.0000; 0.0000; 0.0000; 0.6053; 0.0000; 0.3421; 0.0000
0.0000; 0.3333; 0.0000; 0.0000; 0.0000; 0.0000; 0.6667; 0.0000; 0.0000
0.0685; 0.0685; 0.0000; 0.0000; 0.0137; 0.2877; 0.0411; 0.5205; 0.0000
Bootstrap 20
Run TT with 118 training and 59 tests
Run CD with 192 training and 97 tests
Run FKW with 76 training and 39 tests
Run KW with 97 training and 49 tests
Run LPLT with 42 training and 21 tests
Run RD with 150 training and 76 tests
Run WBD with 4 training and 3 tests
Run WSD with 144 training and 73 tests
Confusion Matrix 21.0
0.9322; 0.0000; 0.0339; 0.0000; 0.0000; 0.0000; 0.0000; 0.0339; 0.0000
0.0515; 0.4536; 0.0103; 0.0000; 0.0000; 0.0619; 0.4124; 0.0103; 0.0000
0.0000; 0.0000; 0.8462; 0.0513; 0.0513; 0.0256; 0.0256; 0.0000; 0.0000
0.0000; 0.0000; 0.0408; 0.8980; 0.0408; 0.0000; 0.0204; 0.0000; 0.0000
0.0000; 0.0000; 0.0000; 0.7619; 0.2381; 0.0000; 0.0000; 0.0000; 0.0000
0.0789; 0.1842; 0.0132; 0.0000; 0.0921; 0.5000; 0.0395; 0.0921; 0.0000
0.0000; 0.3333; 0.0000; 0.0000; 0.0000; 0.0000; 0.6667; 0.0000; 0.0000
0.0822; 0.0685; 0.0000; 0.0000; 0.0000; 0.2877; 0.0685; 0.4932; 0.0000
Bootstrap 21
Run TT with 118 training and 59 tests
Run CD with 192 training and 97 tests
Run FKW with 76 training and 39 tests
Run KW with 97 training and 49 tests
Run LPLT with 42 training and 21 tests
Run RD with 150 training and 76 tests
Run WBD with 4 training and 3 tests
Run WSD with 144 training and 73 tests
Confusion Matrix 22.0
0.7797; 0.1017; 0.0000; 0.0000; 0.0000; 0.0339; 0.0000; 0.0847; 0.0000
0.1443; 0.4227; 0.0000; 0.0000; 0.0000; 0.2887; 0.0722; 0.0722; 0.0000
0.0000; 0.0000; 0.9231; 0.0513; 0.0256; 0.0000; 0.0000; 0.0000; 0.0000
0.0000; 0.0000; 0.1020; 0.6531; 0.2449; 0.0000; 0.0000; 0.0000; 0.0000
0.0000; 0.0000; 0.0000; 0.7619; 0.2381; 0.0000; 0.0000; 0.0000; 0.0000
0.0000; 0.0132; 0.0000; 0.0000; 0.0000; 0.7500; 0.0000; 0.2368; 0.0000
0.0000; 1.0000; 0.0000; 0.0000; 0.0000; 0.0000; 0.0000; 0.0000; 0.0000
0.0685; 0.0274; 0.0000; 0.0000; 0.0000; 0.2603; 0.0411; 0.6027; 0.0000
Bootstrap 22
Run TT with 118 training and 59 tests
Run CD with 192 training and 97 tests
Run FKW with 76 training and 39 tests
Run KW with 97 training and 49 tests
Run LPLT with 42 training and 21 tests
Run RD with 150 training and 76 tests
Run WBD with 4 training and 3 tests
Run WSD with 144 training and 73 tests
Confusion Matrix 23.0
0.8475; 0.0169; 0.0169; 0.0000; 0.0000; 0.0339; 0.0169; 0.0678; 0.0000
0.0412; 0.4330; 0.0000; 0.0000; 0.0000; 0.0722; 0.4330; 0.0206; 0.0000
0.0000; 0.0256; 0.9231; 0.0000; 0.0256; 0.0000; 0.0256; 0.0000; 0.0000
0.0000; 0.0000; 0.0000; 0.7959; 0.2041; 0.0000; 0.0000; 0.0000; 0.0000
0.0000; 0.0000; 0.0000; 0.4762; 0.5238; 0.0000; 0.0000; 0.0000; 0.0000
0.1184; 0.1184; 0.0132; 0.0132; 0.0526; 0.4079; 0.0789; 0.1974; 0.0000
0.0000; 0.0000; 0.0000; 0.0000; 0.0000; 0.0000; 1.0000; 0.0000; 0.0000
0.0822; 0.0411; 0.0000; 0.0000; 0.0000; 0.3425; 0.0274; 0.5068; 0.0000
Bootstrap 23
Run TT with 118 training and 59 tests
Run CD with 192 training and 97 tests
Run FKW with 76 training and 39 tests
Run KW with 97 training and 49 tests
Run LPLT with 42 training and 21 tests
Run RD with 150 training and 76 tests
Run WBD with 4 training and 3 tests
Run WSD with 144 training and 73 tests
Confusion Matrix 24.0
0.7966; 0.0339; 0.0169; 0.0000; 0.0000; 0.0339; 0.0169; 0.1017; 0.0000
0.1546; 0.4124; 0.0000; 0.0000; 0.0000; 0.2784; 0.0309; 0.1237; 0.0000
0.0000; 0.0000; 1.0000; 0.0000; 0.0000; 0.0000; 0.0000; 0.0000; 0.0000
0.0000; 0.0000; 0.0000; 0.7755; 0.2041; 0.0000; 0.0204; 0.0000; 0.0000
0.0000; 0.0000; 0.0952; 0.1429; 0.7619; 0.0000; 0.0000; 0.0000; 0.0000
0.0000; 0.0395; 0.0000; 0.0000; 0.0000; 0.6447; 0.0000; 0.3158; 0.0000
0.0000; 0.3333; 0.0000; 0.0000; 0.0000; 0.0000; 0.6667; 0.0000; 0.0000
0.0959; 0.0137; 0.0000; 0.0000; 0.0000; 0.3014; 0.0411; 0.5479; 0.0000
Bootstrap 24
Run TT with 118 training and 59 tests
Run CD with 192 training and 97 tests
Run FKW with 76 training and 39 tests
Run KW with 97 training and 49 tests
Run LPLT with 42 training and 21 tests
Run RD with 150 training and 76 tests
Run WBD with 4 training and 3 tests
Run WSD with 144 training and 73 tests
Confusion Matrix 25.0
0.8644; 0.0000; 0.0339; 0.0000; 0.0000; 0.0508; 0.0000; 0.0508; 0.0000
0.0619; 0.4639; 0.0000; 0.0000; 0.0000; 0.0309; 0.4124; 0.0309; 0.0000
0.0000; 0.0000; 0.9744; 0.0000; 0.0256; 0.0000; 0.0000; 0.0000; 0.0000
0.0000; 0.0000; 0.0612; 0.7551; 0.1837; 0.0000; 0.0000; 0.0000; 0.0000
0.0000; 0.0000; 0.0000; 0.6667; 0.3333; 0.0000; 0.0000; 0.0000; 0.0000
0.0921; 0.2105; 0.0263; 0.0000; 0.0789; 0.4605; 0.0526; 0.0789; 0.0000
0.0000; 0.3333; 0.0000; 0.0000; 0.0000; 0.0000; 0.6667; 0.0000; 0.0000
0.0411; 0.0959; 0.0000; 0.0000; 0.0000; 0.3699; 0.0137; 0.4795; 0.0000
Bootstrap 25
Run TT with 118 training and 59 tests
Run CD with 192 training and 97 tests
Run FKW with 76 training and 39 tests
Run KW with 97 training and 49 tests
Run LPLT with 42 training and 21 tests
Run RD with 150 training and 76 tests
Run WBD with 4 training and 3 tests
Run WSD with 144 training and 73 tests
Confusion Matrix 26.0
0.9492; 0.0169; 0.0169; 0.0000; 0.0000; 0.0000; 0.0000; 0.0169; 0.0000
0.0412; 0.5567; 0.0000; 0.0000; 0.0000; 0.0825; 0.2371; 0.0825; 0.0000
0.0000; 0.0256; 0.9487; 0.0256; 0.0000; 0.0000; 0.0000; 0.0000; 0.0000
0.0000; 0.0000; 0.0000; 0.8980; 0.0816; 0.0000; 0.0204; 0.0000; 0.0000
0.0000; 0.0000; 0.0000; 0.2857; 0.7143; 0.0000; 0.0000; 0.0000; 0.0000
0.0000; 0.0132; 0.0000; 0.0000; 0.0000; 0.6711; 0.0000; 0.3158; 0.0000
0.0000; 0.6667; 0.0000; 0.0000; 0.0000; 0.0000; 0.3333; 0.0000; 0.0000
0.0959; 0.0411; 0.0000; 0.0000; 0.0000; 0.3151; 0.0137; 0.5342; 0.0000
Bootstrap 26
Run TT with 118 training and 59 tests
Run CD with 192 training and 97 tests
Run FKW with 76 training and 39 tests
Run KW with 97 training and 49 tests
Run LPLT with 42 training and 21 tests
Run RD with 150 training and 76 tests
Run WBD with 4 training and 3 tests
Run WSD with 144 training and 73 tests
Confusion Matrix 27.0
0.9153; 0.0169; 0.0169; 0.0000; 0.0000; 0.0000; 0.0000; 0.0508; 0.0000
0.1031; 0.6392; 0.0000; 0.0000; 0.0000; 0.0722; 0.1856; 0.0000; 0.0000
0.0000; 0.0000; 0.8718; 0.0256; 0.1026; 0.0000; 0.0000; 0.0000; 0.0000
0.0000; 0.0000; 0.1020; 0.4490; 0.4286; 0.0000; 0.0204; 0.0000; 0.0000
0.0000; 0.0000; 0.0952; 0.0476; 0.8571; 0.0000; 0.0000; 0.0000; 0.0000
0.0526; 0.2105; 0.0000; 0.0000; 0.0000; 0.4737; 0.0789; 0.1842; 0.0000
0.0000; 0.6667; 0.0000; 0.0000; 0.0000; 0.0000; 0.3333; 0.0000; 0.0000
0.0959; 0.0685; 0.0000; 0.0000; 0.0000; 0.3699; 0.0000; 0.4658; 0.0000
Bootstrap 27
Run TT with 118 training and 59 tests
Run CD with 192 training and 97 tests
Run FKW with 76 training and 39 tests
Run KW with 97 training and 49 tests
Run LPLT with 42 training and 21 tests
Run RD with 150 training and 76 tests
Run WBD with 4 training and 3 tests
Run WSD with 144 training and 73 tests
Confusion Matrix 28.0
0.3559; 0.3729; 0.0169; 0.0000; 0.0000; 0.1525; 0.0678; 0.0339; 0.0000
0.0309; 0.6701; 0.0000; 0.0000; 0.0000; 0.1031; 0.1959; 0.0000; 0.0000
0.0000; 0.0513; 0.8718; 0.0000; 0.0769; 0.0000; 0.0000; 0.0000; 0.0000
0.0000; 0.0000; 0.0204; 0.7347; 0.2449; 0.0000; 0.0000; 0.0000; 0.0000
0.0000; 0.0000; 0.0476; 0.0476; 0.8571; 0.0000; 0.0476; 0.0000; 0.0000
0.0000; 0.0132; 0.0000; 0.0000; 0.0000; 0.7368; 0.0000; 0.2500; 0.0000
0.0000; 0.6667; 0.0000; 0.0000; 0.0000; 0.0000; 0.3333; 0.0000; 0.0000
0.0685; 0.1096; 0.0000; 0.0000; 0.0000; 0.3014; 0.0137; 0.5068; 0.0000
Bootstrap 28
Run TT with 118 training and 59 tests
Run CD with 192 training and 97 tests
Run FKW with 76 training and 39 tests
Run KW with 97 training and 49 tests
Run LPLT with 42 training and 21 tests
Run RD with 150 training and 76 tests
Run WBD with 4 training and 3 tests
Run WSD with 144 training and 73 tests
Confusion Matrix 29.0
0.9492; 0.0000; 0.0169; 0.0000; 0.0000; 0.0000; 0.0000; 0.0339; 0.0000
0.1237; 0.4845; 0.0000; 0.0000; 0.0000; 0.0722; 0.3093; 0.0103; 0.0000
0.0000; 0.0256; 0.9744; 0.0000; 0.0000; 0.0000; 0.0000; 0.0000; 0.0000
0.0000; 0.0000; 0.0000; 0.8980; 0.1020; 0.0000; 0.0000; 0.0000; 0.0000
0.0000; 0.0000; 0.0000; 0.6190; 0.3810; 0.0000; 0.0000; 0.0000; 0.0000
0.0263; 0.0395; 0.0132; 0.0000; 0.0395; 0.5789; 0.0263; 0.2763; 0.0000
0.0000; 0.0000; 0.0000; 0.0000; 0.0000; 0.0000; 1.0000; 0.0000; 0.0000
0.1096; 0.0685; 0.0000; 0.0000; 0.0000; 0.2329; 0.0274; 0.5616; 0.0000
Bootstrap 29
Run TT with 118 training and 59 tests
Run CD with 192 training and 97 tests
Run FKW with 76 training and 39 tests
Run KW with 97 training and 49 tests
Run LPLT with 42 training and 21 tests
Run RD with 150 training and 76 tests
Run WBD with 4 training and 3 tests
Run WSD with 144 training and 73 tests
Confusion Matrix 30.0
0.6441; 0.1017; 0.0169; 0.0000; 0.0000; 0.0508; 0.0678; 0.1186; 0.0000
0.1340; 0.4227; 0.0000; 0.0000; 0.0000; 0.3299; 0.0412; 0.0722; 0.0000
0.0000; 0.0000; 0.8974; 0.0513; 0.0513; 0.0000; 0.0000; 0.0000; 0.0000
0.0000; 0.0000; 0.0408; 0.6327; 0.3265; 0.0000; 0.0000; 0.0000; 0.0000
0.0000; 0.0000; 0.0000; 0.0476; 0.9048; 0.0000; 0.0476; 0.0000; 0.0000
0.0000; 0.0132; 0.0000; 0.0000; 0.0000; 0.7500; 0.0000; 0.2368; 0.0000
0.0000; 0.6667; 0.0000; 0.0000; 0.0000; 0.0000; 0.3333; 0.0000; 0.0000
0.0685; 0.0411; 0.0000; 0.0000; 0.0000; 0.2877; 0.0137; 0.5890; 0.0000
Mean confusion
0.7011; 0.1429; 0.0232; 0.0000; 0.0011; 0.0446; 0.0316; 0.0554; 0.0000
0.0739; 0.5065; 0.0021; 0.0000; 0.0000; 0.1512; 0.2206; 0.0457; 0.0000
0.0000; 0.0154; 0.9333; 0.0111; 0.0316; 0.0026; 0.0060; 0.0000; 0.0000
0.0000; 0.0000; 0.0265; 0.7837; 0.1857; 0.0000; 0.0041; 0.0000; 0.0000
0.0000; 0.0000; 0.0238; 0.3730; 0.6000; 0.0000; 0.0032; 0.0000; 0.0000
0.0346; 0.0785; 0.0092; 0.0031; 0.0189; 0.6048; 0.0272; 0.2237; 0.0000
0.0000; 0.3000; 0.0000; 0.0000; 0.0000; 0.0000; 0.7000; 0.0000; 0.0000
0.0685; 0.0658; 0.0009; 0.0000; 0.0023; 0.3041; 0.0274; 0.5311; 0.0000
STD Confusion
0.2269; 0.1590; 0.0151; 0.0000; 0.0043; 0.0457; 0.0332; 0.0311; 0.0000
0.0432; 0.1062; 0.0042; 0.0000; 0.0000; 0.0928; 0.1242; 0.0374; 0.0000
0.0000; 0.0197; 0.0424; 0.0187; 0.0306; 0.0078; 0.0129; 0.0000; 0.0000
0.0000; 0.0000; 0.0279; 0.1047; 0.0901; 0.0000; 0.0083; 0.0000; 0.0000
0.0000; 0.0000; 0.0429; 0.2353; 0.2110; 0.0000; 0.0121; 0.0000; 0.0000
0.0402; 0.0768; 0.0170; 0.0082; 0.0267; 0.1267; 0.0318; 0.0803; 0.0000
0.0000; 0.2677; 0.0000; 0.0000; 0.0000; 0.0000; 0.2677; 0.0000; 0.0000
0.0216; 0.0265; 0.0035; 0.0000; 0.0052; 0.0404; 0.0148; 0.0474; 0.0000
Lower 95% CI
0.2881; 0.0000; 0.0000; 0.0000; 0.0000; 0.0000; 0.0000; 0.0169; 0.0000
0.0206; 0.2474; 0.0000; 0.0000; 0.0000; 0.0309; 0.0309; 0.0000; 0.0000
0.0000; 0.0000; 0.8205; 0.0000; 0.0000; 0.0000; 0.0000; 0.0000; 0.0000
0.0000; 0.0000; 0.0000; 0.4490; 0.0408; 0.0000; 0.0000; 0.0000; 0.0000
0.0000; 0.0000; 0.0000; 0.0476; 0.1905; 0.0000; 0.0000; 0.0000; 0.0000
0.0000; 0.0000; 0.0000; 0.0000; 0.0000; 0.4079; 0.0000; 0.0658; 0.0000
0.0000; 0.0000; 0.0000; 0.0000; 0.0000; 0.0000; 0.0000; 0.0000; 0.0000
0.0274; 0.0137; 0.0000; 0.0000; 0.0000; 0.2329; 0.0000; 0.4384; 0.0000
Upper 95% CI
0.9492; 0.4407; 0.0508; 0.0000; 0.0169; 0.1525; 0.1017; 0.1186; 0.0000
0.1856; 0.6701; 0.0103; 0.0000; 0.0000; 0.3299; 0.4330; 0.1443; 0.0000
0.0000; 0.0513; 1.0000; 0.0513; 0.1026; 0.0256; 0.0513; 0.0000; 0.0000
0.0000; 0.0000; 0.1020; 0.8980; 0.4286; 0.0000; 0.0204; 0.0000; 0.0000
0.0000; 0.0000; 0.1905; 0.8095; 0.9048; 0.0000; 0.0476; 0.0000; 0.0000
0.1184; 0.2105; 0.0789; 0.0263; 0.0921; 0.8289; 0.0789; 0.3816; 0.0000
0.0000; 1.0000; 0.0000; 0.0000; 0.0000; 0.0000; 1.0000; 0.0000; 0.0000
0.1096; 0.1233; 0.0137; 0.0000; 0.0137; 0.3699; 0.0685; 0.6164; 0.0000
Run TT with 177 training and 0 tests
Run CD with 289 training and 0 tests
Run FKW with 115 training and 0 tests
Run KW with 146 training and 0 tests
Run LPLT with 63 training and 0 tests
Run RD with 226 training and 0 tests
Run WBD with 7 training and 0 tests
Run WSD with 217 training and 0 tests