Total Bootstraps 30
Num Species 8
FragmentLength 30; Section Length 60
TT; CD; FKW; KW; LPLT; RD; WBD; WSD
Bootstrap 0
Run TT with 80 training and 41 tests
Run CD with 132 training and 66 tests
Run FKW with 56 training and 29 tests
Run KW with 64 training and 33 tests
Run LPLT with 28 training and 14 tests
Run RD with 98 training and 50 tests
Run WBD with 3 training and 2 tests
Run WSD with 94 training and 47 tests
Confusion Matrix 1.0
0.4146; 0.3902; 0.0244; 0.0000; 0.0000; 0.0488; 0.0244; 0.0976; 0.0000
0.0606; 0.5152; 0.0000; 0.0000; 0.0000; 0.2424; 0.0606; 0.1212; 0.0000
0.0000; 0.0345; 0.9310; 0.0000; 0.0345; 0.0000; 0.0000; 0.0000; 0.0000
0.0000; 0.0000; 0.0000; 0.9697; 0.0303; 0.0000; 0.0000; 0.0000; 0.0000
0.0000; 0.0000; 0.0000; 0.6429; 0.3571; 0.0000; 0.0000; 0.0000; 0.0000
0.0400; 0.2600; 0.0000; 0.0000; 0.0200; 0.3800; 0.0800; 0.2200; 0.0000
0.0000; 0.5000; 0.0000; 0.0000; 0.0000; 0.0000; 0.5000; 0.0000; 0.0000
0.0213; 0.0638; 0.0000; 0.0000; 0.0000; 0.3617; 0.0213; 0.5319; 0.0000
Bootstrap 1
Run TT with 80 training and 41 tests
Run CD with 132 training and 66 tests
Run FKW with 56 training and 29 tests
Run KW with 64 training and 33 tests
Run LPLT with 28 training and 14 tests
Run RD with 98 training and 50 tests
Run WBD with 3 training and 2 tests
Run WSD with 94 training and 47 tests
Confusion Matrix 2.0
0.5366; 0.2195; 0.0244; 0.0000; 0.0000; 0.0488; 0.0488; 0.1220; 0.0000
0.0455; 0.6667; 0.0000; 0.0000; 0.0000; 0.0758; 0.1818; 0.0303; 0.0000
0.0000; 0.0345; 0.8621; 0.0000; 0.1034; 0.0000; 0.0000; 0.0000; 0.0000
0.0000; 0.0000; 0.0000; 0.9394; 0.0606; 0.0000; 0.0000; 0.0000; 0.0000
0.0000; 0.0000; 0.0000; 0.8571; 0.1429; 0.0000; 0.0000; 0.0000; 0.0000
0.0000; 0.0400; 0.0000; 0.0000; 0.0000; 0.7400; 0.0000; 0.2200; 0.0000
0.0000; 1.0000; 0.0000; 0.0000; 0.0000; 0.0000; 0.0000; 0.0000; 0.0000
0.0426; 0.0426; 0.0000; 0.0000; 0.0000; 0.2766; 0.0213; 0.6170; 0.0000
Bootstrap 2
Run TT with 80 training and 41 tests
Run CD with 132 training and 66 tests
Run FKW with 56 training and 29 tests
Run KW with 64 training and 33 tests
Run LPLT with 28 training and 14 tests
Run RD with 98 training and 50 tests
Run WBD with 3 training and 2 tests
Run WSD with 94 training and 47 tests
Confusion Matrix 3.0
0.9024; 0.0000; 0.0244; 0.0000; 0.0000; 0.0244; 0.0000; 0.0488; 0.0000
0.1515; 0.3485; 0.0000; 0.0000; 0.0000; 0.3030; 0.0303; 0.1667; 0.0000
0.0000; 0.0345; 0.9655; 0.0000; 0.0000; 0.0000; 0.0000; 0.0000; 0.0000
0.0000; 0.0000; 0.1515; 0.6970; 0.1515; 0.0000; 0.0000; 0.0000; 0.0000
0.0000; 0.0000; 0.0000; 0.5714; 0.4286; 0.0000; 0.0000; 0.0000; 0.0000
0.0000; 0.0200; 0.0000; 0.0000; 0.0000; 0.5600; 0.0000; 0.4200; 0.0000
0.0000; 0.5000; 0.0000; 0.0000; 0.0000; 0.0000; 0.5000; 0.0000; 0.0000
0.0426; 0.0426; 0.0000; 0.0000; 0.0000; 0.2979; 0.0000; 0.6170; 0.0000
Bootstrap 3
Run TT with 80 training and 41 tests
Run CD with 132 training and 66 tests
Run FKW with 56 training and 29 tests
Run KW with 64 training and 33 tests
Run LPLT with 28 training and 14 tests
Run RD with 98 training and 50 tests
Run WBD with 3 training and 2 tests
Run WSD with 94 training and 47 tests
Confusion Matrix 4.0
0.8049; 0.0976; 0.0000; 0.0000; 0.0000; 0.0000; 0.0244; 0.0732; 0.0000
0.1515; 0.3788; 0.0000; 0.0000; 0.0000; 0.2424; 0.1515; 0.0758; 0.0000
0.0000; 0.0000; 0.9655; 0.0000; 0.0345; 0.0000; 0.0000; 0.0000; 0.0000
0.0000; 0.0000; 0.0606; 0.8788; 0.0606; 0.0000; 0.0000; 0.0000; 0.0000
0.0000; 0.0000; 0.0000; 0.0000; 1.0000; 0.0000; 0.0000; 0.0000; 0.0000
0.0600; 0.2200; 0.0000; 0.0000; 0.0000; 0.3800; 0.0600; 0.2800; 0.0000
0.0000; 0.0000; 0.0000; 0.0000; 0.0000; 0.0000; 1.0000; 0.0000; 0.0000
0.0213; 0.0638; 0.0000; 0.0000; 0.0000; 0.2979; 0.0426; 0.5745; 0.0000
Bootstrap 4
Run TT with 80 training and 41 tests
Run CD with 132 training and 66 tests
Run FKW with 56 training and 29 tests
Run KW with 64 training and 33 tests
Run LPLT with 28 training and 14 tests
Run RD with 98 training and 50 tests
Run WBD with 3 training and 2 tests
Run WSD with 94 training and 47 tests
Confusion Matrix 5.0
0.4390; 0.3171; 0.0244; 0.0000; 0.0000; 0.0976; 0.0732; 0.0488; 0.0000
0.0455; 0.3939; 0.0152; 0.0000; 0.0000; 0.2727; 0.1667; 0.1061; 0.0000
0.0000; 0.0690; 0.8966; 0.0000; 0.0345; 0.0000; 0.0000; 0.0000; 0.0000
0.0000; 0.0000; 0.0303; 0.7576; 0.2121; 0.0000; 0.0000; 0.0000; 0.0000
0.0000; 0.0000; 0.0000; 0.8571; 0.1429; 0.0000; 0.0000; 0.0000; 0.0000
0.0000; 0.0200; 0.0000; 0.0000; 0.0000; 0.6000; 0.0000; 0.3800; 0.0000
0.0000; 0.0000; 0.0000; 0.0000; 0.0000; 0.0000; 1.0000; 0.0000; 0.0000
0.0213; 0.0000; 0.0000; 0.0000; 0.0000; 0.2766; 0.0213; 0.6809; 0.0000
Bootstrap 5
Run TT with 80 training and 41 tests
Run CD with 132 training and 66 tests
Run FKW with 56 training and 29 tests
Run KW with 64 training and 33 tests
Run LPLT with 28 training and 14 tests
Run RD with 98 training and 50 tests
Run WBD with 3 training and 2 tests
Run WSD with 94 training and 47 tests
Confusion Matrix 6.0
0.7561; 0.0732; 0.0244; 0.0000; 0.0000; 0.0244; 0.0000; 0.1220; 0.0000
0.0606; 0.6061; 0.0000; 0.0000; 0.0000; 0.1212; 0.1515; 0.0606; 0.0000
0.0000; 0.0000; 1.0000; 0.0000; 0.0000; 0.0000; 0.0000; 0.0000; 0.0000
0.0000; 0.0000; 0.0606; 0.7273; 0.2121; 0.0000; 0.0000; 0.0000; 0.0000
0.0000; 0.0000; 0.0000; 0.1429; 0.8571; 0.0000; 0.0000; 0.0000; 0.0000
0.0800; 0.2200; 0.0200; 0.0000; 0.0400; 0.4800; 0.0600; 0.1000; 0.0000
0.0000; 0.0000; 0.0000; 0.0000; 0.0000; 0.0000; 1.0000; 0.0000; 0.0000
0.0426; 0.0426; 0.0000; 0.0000; 0.0000; 0.2340; 0.0000; 0.6809; 0.0000
Bootstrap 6
Run TT with 80 training and 41 tests
Run CD with 132 training and 66 tests
Run FKW with 56 training and 29 tests
Run KW with 64 training and 33 tests
Run LPLT with 28 training and 14 tests
Run RD with 98 training and 50 tests
Run WBD with 3 training and 2 tests
Run WSD with 94 training and 47 tests
Confusion Matrix 7.0
0.4146; 0.4390; 0.0244; 0.0000; 0.0000; 0.0000; 0.0976; 0.0244; 0.0000
0.0455; 0.5758; 0.0000; 0.0000; 0.0000; 0.0909; 0.2576; 0.0303; 0.0000
0.0000; 0.0345; 0.9310; 0.0000; 0.0345; 0.0000; 0.0000; 0.0000; 0.0000
0.0000; 0.0000; 0.0303; 0.8182; 0.1515; 0.0000; 0.0000; 0.0000; 0.0000
0.0000; 0.0000; 0.0000; 0.5000; 0.5000; 0.0000; 0.0000; 0.0000; 0.0000
0.0600; 0.2600; 0.0000; 0.0000; 0.0400; 0.3400; 0.1000; 0.2000; 0.0000
0.0000; 0.0000; 0.0000; 0.0000; 0.0000; 0.0000; 1.0000; 0.0000; 0.0000
0.0213; 0.0638; 0.0000; 0.0000; 0.0000; 0.2340; 0.0213; 0.6596; 0.0000
Bootstrap 7
Run TT with 80 training and 41 tests
Run CD with 132 training and 66 tests
Run FKW with 56 training and 29 tests
Run KW with 64 training and 33 tests
Run LPLT with 28 training and 14 tests
Run RD with 98 training and 50 tests
Run WBD with 3 training and 2 tests
Run WSD with 94 training and 47 tests
Confusion Matrix 8.0
0.7561; 0.1463; 0.0000; 0.0000; 0.0000; 0.0488; 0.0000; 0.0488; 0.0000
0.1061; 0.3636; 0.0152; 0.0000; 0.0000; 0.2879; 0.0606; 0.1667; 0.0000
0.0000; 0.0690; 0.8966; 0.0000; 0.0345; 0.0000; 0.0000; 0.0000; 0.0000
0.0000; 0.0000; 0.1212; 0.6667; 0.2121; 0.0000; 0.0000; 0.0000; 0.0000
0.0000; 0.0000; 0.0000; 0.5714; 0.4286; 0.0000; 0.0000; 0.0000; 0.0000
0.0000; 0.0000; 0.0000; 0.0000; 0.0000; 0.5600; 0.0000; 0.4400; 0.0000
0.0000; 1.0000; 0.0000; 0.0000; 0.0000; 0.0000; 0.0000; 0.0000; 0.0000
0.0213; 0.0000; 0.0000; 0.0000; 0.0000; 0.3404; 0.0000; 0.6383; 0.0000
Bootstrap 8
Run TT with 80 training and 41 tests
Run CD with 132 training and 66 tests
Run FKW with 56 training and 29 tests
Run KW with 64 training and 33 tests
Run LPLT with 28 training and 14 tests
Run RD with 98 training and 50 tests
Run WBD with 3 training and 2 tests
Run WSD with 94 training and 47 tests
Confusion Matrix 9.0
0.3902; 0.4878; 0.0244; 0.0000; 0.0000; 0.0488; 0.0244; 0.0244; 0.0000
0.0758; 0.4848; 0.0152; 0.0000; 0.0000; 0.2879; 0.0455; 0.0909; 0.0000
0.0000; 0.0690; 0.9310; 0.0000; 0.0000; 0.0000; 0.0000; 0.0000; 0.0000
0.0000; 0.0000; 0.0303; 0.6667; 0.3030; 0.0000; 0.0000; 0.0000; 0.0000
0.0000; 0.0000; 0.0714; 0.2857; 0.6429; 0.0000; 0.0000; 0.0000; 0.0000
0.0200; 0.2400; 0.0400; 0.0000; 0.0200; 0.3800; 0.0600; 0.2400; 0.0000
0.0000; 0.5000; 0.0000; 0.0000; 0.0000; 0.0000; 0.5000; 0.0000; 0.0000
0.1064; 0.0638; 0.0000; 0.0000; 0.0000; 0.2553; 0.0213; 0.5532; 0.0000
Bootstrap 9
Run TT with 80 training and 41 tests
Run CD with 132 training and 66 tests
Run FKW with 56 training and 29 tests
Run KW with 64 training and 33 tests
Run LPLT with 28 training and 14 tests
Run RD with 98 training and 50 tests
Run WBD with 3 training and 2 tests
Run WSD with 94 training and 47 tests
Confusion Matrix 10.0
0.4878; 0.2195; 0.0732; 0.0000; 0.0000; 0.0732; 0.0976; 0.0488; 0.0000
0.1212; 0.4091; 0.0152; 0.0000; 0.0000; 0.2424; 0.0758; 0.1364; 0.0000
0.0000; 0.0345; 0.9655; 0.0000; 0.0000; 0.0000; 0.0000; 0.0000; 0.0000
0.0000; 0.0000; 0.0909; 0.6364; 0.2727; 0.0000; 0.0000; 0.0000; 0.0000
0.0000; 0.0000; 0.0000; 0.2143; 0.7857; 0.0000; 0.0000; 0.0000; 0.0000
0.0400; 0.2600; 0.0000; 0.0000; 0.0000; 0.3000; 0.0400; 0.3600; 0.0000
0.0000; 0.0000; 0.0000; 0.0000; 0.0000; 0.0000; 1.0000; 0.0000; 0.0000
0.0000; 0.0426; 0.0000; 0.0000; 0.0000; 0.2766; 0.0000; 0.6809; 0.0000
Bootstrap 10
Run TT with 80 training and 41 tests
Run CD with 132 training and 66 tests
Run FKW with 56 training and 29 tests
Run KW with 64 training and 33 tests
Run LPLT with 28 training and 14 tests
Run RD with 98 training and 50 tests
Run WBD with 3 training and 2 tests
Run WSD with 94 training and 47 tests
Confusion Matrix 11.0
0.4390; 0.3902; 0.0000; 0.0000; 0.0000; 0.0976; 0.0244; 0.0488; 0.0000
0.0909; 0.4545; 0.0152; 0.0000; 0.0000; 0.2273; 0.0758; 0.1364; 0.0000
0.0000; 0.0000; 1.0000; 0.0000; 0.0000; 0.0000; 0.0000; 0.0000; 0.0000
0.0000; 0.0000; 0.0303; 0.7576; 0.2121; 0.0000; 0.0000; 0.0000; 0.0000
0.0000; 0.0000; 0.0000; 0.7143; 0.2857; 0.0000; 0.0000; 0.0000; 0.0000
0.0000; 0.0000; 0.0000; 0.0000; 0.0000; 0.6800; 0.0000; 0.3200; 0.0000
0.0000; 0.5000; 0.0000; 0.0000; 0.0000; 0.0000; 0.5000; 0.0000; 0.0000
0.0213; 0.0426; 0.0000; 0.0000; 0.0000; 0.3404; 0.0000; 0.5957; 0.0000
Bootstrap 11
Run TT with 80 training and 41 tests
Run CD with 132 training and 66 tests
Run FKW with 56 training and 29 tests
Run KW with 64 training and 33 tests
Run LPLT with 28 training and 14 tests
Run RD with 98 training and 50 tests
Run WBD with 3 training and 2 tests
Run WSD with 94 training and 47 tests
Confusion Matrix 12.0
0.8780; 0.0244; 0.0244; 0.0000; 0.0000; 0.0000; 0.0488; 0.0244; 0.0000
0.0303; 0.6818; 0.0000; 0.0000; 0.0000; 0.0455; 0.2121; 0.0303; 0.0000
0.0000; 0.0345; 0.9310; 0.0000; 0.0345; 0.0000; 0.0000; 0.0000; 0.0000
0.0000; 0.0000; 0.0606; 0.7273; 0.2121; 0.0000; 0.0000; 0.0000; 0.0000
0.0000; 0.0000; 0.0000; 0.7857; 0.2143; 0.0000; 0.0000; 0.0000; 0.0000
0.0000; 0.0000; 0.0000; 0.0000; 0.0000; 0.6000; 0.0000; 0.4000; 0.0000
0.0000; 1.0000; 0.0000; 0.0000; 0.0000; 0.0000; 0.0000; 0.0000; 0.0000
0.0213; 0.0638; 0.0000; 0.0000; 0.0000; 0.1702; 0.0000; 0.7447; 0.0000
Bootstrap 12
Run TT with 80 training and 41 tests
Run CD with 132 training and 66 tests
Run FKW with 56 training and 29 tests
Run KW with 64 training and 33 tests
Run LPLT with 28 training and 14 tests
Run RD with 98 training and 50 tests
Run WBD with 3 training and 2 tests
Run WSD with 94 training and 47 tests
Confusion Matrix 13.0
0.8537; 0.0244; 0.0000; 0.0000; 0.0000; 0.0488; 0.0488; 0.0244; 0.0000
0.0606; 0.7576; 0.0000; 0.0000; 0.0000; 0.0303; 0.1515; 0.0000; 0.0000
0.0000; 0.0000; 0.9310; 0.0345; 0.0345; 0.0000; 0.0000; 0.0000; 0.0000
0.0000; 0.0000; 0.0303; 0.9394; 0.0303; 0.0000; 0.0000; 0.0000; 0.0000
0.0000; 0.0000; 0.0000; 0.7143; 0.2857; 0.0000; 0.0000; 0.0000; 0.0000
0.0600; 0.1400; 0.0400; 0.0200; 0.0200; 0.4200; 0.0800; 0.2200; 0.0000
0.0000; 0.5000; 0.0000; 0.0000; 0.0000; 0.0000; 0.5000; 0.0000; 0.0000
0.0213; 0.1702; 0.0000; 0.0000; 0.0000; 0.3191; 0.0000; 0.4894; 0.0000
Bootstrap 13
Run TT with 80 training and 41 tests
Run CD with 132 training and 66 tests
Run FKW with 56 training and 29 tests
Run KW with 64 training and 33 tests
Run LPLT with 28 training and 14 tests
Run RD with 98 training and 50 tests
Run WBD with 3 training and 2 tests
Run WSD with 94 training and 47 tests
Confusion Matrix 14.0
0.8537; 0.0244; 0.0244; 0.0000; 0.0000; 0.0000; 0.0244; 0.0732; 0.0000
0.0303; 0.6970; 0.0000; 0.0000; 0.0000; 0.1515; 0.0758; 0.0455; 0.0000
0.0000; 0.0345; 0.9655; 0.0000; 0.0000; 0.0000; 0.0000; 0.0000; 0.0000
0.0000; 0.0000; 0.0000; 0.9091; 0.0909; 0.0000; 0.0000; 0.0000; 0.0000
0.0000; 0.0000; 0.0714; 0.2143; 0.7143; 0.0000; 0.0000; 0.0000; 0.0000
0.0000; 0.0200; 0.0000; 0.0000; 0.0000; 0.6800; 0.0000; 0.3000; 0.0000
0.0000; 0.0000; 0.0000; 0.0000; 0.0000; 0.5000; 0.5000; 0.0000; 0.0000
0.0426; 0.0213; 0.0000; 0.0000; 0.0000; 0.2766; 0.0213; 0.6383; 0.0000
Bootstrap 14
Run TT with 80 training and 41 tests
Run CD with 132 training and 66 tests
Run FKW with 56 training and 29 tests
Run KW with 64 training and 33 tests
Run LPLT with 28 training and 14 tests
Run RD with 98 training and 50 tests
Run WBD with 3 training and 2 tests
Run WSD with 94 training and 47 tests
Confusion Matrix 15.0
0.6341; 0.2439; 0.0000; 0.0000; 0.0000; 0.0732; 0.0244; 0.0244; 0.0000
0.0000; 0.5152; 0.0000; 0.0000; 0.0000; 0.1212; 0.3333; 0.0303; 0.0000
0.0000; 0.0000; 1.0000; 0.0000; 0.0000; 0.0000; 0.0000; 0.0000; 0.0000
0.0000; 0.0000; 0.0000; 0.8788; 0.1212; 0.0000; 0.0000; 0.0000; 0.0000
0.0000; 0.0000; 0.0000; 0.0714; 0.9286; 0.0000; 0.0000; 0.0000; 0.0000
0.0000; 0.0200; 0.0000; 0.0000; 0.0000; 0.7600; 0.0000; 0.2200; 0.0000
0.0000; 0.5000; 0.0000; 0.0000; 0.0000; 0.0000; 0.5000; 0.0000; 0.0000
0.0213; 0.0851; 0.0000; 0.0000; 0.0000; 0.2979; 0.0426; 0.5532; 0.0000
Bootstrap 15
Run TT with 80 training and 41 tests
Run CD with 132 training and 66 tests
Run FKW with 56 training and 29 tests
Run KW with 64 training and 33 tests
Run LPLT with 28 training and 14 tests
Run RD with 98 training and 50 tests
Run WBD with 3 training and 2 tests
Run WSD with 94 training and 47 tests
Confusion Matrix 16.0
0.7805; 0.0976; 0.0244; 0.0000; 0.0000; 0.0000; 0.0244; 0.0732; 0.0000
0.0606; 0.5455; 0.0000; 0.0000; 0.0000; 0.0152; 0.3333; 0.0455; 0.0000
0.0000; 0.0000; 1.0000; 0.0000; 0.0000; 0.0000; 0.0000; 0.0000; 0.0000
0.0000; 0.0000; 0.0000; 0.9697; 0.0303; 0.0000; 0.0000; 0.0000; 0.0000
0.0000; 0.0000; 0.0000; 0.6429; 0.3571; 0.0000; 0.0000; 0.0000; 0.0000
0.1000; 0.2000; 0.0400; 0.0000; 0.0400; 0.5200; 0.0600; 0.0400; 0.0000
0.0000; 0.0000; 0.0000; 0.0000; 0.0000; 0.0000; 1.0000; 0.0000; 0.0000
0.0638; 0.0426; 0.0000; 0.0000; 0.0000; 0.2766; 0.0426; 0.5745; 0.0000
Bootstrap 16
Run TT with 80 training and 41 tests
Run CD with 132 training and 66 tests
Run FKW with 56 training and 29 tests
Run KW with 64 training and 33 tests
Run LPLT with 28 training and 14 tests
Run RD with 98 training and 50 tests
Run WBD with 3 training and 2 tests
Run WSD with 94 training and 47 tests
Confusion Matrix 17.0
0.4146; 0.4146; 0.0244; 0.0000; 0.0000; 0.0732; 0.0488; 0.0244; 0.0000
0.0152; 0.6212; 0.0000; 0.0000; 0.0000; 0.1515; 0.1212; 0.0909; 0.0000
0.0000; 0.0000; 0.9655; 0.0000; 0.0345; 0.0000; 0.0000; 0.0000; 0.0000
0.0000; 0.0000; 0.0303; 0.8182; 0.1515; 0.0000; 0.0000; 0.0000; 0.0000
0.0000; 0.0000; 0.0000; 0.0714; 0.9286; 0.0000; 0.0000; 0.0000; 0.0000
0.0000; 0.0200; 0.0000; 0.0000; 0.0000; 0.5400; 0.0000; 0.4400; 0.0000
0.0000; 1.0000; 0.0000; 0.0000; 0.0000; 0.0000; 0.0000; 0.0000; 0.0000
0.0000; 0.0638; 0.0000; 0.0000; 0.0000; 0.3191; 0.0000; 0.6170; 0.0000
Bootstrap 17
Run TT with 80 training and 41 tests
Run CD with 132 training and 66 tests
Run FKW with 56 training and 29 tests
Run KW with 64 training and 33 tests
Run LPLT with 28 training and 14 tests
Run RD with 98 training and 50 tests
Run WBD with 3 training and 2 tests
Run WSD with 94 training and 47 tests
Confusion Matrix 18.0
0.5610; 0.1707; 0.0732; 0.0000; 0.0000; 0.0488; 0.0732; 0.0732; 0.0000
0.0758; 0.5303; 0.0152; 0.0000; 0.0000; 0.1818; 0.0758; 0.1212; 0.0000
0.0000; 0.0000; 0.9655; 0.0000; 0.0345; 0.0000; 0.0000; 0.0000; 0.0000
0.0000; 0.0000; 0.0303; 0.9697; 0.0000; 0.0000; 0.0000; 0.0000; 0.0000
0.0000; 0.0000; 0.0000; 0.4286; 0.5714; 0.0000; 0.0000; 0.0000; 0.0000
0.0000; 0.0200; 0.0000; 0.0000; 0.0000; 0.6200; 0.0000; 0.3600; 0.0000
0.0000; 0.0000; 0.0000; 0.0000; 0.0000; 0.0000; 1.0000; 0.0000; 0.0000
0.0426; 0.0426; 0.0000; 0.0000; 0.0000; 0.2553; 0.0213; 0.6383; 0.0000
Bootstrap 18
Run TT with 80 training and 41 tests
Run CD with 132 training and 66 tests
Run FKW with 56 training and 29 tests
Run KW with 64 training and 33 tests
Run LPLT with 28 training and 14 tests
Run RD with 98 training and 50 tests
Run WBD with 3 training and 2 tests
Run WSD with 94 training and 47 tests
Confusion Matrix 19.0
0.8780; 0.0000; 0.0000; 0.0000; 0.0000; 0.0488; 0.0488; 0.0244; 0.0000
0.0152; 0.5152; 0.0000; 0.0000; 0.0000; 0.1515; 0.2424; 0.0758; 0.0000
0.0000; 0.0345; 0.8966; 0.0000; 0.0690; 0.0000; 0.0000; 0.0000; 0.0000
0.0000; 0.0000; 0.0606; 0.7879; 0.1515; 0.0000; 0.0000; 0.0000; 0.0000
0.0000; 0.0000; 0.0000; 0.5000; 0.5000; 0.0000; 0.0000; 0.0000; 0.0000
0.0000; 0.0000; 0.0000; 0.0000; 0.0000; 0.6600; 0.0000; 0.3400; 0.0000
0.0000; 0.5000; 0.0000; 0.0000; 0.0000; 0.0000; 0.5000; 0.0000; 0.0000
0.0213; 0.0000; 0.0000; 0.0000; 0.0000; 0.2766; 0.0000; 0.7021; 0.0000
Bootstrap 19
Run TT with 80 training and 41 tests
Run CD with 132 training and 66 tests
Run FKW with 56 training and 29 tests
Run KW with 64 training and 33 tests
Run LPLT with 28 training and 14 tests
Run RD with 98 training and 50 tests
Run WBD with 3 training and 2 tests
Run WSD with 94 training and 47 tests
Confusion Matrix 20.0
0.4146; 0.4634; 0.0244; 0.0000; 0.0000; 0.0488; 0.0244; 0.0244; 0.0000
0.0000; 0.6212; 0.0000; 0.0000; 0.0000; 0.0303; 0.2576; 0.0909; 0.0000
0.0000; 0.0000; 0.8966; 0.0000; 0.1034; 0.0000; 0.0000; 0.0000; 0.0000
0.0000; 0.0000; 0.1212; 0.7273; 0.1515; 0.0000; 0.0000; 0.0000; 0.0000
0.0000; 0.0000; 0.0000; 0.7857; 0.2143; 0.0000; 0.0000; 0.0000; 0.0000
0.0800; 0.2800; 0.0200; 0.0200; 0.0200; 0.4200; 0.0600; 0.1000; 0.0000
0.0000; 0.5000; 0.0000; 0.0000; 0.0000; 0.0000; 0.5000; 0.0000; 0.0000
0.0426; 0.0638; 0.0000; 0.0000; 0.0000; 0.2340; 0.0213; 0.6383; 0.0000
Bootstrap 20
Run TT with 80 training and 41 tests
Run CD with 132 training and 66 tests
Run FKW with 56 training and 29 tests
Run KW with 64 training and 33 tests
Run LPLT with 28 training and 14 tests
Run RD with 98 training and 50 tests
Run WBD with 3 training and 2 tests
Run WSD with 94 training and 47 tests
Confusion Matrix 21.0
0.4878; 0.3171; 0.0244; 0.0000; 0.0000; 0.0488; 0.0732; 0.0488; 0.0000
0.0152; 0.5455; 0.0000; 0.0000; 0.0000; 0.1364; 0.2727; 0.0303; 0.0000
0.0000; 0.0345; 0.9655; 0.0000; 0.0000; 0.0000; 0.0000; 0.0000; 0.0000
0.0000; 0.0000; 0.0000; 0.8788; 0.1212; 0.0000; 0.0000; 0.0000; 0.0000
0.0000; 0.0000; 0.0000; 0.4286; 0.5714; 0.0000; 0.0000; 0.0000; 0.0000
0.0000; 0.1000; 0.0000; 0.0000; 0.0000; 0.6200; 0.0000; 0.2800; 0.0000
0.0000; 1.0000; 0.0000; 0.0000; 0.0000; 0.0000; 0.0000; 0.0000; 0.0000
0.0000; 0.1277; 0.0000; 0.0000; 0.0000; 0.2553; 0.0213; 0.5957; 0.0000
Bootstrap 21
Run TT with 80 training and 41 tests
Run CD with 132 training and 66 tests
Run FKW with 56 training and 29 tests
Run KW with 64 training and 33 tests
Run LPLT with 28 training and 14 tests
Run RD with 98 training and 50 tests
Run WBD with 3 training and 2 tests
Run WSD with 94 training and 47 tests
Confusion Matrix 22.0
0.3902; 0.3415; 0.0488; 0.0000; 0.0000; 0.0244; 0.1707; 0.0244; 0.0000
0.0152; 0.6818; 0.0000; 0.0000; 0.0000; 0.0455; 0.2273; 0.0303; 0.0000
0.0000; 0.0345; 0.9655; 0.0000; 0.0000; 0.0000; 0.0000; 0.0000; 0.0000
0.0000; 0.0000; 0.0000; 0.9394; 0.0606; 0.0000; 0.0000; 0.0000; 0.0000
0.0000; 0.0000; 0.0000; 0.2857; 0.7143; 0.0000; 0.0000; 0.0000; 0.0000
0.0000; 0.3600; 0.0000; 0.0000; 0.0000; 0.3800; 0.0200; 0.2400; 0.0000
0.0000; 0.0000; 0.0000; 0.0000; 0.0000; 0.0000; 1.0000; 0.0000; 0.0000
0.0213; 0.0426; 0.0000; 0.0000; 0.0000; 0.2553; 0.0426; 0.6383; 0.0000
Bootstrap 22
Run TT with 80 training and 41 tests
Run CD with 132 training and 66 tests
Run FKW with 56 training and 29 tests
Run KW with 64 training and 33 tests
Run LPLT with 28 training and 14 tests
Run RD with 98 training and 50 tests
Run WBD with 3 training and 2 tests
Run WSD with 94 training and 47 tests
Confusion Matrix 23.0
0.4146; 0.4390; 0.0244; 0.0000; 0.0000; 0.0732; 0.0244; 0.0244; 0.0000
0.0606; 0.4545; 0.0000; 0.0000; 0.0000; 0.2879; 0.0909; 0.1061; 0.0000
0.0000; 0.0000; 0.9310; 0.0000; 0.0690; 0.0000; 0.0000; 0.0000; 0.0000
0.0000; 0.0000; 0.0606; 0.8788; 0.0606; 0.0000; 0.0000; 0.0000; 0.0000
0.0000; 0.0000; 0.0000; 0.2143; 0.7857; 0.0000; 0.0000; 0.0000; 0.0000
0.0400; 0.2600; 0.0000; 0.0200; 0.0200; 0.5000; 0.0600; 0.1000; 0.0000
0.0000; 1.0000; 0.0000; 0.0000; 0.0000; 0.0000; 0.0000; 0.0000; 0.0000
0.0213; 0.0426; 0.0000; 0.0000; 0.0000; 0.2340; 0.0000; 0.7021; 0.0000
Bootstrap 23
Run TT with 80 training and 41 tests
Run CD with 132 training and 66 tests
Run FKW with 56 training and 29 tests
Run KW with 64 training and 33 tests
Run LPLT with 28 training and 14 tests
Run RD with 98 training and 50 tests
Run WBD with 3 training and 2 tests
Run WSD with 94 training and 47 tests
Confusion Matrix 24.0
0.8537; 0.0000; 0.0488; 0.0000; 0.0000; 0.0244; 0.0244; 0.0488; 0.0000
0.0000; 0.5455; 0.0000; 0.0000; 0.0000; 0.0909; 0.3333; 0.0303; 0.0000
0.0000; 0.0000; 0.9655; 0.0345; 0.0000; 0.0000; 0.0000; 0.0000; 0.0000
0.0000; 0.0000; 0.0606; 0.8182; 0.1212; 0.0000; 0.0000; 0.0000; 0.0000
0.0000; 0.0000; 0.0000; 0.5000; 0.5000; 0.0000; 0.0000; 0.0000; 0.0000
0.0000; 0.0000; 0.0000; 0.0000; 0.0000; 0.6800; 0.0200; 0.3000; 0.0000
0.0000; 0.5000; 0.0000; 0.0000; 0.0000; 0.0000; 0.5000; 0.0000; 0.0000
0.0213; 0.0213; 0.0000; 0.0000; 0.0000; 0.1915; 0.0426; 0.7234; 0.0000
Bootstrap 24
Run TT with 80 training and 41 tests
Run CD with 132 training and 66 tests
Run FKW with 56 training and 29 tests
Run KW with 64 training and 33 tests
Run LPLT with 28 training and 14 tests
Run RD with 98 training and 50 tests
Run WBD with 3 training and 2 tests
Run WSD with 94 training and 47 tests
Confusion Matrix 25.0
0.4390; 0.2927; 0.0488; 0.0000; 0.0000; 0.0488; 0.0976; 0.0732; 0.0000
0.0303; 0.4545; 0.0000; 0.0000; 0.0000; 0.0606; 0.4242; 0.0303; 0.0000
0.0000; 0.0345; 0.8966; 0.0000; 0.0690; 0.0000; 0.0000; 0.0000; 0.0000
0.0000; 0.0000; 0.0000; 0.8485; 0.1515; 0.0000; 0.0000; 0.0000; 0.0000
0.0000; 0.0000; 0.1429; 0.1429; 0.7143; 0.0000; 0.0000; 0.0000; 0.0000
0.0000; 0.0200; 0.0000; 0.0000; 0.0000; 0.5800; 0.0000; 0.4000; 0.0000
0.0000; 0.0000; 0.0000; 0.0000; 0.0000; 0.0000; 1.0000; 0.0000; 0.0000
0.0000; 0.0638; 0.0000; 0.0000; 0.0000; 0.3404; 0.0213; 0.5745; 0.0000
Bootstrap 25
Run TT with 80 training and 41 tests
Run CD with 132 training and 66 tests
Run FKW with 56 training and 29 tests
Run KW with 64 training and 33 tests
Run LPLT with 28 training and 14 tests
Run RD with 98 training and 50 tests
Run WBD with 3 training and 2 tests
Run WSD with 94 training and 47 tests
Confusion Matrix 26.0
0.7073; 0.1463; 0.0000; 0.0000; 0.0000; 0.0488; 0.0488; 0.0488; 0.0000
0.1515; 0.3939; 0.0000; 0.0000; 0.0000; 0.3030; 0.0303; 0.1212; 0.0000
0.0000; 0.0000; 0.9310; 0.0345; 0.0345; 0.0000; 0.0000; 0.0000; 0.0000
0.0000; 0.0000; 0.0000; 1.0000; 0.0000; 0.0000; 0.0000; 0.0000; 0.0000
0.0000; 0.0000; 0.0000; 0.7143; 0.2857; 0.0000; 0.0000; 0.0000; 0.0000
0.1000; 0.1200; 0.0200; 0.0200; 0.0200; 0.5000; 0.0600; 0.1600; 0.0000
0.0000; 0.0000; 0.0000; 0.0000; 0.0000; 0.0000; 1.0000; 0.0000; 0.0000
0.0426; 0.0638; 0.0000; 0.0000; 0.0000; 0.2553; 0.0000; 0.6383; 0.0000
Bootstrap 26
Run TT with 80 training and 41 tests
Run CD with 132 training and 66 tests
Run FKW with 56 training and 29 tests
Run KW with 64 training and 33 tests
Run LPLT with 28 training and 14 tests
Run RD with 98 training and 50 tests
Run WBD with 3 training and 2 tests
Run WSD with 94 training and 47 tests
Confusion Matrix 27.0
0.8049; 0.0732; 0.0488; 0.0000; 0.0000; 0.0244; 0.0000; 0.0488; 0.0000
0.0909; 0.4091; 0.0000; 0.0000; 0.0000; 0.2727; 0.0909; 0.1364; 0.0000
0.0000; 0.0345; 0.9655; 0.0000; 0.0000; 0.0000; 0.0000; 0.0000; 0.0000
0.0000; 0.0000; 0.0000; 0.7879; 0.2121; 0.0000; 0.0000; 0.0000; 0.0000
0.0000; 0.0000; 0.0000; 0.4286; 0.5714; 0.0000; 0.0000; 0.0000; 0.0000
0.0600; 0.2400; 0.0200; 0.0200; 0.0200; 0.4400; 0.0400; 0.1600; 0.0000
0.0000; 0.5000; 0.0000; 0.0000; 0.0000; 0.0000; 0.5000; 0.0000; 0.0000
0.0638; 0.0638; 0.0000; 0.0000; 0.0000; 0.2553; 0.0426; 0.5745; 0.0000
Bootstrap 27
Run TT with 80 training and 41 tests
Run CD with 132 training and 66 tests
Run FKW with 56 training and 29 tests
Run KW with 64 training and 33 tests
Run LPLT with 28 training and 14 tests
Run RD with 98 training and 50 tests
Run WBD with 3 training and 2 tests
Run WSD with 94 training and 47 tests
Confusion Matrix 28.0
0.6585; 0.1707; 0.0000; 0.0000; 0.0000; 0.0732; 0.0488; 0.0488; 0.0000
0.0606; 0.4697; 0.0000; 0.0000; 0.0000; 0.2576; 0.0455; 0.1667; 0.0000
0.0000; 0.0000; 0.9655; 0.0345; 0.0000; 0.0000; 0.0000; 0.0000; 0.0000
0.0000; 0.0000; 0.1515; 0.6970; 0.1515; 0.0000; 0.0000; 0.0000; 0.0000
0.0000; 0.0000; 0.0000; 0.2857; 0.7143; 0.0000; 0.0000; 0.0000; 0.0000
0.0000; 0.0400; 0.0000; 0.0000; 0.0000; 0.6200; 0.0000; 0.3400; 0.0000
0.0000; 0.0000; 0.0000; 0.0000; 0.0000; 0.0000; 1.0000; 0.0000; 0.0000
0.0851; 0.0638; 0.0000; 0.0000; 0.0000; 0.2766; 0.0426; 0.5319; 0.0000
Bootstrap 28
Run TT with 80 training and 41 tests
Run CD with 132 training and 66 tests
Run FKW with 56 training and 29 tests
Run KW with 64 training and 33 tests
Run LPLT with 28 training and 14 tests
Run RD with 98 training and 50 tests
Run WBD with 3 training and 2 tests
Run WSD with 94 training and 47 tests
Confusion Matrix 29.0
0.6098; 0.2683; 0.0244; 0.0000; 0.0000; 0.0732; 0.0244; 0.0000; 0.0000
0.1212; 0.4394; 0.0000; 0.0000; 0.0000; 0.2727; 0.0455; 0.1212; 0.0000
0.0000; 0.0345; 0.9310; 0.0000; 0.0345; 0.0000; 0.0000; 0.0000; 0.0000
0.0000; 0.0000; 0.0000; 1.0000; 0.0000; 0.0000; 0.0000; 0.0000; 0.0000
0.0000; 0.0000; 0.0000; 0.8571; 0.1429; 0.0000; 0.0000; 0.0000; 0.0000
0.0200; 0.2000; 0.0000; 0.0000; 0.0000; 0.4600; 0.0000; 0.3200; 0.0000
0.0000; 0.0000; 0.0000; 0.0000; 0.0000; 0.0000; 1.0000; 0.0000; 0.0000
0.0426; 0.0426; 0.0000; 0.0000; 0.0000; 0.3191; 0.0000; 0.5957; 0.0000
Bootstrap 29
Run TT with 80 training and 41 tests
Run CD with 132 training and 66 tests
Run FKW with 56 training and 29 tests
Run KW with 64 training and 33 tests
Run LPLT with 28 training and 14 tests
Run RD with 98 training and 50 tests
Run WBD with 3 training and 2 tests
Run WSD with 94 training and 47 tests
Confusion Matrix 30.0
0.7073; 0.2195; 0.0244; 0.0000; 0.0000; 0.0244; 0.0000; 0.0244; 0.0000
0.0455; 0.7273; 0.0000; 0.0000; 0.0000; 0.0152; 0.2121; 0.0000; 0.0000
0.0000; 0.0345; 0.9655; 0.0000; 0.0000; 0.0000; 0.0000; 0.0000; 0.0000
0.0000; 0.0000; 0.0000; 0.8788; 0.1212; 0.0000; 0.0000; 0.0000; 0.0000
0.0000; 0.0000; 0.0000; 0.1429; 0.8571; 0.0000; 0.0000; 0.0000; 0.0000
0.0800; 0.2600; 0.0200; 0.0200; 0.0200; 0.5000; 0.0600; 0.0400; 0.0000
0.0000; 0.0000; 0.0000; 0.0000; 0.0000; 0.0000; 1.0000; 0.0000; 0.0000
0.0426; 0.1489; 0.0000; 0.0000; 0.0000; 0.2340; 0.0000; 0.5745; 0.0000
Mean confusion
0.6228; 0.2171; 0.0244; 0.0000; 0.0000; 0.0439; 0.0431; 0.0488; 0.0000
0.0611; 0.5268; 0.0030; 0.0000; 0.0000; 0.1672; 0.1611; 0.0808; 0.0000
0.0000; 0.0230; 0.9460; 0.0046; 0.0264; 0.0000; 0.0000; 0.0000; 0.0000
0.0000; 0.0000; 0.0404; 0.8323; 0.1273; 0.0000; 0.0000; 0.0000; 0.0000
0.0000; 0.0000; 0.0095; 0.4524; 0.5381; 0.0000; 0.0000; 0.0000; 0.0000
0.0280; 0.1280; 0.0073; 0.0040; 0.0093; 0.5300; 0.0287; 0.2647; 0.0000
0.0000; 0.3667; 0.0000; 0.0000; 0.0000; 0.0167; 0.6167; 0.0000; 0.0000
0.0326; 0.0567; 0.0000; 0.0000; 0.0000; 0.2745; 0.0170; 0.6191; 0.0000
STD Confusion
0.1843; 0.1568; 0.0203; 0.0000; 0.0000; 0.0282; 0.0377; 0.0294; 0.0000
0.0453; 0.1159; 0.0062; 0.0000; 0.0000; 0.1006; 0.1085; 0.0512; 0.0000
0.0000; 0.0228; 0.0359; 0.0119; 0.0310; 0.0000; 0.0000; 0.0000; 0.0000
0.0000; 0.0000; 0.0466; 0.1087; 0.0821; 0.0000; 0.0000; 0.0000; 0.0000
0.0000; 0.0000; 0.0310; 0.2668; 0.2591; 0.0000; 0.0000; 0.0000; 0.0000
0.0351; 0.1169; 0.0134; 0.0081; 0.0136; 0.1234; 0.0327; 0.1162; 0.0000
0.0000; 0.3925; 0.0000; 0.0000; 0.0000; 0.0913; 0.3869; 0.0000; 0.0000
0.0242; 0.0380; 0.0000; 0.0000; 0.0000; 0.0441; 0.0171; 0.0610; 0.0000
Lower 95% CI
0.3902; 0.0000; 0.0000; 0.0000; 0.0000; 0.0000; 0.0000; 0.0000; 0.0000
0.0000; 0.3485; 0.0000; 0.0000; 0.0000; 0.0152; 0.0303; 0.0000; 0.0000
0.0000; 0.0000; 0.8621; 0.0000; 0.0000; 0.0000; 0.0000; 0.0000; 0.0000
0.0000; 0.0000; 0.0000; 0.6364; 0.0000; 0.0000; 0.0000; 0.0000; 0.0000
0.0000; 0.0000; 0.0000; 0.0000; 0.1429; 0.0000; 0.0000; 0.0000; 0.0000
0.0000; 0.0000; 0.0000; 0.0000; 0.0000; 0.3000; 0.0000; 0.0400; 0.0000
0.0000; 0.0000; 0.0000; 0.0000; 0.0000; 0.0000; 0.0000; 0.0000; 0.0000
0.0000; 0.0000; 0.0000; 0.0000; 0.0000; 0.1702; 0.0000; 0.4894; 0.0000
Upper 95% CI
0.9024; 0.4878; 0.0732; 0.0000; 0.0000; 0.0976; 0.1707; 0.1220; 0.0000
0.1515; 0.7576; 0.0152; 0.0000; 0.0000; 0.3030; 0.4242; 0.1667; 0.0000
0.0000; 0.0690; 1.0000; 0.0345; 0.1034; 0.0000; 0.0000; 0.0000; 0.0000
0.0000; 0.0000; 0.1515; 1.0000; 0.3030; 0.0000; 0.0000; 0.0000; 0.0000
0.0000; 0.0000; 0.1429; 0.8571; 1.0000; 0.0000; 0.0000; 0.0000; 0.0000
0.1000; 0.3600; 0.0400; 0.0200; 0.0400; 0.7600; 0.1000; 0.4400; 0.0000
0.0000; 1.0000; 0.0000; 0.0000; 0.0000; 0.5000; 1.0000; 0.0000; 0.0000
0.1064; 0.1702; 0.0000; 0.0000; 0.0000; 0.3617; 0.0426; 0.7447; 0.0000
Run TT with 121 training and 0 tests
Run CD with 198 training and 0 tests
Run FKW with 85 training and 0 tests
Run KW with 97 training and 0 tests
Run LPLT with 42 training and 0 tests
Run RD with 148 training and 0 tests
Run WBD with 5 training and 0 tests
Run WSD with 141 training and 0 tests