Total Bootstraps 30
Num Species 8
FragmentLength 22; Section Length 50
TT; CD; FKW; KW; LPLT; RD; WBD; WSD
Bootstrap 0
Run TT with 163 training and 82 tests
Run CD with 266 training and 133 tests
Run FKW with 104 training and 52 tests
Run KW with 135 training and 68 tests
Run LPLT with 59 training and 30 tests
Run RD with 212 training and 106 tests
Run WBD with 6 training and 4 tests
Run WSD with 202 training and 101 tests
Confusion Matrix 1.0
0.7927; 0.0000; 0.0244; 0.0000; 0.0122; 0.0366; 0.0366; 0.0976; 0.0000
0.0827; 0.6015; 0.0000; 0.0000; 0.0000; 0.0526; 0.2481; 0.0150; 0.0000
0.0000; 0.0192; 0.9615; 0.0000; 0.0192; 0.0000; 0.0000; 0.0000; 0.0000
0.0000; 0.0000; 0.1176; 0.7206; 0.1618; 0.0000; 0.0000; 0.0000; 0.0000
0.0000; 0.0000; 0.0000; 0.7000; 0.3000; 0.0000; 0.0000; 0.0000; 0.0000
0.1226; 0.1321; 0.0094; 0.0000; 0.1038; 0.4528; 0.0755; 0.1038; 0.0000
0.0000; 0.5000; 0.0000; 0.0000; 0.0000; 0.0000; 0.5000; 0.0000; 0.0000
0.0297; 0.0990; 0.0099; 0.0000; 0.0000; 0.3168; 0.0396; 0.5050; 0.0000
Bootstrap 1
Run TT with 163 training and 82 tests
Run CD with 266 training and 133 tests
Run FKW with 104 training and 52 tests
Run KW with 135 training and 68 tests
Run LPLT with 59 training and 30 tests
Run RD with 212 training and 106 tests
Run WBD with 6 training and 4 tests
Run WSD with 202 training and 101 tests
Confusion Matrix 2.0
0.4024; 0.3293; 0.0244; 0.0000; 0.0000; 0.0732; 0.0976; 0.0732; 0.0000
0.0526; 0.4286; 0.0000; 0.0000; 0.0000; 0.2256; 0.1955; 0.0977; 0.0000
0.0000; 0.0192; 0.9038; 0.0000; 0.0577; 0.0000; 0.0192; 0.0000; 0.0000
0.0000; 0.0000; 0.0000; 0.8971; 0.0735; 0.0000; 0.0294; 0.0000; 0.0000
0.0000; 0.0000; 0.0000; 0.6667; 0.3333; 0.0000; 0.0000; 0.0000; 0.0000
0.0000; 0.1132; 0.0000; 0.0000; 0.0000; 0.4906; 0.0377; 0.3585; 0.0000
0.0000; 0.0000; 0.0000; 0.0000; 0.0000; 0.0000; 1.0000; 0.0000; 0.0000
0.0693; 0.0495; 0.0000; 0.0000; 0.0198; 0.3465; 0.0198; 0.4950; 0.0000
Bootstrap 2
Run TT with 163 training and 82 tests
Run CD with 266 training and 133 tests
Run FKW with 104 training and 52 tests
Run KW with 135 training and 68 tests
Run LPLT with 59 training and 30 tests
Run RD with 212 training and 106 tests
Run WBD with 6 training and 4 tests
Run WSD with 202 training and 101 tests
Confusion Matrix 3.0
0.5610; 0.2073; 0.0244; 0.0000; 0.0000; 0.0976; 0.0610; 0.0488; 0.0000
0.0752; 0.5263; 0.0000; 0.0000; 0.0000; 0.1504; 0.1429; 0.1053; 0.0000
0.0192; 0.0577; 0.9231; 0.0000; 0.0000; 0.0000; 0.0000; 0.0000; 0.0000
0.0000; 0.0000; 0.0441; 0.8676; 0.0882; 0.0000; 0.0000; 0.0000; 0.0000
0.0000; 0.0000; 0.0667; 0.2667; 0.6667; 0.0000; 0.0000; 0.0000; 0.0000
0.0000; 0.0189; 0.0000; 0.0000; 0.0000; 0.6981; 0.0000; 0.2830; 0.0000
0.0000; 0.7500; 0.0000; 0.0000; 0.0000; 0.0000; 0.2500; 0.0000; 0.0000
0.0396; 0.0792; 0.0099; 0.0000; 0.0000; 0.2376; 0.0495; 0.5842; 0.0000
Bootstrap 3
Run TT with 163 training and 82 tests
Run CD with 266 training and 133 tests
Run FKW with 104 training and 52 tests
Run KW with 135 training and 68 tests
Run LPLT with 59 training and 30 tests
Run RD with 212 training and 106 tests
Run WBD with 6 training and 4 tests
Run WSD with 202 training and 101 tests
Confusion Matrix 4.0
0.7317; 0.0732; 0.0122; 0.0000; 0.0244; 0.0366; 0.0366; 0.0854; 0.0000
0.1053; 0.4361; 0.0000; 0.0000; 0.0000; 0.2481; 0.1429; 0.0677; 0.0000
0.0000; 0.0000; 0.9423; 0.0000; 0.0577; 0.0000; 0.0000; 0.0000; 0.0000
0.0000; 0.0000; 0.0147; 0.8088; 0.1471; 0.0000; 0.0294; 0.0000; 0.0000
0.0000; 0.0000; 0.0000; 0.3667; 0.6333; 0.0000; 0.0000; 0.0000; 0.0000
0.0000; 0.0283; 0.0000; 0.0000; 0.0000; 0.6981; 0.0000; 0.2736; 0.0000
0.0000; 0.5000; 0.0000; 0.0000; 0.0000; 0.0000; 0.5000; 0.0000; 0.0000
0.0693; 0.0594; 0.0000; 0.0000; 0.0000; 0.2574; 0.0297; 0.5842; 0.0000
Bootstrap 4
Run TT with 163 training and 82 tests
Run CD with 266 training and 133 tests
Run FKW with 104 training and 52 tests
Run KW with 135 training and 68 tests
Run LPLT with 59 training and 30 tests
Run RD with 212 training and 106 tests
Run WBD with 6 training and 4 tests
Run WSD with 202 training and 101 tests
Confusion Matrix 5.0
0.3293; 0.3659; 0.0366; 0.0000; 0.0000; 0.1463; 0.0732; 0.0488; 0.0000
0.0226; 0.3609; 0.0000; 0.0000; 0.0000; 0.1128; 0.4286; 0.0752; 0.0000
0.0000; 0.0192; 0.9423; 0.0000; 0.0000; 0.0192; 0.0192; 0.0000; 0.0000
0.0000; 0.0000; 0.1029; 0.7059; 0.1912; 0.0000; 0.0000; 0.0000; 0.0000
0.0333; 0.0000; 0.0667; 0.1333; 0.7667; 0.0000; 0.0000; 0.0000; 0.0000
0.0000; 0.0189; 0.0000; 0.0000; 0.0000; 0.7547; 0.0000; 0.2264; 0.0000
0.0000; 0.5000; 0.0000; 0.0000; 0.0000; 0.0000; 0.5000; 0.0000; 0.0000
0.0495; 0.0693; 0.0198; 0.0000; 0.0000; 0.3267; 0.0297; 0.5050; 0.0000
Bootstrap 5
Run TT with 163 training and 82 tests
Run CD with 266 training and 133 tests
Run FKW with 104 training and 52 tests
Run KW with 135 training and 68 tests
Run LPLT with 59 training and 30 tests
Run RD with 212 training and 106 tests
Run WBD with 6 training and 4 tests
Run WSD with 202 training and 101 tests
Confusion Matrix 6.0
0.4268; 0.1951; 0.0488; 0.0000; 0.0000; 0.1220; 0.0976; 0.1098; 0.0000
0.0526; 0.4286; 0.0075; 0.0000; 0.0000; 0.3008; 0.1353; 0.0752; 0.0000
0.0000; 0.0385; 0.9423; 0.0000; 0.0192; 0.0000; 0.0000; 0.0000; 0.0000
0.0000; 0.0000; 0.0735; 0.5441; 0.3676; 0.0000; 0.0147; 0.0000; 0.0000
0.0000; 0.0000; 0.0000; 0.1667; 0.8333; 0.0000; 0.0000; 0.0000; 0.0000
0.0566; 0.1604; 0.0000; 0.0000; 0.0000; 0.4245; 0.0566; 0.3019; 0.0000
0.0000; 0.2500; 0.0000; 0.0000; 0.0000; 0.0000; 0.7500; 0.0000; 0.0000
0.0594; 0.0693; 0.0000; 0.0000; 0.0000; 0.3366; 0.0297; 0.5050; 0.0000
Bootstrap 6
Run TT with 163 training and 82 tests
Run CD with 266 training and 133 tests
Run FKW with 104 training and 52 tests
Run KW with 135 training and 68 tests
Run LPLT with 59 training and 30 tests
Run RD with 212 training and 106 tests
Run WBD with 6 training and 4 tests
Run WSD with 202 training and 101 tests
Confusion Matrix 7.0
0.4268; 0.1951; 0.0244; 0.0000; 0.0122; 0.0976; 0.1341; 0.1098; 0.0000
0.0451; 0.3985; 0.0000; 0.0000; 0.0000; 0.1504; 0.3158; 0.0902; 0.0000
0.0000; 0.0000; 0.9231; 0.0385; 0.0385; 0.0000; 0.0000; 0.0000; 0.0000
0.0000; 0.0000; 0.0147; 0.7647; 0.2206; 0.0000; 0.0000; 0.0000; 0.0000
0.0000; 0.0000; 0.1000; 0.2667; 0.6333; 0.0000; 0.0000; 0.0000; 0.0000
0.0000; 0.0943; 0.0000; 0.0000; 0.0000; 0.5566; 0.0094; 0.3396; 0.0000
0.0000; 0.2500; 0.0000; 0.0000; 0.0000; 0.0000; 0.7500; 0.0000; 0.0000
0.0693; 0.0891; 0.0000; 0.0000; 0.0000; 0.3267; 0.0198; 0.4950; 0.0000
Bootstrap 7
Run TT with 163 training and 82 tests
Run CD with 266 training and 133 tests
Run FKW with 104 training and 52 tests
Run KW with 135 training and 68 tests
Run LPLT with 59 training and 30 tests
Run RD with 212 training and 106 tests
Run WBD with 6 training and 4 tests
Run WSD with 202 training and 101 tests
Confusion Matrix 8.0
0.8537; 0.0000; 0.0244; 0.0000; 0.0000; 0.0366; 0.0000; 0.0854; 0.0000
0.1053; 0.4887; 0.0000; 0.0000; 0.0000; 0.1805; 0.1429; 0.0827; 0.0000
0.0000; 0.0000; 0.9423; 0.0385; 0.0192; 0.0000; 0.0000; 0.0000; 0.0000
0.0000; 0.0000; 0.1471; 0.5294; 0.3235; 0.0000; 0.0000; 0.0000; 0.0000
0.0000; 0.0000; 0.1333; 0.0667; 0.8000; 0.0000; 0.0000; 0.0000; 0.0000
0.1038; 0.1415; 0.0189; 0.0094; 0.0849; 0.4623; 0.0943; 0.0849; 0.0000
0.0000; 0.5000; 0.0000; 0.0000; 0.0000; 0.0000; 0.5000; 0.0000; 0.0000
0.1089; 0.0594; 0.0099; 0.0000; 0.0000; 0.3069; 0.0198; 0.4950; 0.0000
Bootstrap 8
Run TT with 163 training and 82 tests
Run CD with 266 training and 133 tests
Run FKW with 104 training and 52 tests
Run KW with 135 training and 68 tests
Run LPLT with 59 training and 30 tests
Run RD with 212 training and 106 tests
Run WBD with 6 training and 4 tests
Run WSD with 202 training and 101 tests
Confusion Matrix 9.0
0.4146; 0.2439; 0.0366; 0.0000; 0.0122; 0.1220; 0.0610; 0.1098; 0.0000
0.0677; 0.4060; 0.0075; 0.0000; 0.0000; 0.3158; 0.1353; 0.0677; 0.0000
0.0000; 0.0000; 0.9038; 0.0000; 0.0577; 0.0000; 0.0385; 0.0000; 0.0000
0.0000; 0.0000; 0.0735; 0.7353; 0.1912; 0.0000; 0.0000; 0.0000; 0.0000
0.0000; 0.0000; 0.0000; 0.3667; 0.6333; 0.0000; 0.0000; 0.0000; 0.0000
0.0000; 0.0283; 0.0000; 0.0000; 0.0000; 0.6981; 0.0000; 0.2736; 0.0000
0.0000; 0.0000; 0.0000; 0.0000; 0.0000; 0.0000; 1.0000; 0.0000; 0.0000
0.0693; 0.0792; 0.0000; 0.0000; 0.0099; 0.3069; 0.0099; 0.5248; 0.0000
Bootstrap 9
Run TT with 163 training and 82 tests
Run CD with 266 training and 133 tests
Run FKW with 104 training and 52 tests
Run KW with 135 training and 68 tests
Run LPLT with 59 training and 30 tests
Run RD with 212 training and 106 tests
Run WBD with 6 training and 4 tests
Run WSD with 202 training and 101 tests
Confusion Matrix 10.0
0.4268; 0.2439; 0.0488; 0.0000; 0.0000; 0.0976; 0.1220; 0.0610; 0.0000
0.0451; 0.5639; 0.0000; 0.0000; 0.0000; 0.1053; 0.2632; 0.0226; 0.0000
0.0000; 0.0000; 0.9423; 0.0192; 0.0192; 0.0000; 0.0192; 0.0000; 0.0000
0.0000; 0.0000; 0.0294; 0.6765; 0.2794; 0.0000; 0.0147; 0.0000; 0.0000
0.0333; 0.0000; 0.0667; 0.0667; 0.8000; 0.0000; 0.0333; 0.0000; 0.0000
0.0000; 0.1038; 0.0000; 0.0000; 0.0000; 0.6604; 0.0000; 0.2358; 0.0000
0.0000; 0.5000; 0.0000; 0.0000; 0.0000; 0.0000; 0.5000; 0.0000; 0.0000
0.0594; 0.0891; 0.0000; 0.0099; 0.0000; 0.2772; 0.0198; 0.5446; 0.0000
Bootstrap 10
Run TT with 163 training and 82 tests
Run CD with 266 training and 133 tests
Run FKW with 104 training and 52 tests
Run KW with 135 training and 68 tests
Run LPLT with 59 training and 30 tests
Run RD with 212 training and 106 tests
Run WBD with 6 training and 4 tests
Run WSD with 202 training and 101 tests
Confusion Matrix 11.0
0.8659; 0.0122; 0.0122; 0.0000; 0.0244; 0.0122; 0.0000; 0.0732; 0.0000
0.0677; 0.4361; 0.0000; 0.0000; 0.0000; 0.0451; 0.4211; 0.0301; 0.0000
0.0000; 0.0192; 0.9231; 0.0000; 0.0192; 0.0000; 0.0385; 0.0000; 0.0000
0.0000; 0.0000; 0.0147; 0.8824; 0.1029; 0.0000; 0.0000; 0.0000; 0.0000
0.0000; 0.0000; 0.0000; 0.5333; 0.4667; 0.0000; 0.0000; 0.0000; 0.0000
0.1321; 0.0849; 0.0377; 0.0094; 0.0566; 0.4434; 0.1038; 0.1321; 0.0000
0.0000; 0.0000; 0.0000; 0.0000; 0.0000; 0.0000; 1.0000; 0.0000; 0.0000
0.0792; 0.0693; 0.0000; 0.0000; 0.0000; 0.3267; 0.0297; 0.4950; 0.0000
Bootstrap 11
Run TT with 163 training and 82 tests
Run CD with 266 training and 133 tests
Run FKW with 104 training and 52 tests
Run KW with 135 training and 68 tests
Run LPLT with 59 training and 30 tests
Run RD with 212 training and 106 tests
Run WBD with 6 training and 4 tests
Run WSD with 202 training and 101 tests
Confusion Matrix 12.0
0.4146; 0.2683; 0.0488; 0.0000; 0.0000; 0.0610; 0.0976; 0.1098; 0.0000
0.1429; 0.4962; 0.0075; 0.0000; 0.0000; 0.2256; 0.0602; 0.0677; 0.0000
0.0000; 0.0000; 0.9423; 0.0192; 0.0385; 0.0000; 0.0000; 0.0000; 0.0000
0.0000; 0.0000; 0.0147; 0.8676; 0.1176; 0.0000; 0.0000; 0.0000; 0.0000
0.0000; 0.0000; 0.0000; 0.6000; 0.4000; 0.0000; 0.0000; 0.0000; 0.0000
0.1038; 0.1698; 0.0283; 0.0000; 0.0472; 0.4245; 0.0660; 0.1604; 0.0000
0.0000; 0.7500; 0.0000; 0.0000; 0.0000; 0.0000; 0.2500; 0.0000; 0.0000
0.0594; 0.0990; 0.0000; 0.0000; 0.0000; 0.3960; 0.0099; 0.4356; 0.0000
Bootstrap 12
Run TT with 163 training and 82 tests
Run CD with 266 training and 133 tests
Run FKW with 104 training and 52 tests
Run KW with 135 training and 68 tests
Run LPLT with 59 training and 30 tests
Run RD with 212 training and 106 tests
Run WBD with 6 training and 4 tests
Run WSD with 202 training and 101 tests
Confusion Matrix 13.0
0.7195; 0.0732; 0.0366; 0.0000; 0.0122; 0.0732; 0.0244; 0.0610; 0.0000
0.1353; 0.3835; 0.0000; 0.0000; 0.0000; 0.1805; 0.2406; 0.0602; 0.0000
0.0000; 0.0000; 0.9231; 0.0000; 0.0577; 0.0000; 0.0192; 0.0000; 0.0000
0.0000; 0.0000; 0.0588; 0.7941; 0.1471; 0.0000; 0.0000; 0.0000; 0.0000
0.0000; 0.0000; 0.0000; 0.5000; 0.5000; 0.0000; 0.0000; 0.0000; 0.0000
0.0849; 0.0377; 0.0377; 0.0000; 0.0660; 0.5472; 0.0472; 0.1792; 0.0000
0.0000; 0.5000; 0.0000; 0.0000; 0.0000; 0.0000; 0.5000; 0.0000; 0.0000
0.0990; 0.0297; 0.0000; 0.0000; 0.0099; 0.3168; 0.0396; 0.5050; 0.0000
Bootstrap 13
Run TT with 163 training and 82 tests
Run CD with 266 training and 133 tests
Run FKW with 104 training and 52 tests
Run KW with 135 training and 68 tests
Run LPLT with 59 training and 30 tests
Run RD with 212 training and 106 tests
Run WBD with 6 training and 4 tests
Run WSD with 202 training and 101 tests
Confusion Matrix 14.0
0.8415; 0.0122; 0.0122; 0.0000; 0.0244; 0.0244; 0.0000; 0.0854; 0.0000
0.0827; 0.3308; 0.0000; 0.0000; 0.0000; 0.0677; 0.5038; 0.0150; 0.0000
0.0000; 0.0000; 0.9615; 0.0000; 0.0385; 0.0000; 0.0000; 0.0000; 0.0000
0.0000; 0.0000; 0.0000; 0.8971; 0.0882; 0.0000; 0.0147; 0.0000; 0.0000
0.0000; 0.0000; 0.0000; 0.6667; 0.3333; 0.0000; 0.0000; 0.0000; 0.0000
0.1038; 0.1226; 0.0000; 0.0000; 0.0094; 0.4151; 0.0943; 0.2547; 0.0000
0.0000; 0.0000; 0.0000; 0.0000; 0.0000; 0.0000; 1.0000; 0.0000; 0.0000
0.1089; 0.0495; 0.0000; 0.0099; 0.0000; 0.3960; 0.0198; 0.4158; 0.0000
Bootstrap 14
Run TT with 163 training and 82 tests
Run CD with 266 training and 133 tests
Run FKW with 104 training and 52 tests
Run KW with 135 training and 68 tests
Run LPLT with 59 training and 30 tests
Run RD with 212 training and 106 tests
Run WBD with 6 training and 4 tests
Run WSD with 202 training and 101 tests
Confusion Matrix 15.0
0.4512; 0.1951; 0.0488; 0.0000; 0.0000; 0.0854; 0.1098; 0.1098; 0.0000
0.0827; 0.3534; 0.0075; 0.0000; 0.0000; 0.2180; 0.3083; 0.0301; 0.0000
0.0000; 0.0000; 0.9231; 0.0000; 0.0769; 0.0000; 0.0000; 0.0000; 0.0000
0.0000; 0.0000; 0.0000; 0.9265; 0.0441; 0.0000; 0.0294; 0.0000; 0.0000
0.0000; 0.0000; 0.0000; 0.6667; 0.3333; 0.0000; 0.0000; 0.0000; 0.0000
0.0000; 0.0283; 0.0000; 0.0000; 0.0000; 0.7453; 0.0000; 0.2264; 0.0000
0.0000; 0.0000; 0.0000; 0.0000; 0.0000; 0.0000; 1.0000; 0.0000; 0.0000
0.0792; 0.0495; 0.0000; 0.0000; 0.0000; 0.2574; 0.0396; 0.5743; 0.0000
Bootstrap 15
Run TT with 163 training and 82 tests
Run CD with 266 training and 133 tests
Run FKW with 104 training and 52 tests
Run KW with 135 training and 68 tests
Run LPLT with 59 training and 30 tests
Run RD with 212 training and 106 tests
Run WBD with 6 training and 4 tests
Run WSD with 202 training and 101 tests
Confusion Matrix 16.0
0.8780; 0.0000; 0.0366; 0.0000; 0.0122; 0.0000; 0.0244; 0.0488; 0.0000
0.0902; 0.4812; 0.0150; 0.0000; 0.0000; 0.2707; 0.0602; 0.0827; 0.0000
0.0000; 0.0000; 0.9231; 0.0192; 0.0577; 0.0000; 0.0000; 0.0000; 0.0000
0.0000; 0.0000; 0.1176; 0.7059; 0.1618; 0.0000; 0.0147; 0.0000; 0.0000
0.0000; 0.0000; 0.0000; 0.3333; 0.6667; 0.0000; 0.0000; 0.0000; 0.0000
0.1132; 0.1132; 0.0189; 0.0000; 0.0660; 0.4434; 0.0755; 0.1698; 0.0000
0.0000; 0.2500; 0.0000; 0.0000; 0.0000; 0.0000; 0.7500; 0.0000; 0.0000
0.0990; 0.0495; 0.0000; 0.0000; 0.0000; 0.2871; 0.0297; 0.5347; 0.0000
Bootstrap 16
Run TT with 163 training and 82 tests
Run CD with 266 training and 133 tests
Run FKW with 104 training and 52 tests
Run KW with 135 training and 68 tests
Run LPLT with 59 training and 30 tests
Run RD with 212 training and 106 tests
Run WBD with 6 training and 4 tests
Run WSD with 202 training and 101 tests
Confusion Matrix 17.0
0.3659; 0.2927; 0.0610; 0.0000; 0.0000; 0.0610; 0.1463; 0.0732; 0.0000
0.0451; 0.6090; 0.0000; 0.0000; 0.0000; 0.0827; 0.2406; 0.0226; 0.0000
0.0000; 0.0385; 0.9231; 0.0192; 0.0192; 0.0000; 0.0000; 0.0000; 0.0000
0.0000; 0.0000; 0.0294; 0.8971; 0.0735; 0.0000; 0.0000; 0.0000; 0.0000
0.0000; 0.0000; 0.0000; 0.6667; 0.3333; 0.0000; 0.0000; 0.0000; 0.0000
0.1038; 0.1509; 0.0094; 0.0189; 0.0943; 0.4434; 0.0660; 0.1132; 0.0000
0.0000; 0.2500; 0.0000; 0.0000; 0.0000; 0.0000; 0.7500; 0.0000; 0.0000
0.0594; 0.0990; 0.0000; 0.0000; 0.0198; 0.3267; 0.0198; 0.4752; 0.0000
Bootstrap 17
Run TT with 163 training and 82 tests
Run CD with 266 training and 133 tests
Run FKW with 104 training and 52 tests
Run KW with 135 training and 68 tests
Run LPLT with 59 training and 30 tests
Run RD with 212 training and 106 tests
Run WBD with 6 training and 4 tests
Run WSD with 202 training and 101 tests
Confusion Matrix 18.0
0.7927; 0.0854; 0.0122; 0.0000; 0.0000; 0.0244; 0.0122; 0.0732; 0.0000
0.0752; 0.5263; 0.0075; 0.0000; 0.0000; 0.1128; 0.2556; 0.0226; 0.0000
0.0000; 0.0192; 0.8462; 0.0385; 0.0962; 0.0000; 0.0000; 0.0000; 0.0000
0.0000; 0.0000; 0.0588; 0.7794; 0.1618; 0.0000; 0.0000; 0.0000; 0.0000
0.0000; 0.0000; 0.0000; 0.3333; 0.6667; 0.0000; 0.0000; 0.0000; 0.0000
0.0000; 0.0094; 0.0000; 0.0000; 0.0000; 0.7830; 0.0094; 0.1981; 0.0000
0.0000; 0.5000; 0.0000; 0.0000; 0.0000; 0.0000; 0.5000; 0.0000; 0.0000
0.0891; 0.0594; 0.0000; 0.0099; 0.0000; 0.3267; 0.0198; 0.4950; 0.0000
Bootstrap 18
Run TT with 163 training and 82 tests
Run CD with 266 training and 133 tests
Run FKW with 104 training and 52 tests
Run KW with 135 training and 68 tests
Run LPLT with 59 training and 30 tests
Run RD with 212 training and 106 tests
Run WBD with 6 training and 4 tests
Run WSD with 202 training and 101 tests
Confusion Matrix 19.0
0.4512; 0.3049; 0.0366; 0.0000; 0.0000; 0.0488; 0.1098; 0.0488; 0.0000
0.0226; 0.4511; 0.0000; 0.0000; 0.0000; 0.1203; 0.3534; 0.0526; 0.0000
0.0000; 0.0000; 0.9038; 0.0192; 0.0577; 0.0000; 0.0192; 0.0000; 0.0000
0.0000; 0.0000; 0.0294; 0.7500; 0.2059; 0.0000; 0.0147; 0.0000; 0.0000
0.0000; 0.0000; 0.0000; 0.3000; 0.7000; 0.0000; 0.0000; 0.0000; 0.0000
0.1038; 0.1321; 0.0094; 0.0000; 0.0943; 0.4151; 0.0849; 0.1604; 0.0000
0.0000; 0.2500; 0.0000; 0.0000; 0.0000; 0.0000; 0.7500; 0.0000; 0.0000
0.0792; 0.0594; 0.0000; 0.0099; 0.0000; 0.3267; 0.0198; 0.5050; 0.0000
Bootstrap 19
Run TT with 163 training and 82 tests
Run CD with 266 training and 133 tests
Run FKW with 104 training and 52 tests
Run KW with 135 training and 68 tests
Run LPLT with 59 training and 30 tests
Run RD with 212 training and 106 tests
Run WBD with 6 training and 4 tests
Run WSD with 202 training and 101 tests
Confusion Matrix 20.0
0.9146; 0.0122; 0.0366; 0.0000; 0.0000; 0.0000; 0.0000; 0.0366; 0.0000
0.1053; 0.3985; 0.0000; 0.0000; 0.0000; 0.1504; 0.2707; 0.0752; 0.0000
0.0000; 0.0192; 0.9615; 0.0000; 0.0192; 0.0000; 0.0000; 0.0000; 0.0000
0.0000; 0.0000; 0.0294; 0.6765; 0.2941; 0.0000; 0.0000; 0.0000; 0.0000
0.0000; 0.0000; 0.1000; 0.0000; 0.9000; 0.0000; 0.0000; 0.0000; 0.0000
0.0943; 0.1321; 0.0000; 0.0000; 0.0094; 0.4340; 0.1038; 0.2264; 0.0000
0.0000; 0.2500; 0.0000; 0.0000; 0.0000; 0.0000; 0.7500; 0.0000; 0.0000
0.0990; 0.0495; 0.0000; 0.0000; 0.0099; 0.3861; 0.0396; 0.4158; 0.0000
Bootstrap 20
Run TT with 163 training and 82 tests
Run CD with 266 training and 133 tests
Run FKW with 104 training and 52 tests
Run KW with 135 training and 68 tests
Run LPLT with 59 training and 30 tests
Run RD with 212 training and 106 tests
Run WBD with 6 training and 4 tests
Run WSD with 202 training and 101 tests
Confusion Matrix 21.0
0.7439; 0.0610; 0.0000; 0.0000; 0.0122; 0.0122; 0.0366; 0.1341; 0.0000
0.0827; 0.4135; 0.0000; 0.0000; 0.0000; 0.1128; 0.3609; 0.0301; 0.0000
0.0000; 0.0192; 0.8077; 0.0577; 0.0769; 0.0385; 0.0000; 0.0000; 0.0000
0.0000; 0.0000; 0.0294; 0.8676; 0.1029; 0.0000; 0.0000; 0.0000; 0.0000
0.0000; 0.0000; 0.0000; 0.6333; 0.3667; 0.0000; 0.0000; 0.0000; 0.0000
0.0943; 0.1132; 0.0094; 0.0094; 0.0943; 0.4340; 0.0660; 0.1792; 0.0000
0.0000; 0.0000; 0.0000; 0.0000; 0.0000; 0.0000; 1.0000; 0.0000; 0.0000
0.0693; 0.0792; 0.0000; 0.0000; 0.0000; 0.3663; 0.0297; 0.4554; 0.0000
Bootstrap 21
Run TT with 163 training and 82 tests
Run CD with 266 training and 133 tests
Run FKW with 104 training and 52 tests
Run KW with 135 training and 68 tests
Run LPLT with 59 training and 30 tests
Run RD with 212 training and 106 tests
Run WBD with 6 training and 4 tests
Run WSD with 202 training and 101 tests
Confusion Matrix 22.0
0.3780; 0.3293; 0.0610; 0.0000; 0.0000; 0.1341; 0.0610; 0.0366; 0.0000
0.0602; 0.4135; 0.0075; 0.0000; 0.0000; 0.2406; 0.1880; 0.0902; 0.0000
0.0000; 0.0000; 0.9615; 0.0192; 0.0000; 0.0000; 0.0192; 0.0000; 0.0000
0.0000; 0.0000; 0.0441; 0.6765; 0.2794; 0.0000; 0.0000; 0.0000; 0.0000
0.0000; 0.0000; 0.0667; 0.0000; 0.9000; 0.0000; 0.0333; 0.0000; 0.0000
0.0566; 0.1415; 0.0094; 0.0000; 0.0000; 0.4434; 0.0849; 0.2642; 0.0000
0.0000; 0.2500; 0.0000; 0.0000; 0.0000; 0.0000; 0.7500; 0.0000; 0.0000
0.0990; 0.0594; 0.0000; 0.0000; 0.0198; 0.3663; 0.0099; 0.4455; 0.0000
Bootstrap 22
Run TT with 163 training and 82 tests
Run CD with 266 training and 133 tests
Run FKW with 104 training and 52 tests
Run KW with 135 training and 68 tests
Run LPLT with 59 training and 30 tests
Run RD with 212 training and 106 tests
Run WBD with 6 training and 4 tests
Run WSD with 202 training and 101 tests
Confusion Matrix 23.0
0.3902; 0.3049; 0.0488; 0.0000; 0.0000; 0.0366; 0.1098; 0.1098; 0.0000
0.0226; 0.4586; 0.0000; 0.0000; 0.0000; 0.0526; 0.3835; 0.0827; 0.0000
0.0000; 0.0192; 0.8462; 0.0192; 0.0769; 0.0385; 0.0000; 0.0000; 0.0000
0.0000; 0.0000; 0.0294; 0.8235; 0.1471; 0.0000; 0.0000; 0.0000; 0.0000
0.0000; 0.0000; 0.0000; 0.2333; 0.7667; 0.0000; 0.0000; 0.0000; 0.0000
0.0849; 0.1604; 0.0189; 0.0189; 0.0660; 0.4434; 0.0849; 0.1226; 0.0000
0.0000; 0.2500; 0.0000; 0.0000; 0.0000; 0.0000; 0.7500; 0.0000; 0.0000
0.0594; 0.1089; 0.0099; 0.0000; 0.0000; 0.2673; 0.0495; 0.5050; 0.0000
Bootstrap 23
Run TT with 163 training and 82 tests
Run CD with 266 training and 133 tests
Run FKW with 104 training and 52 tests
Run KW with 135 training and 68 tests
Run LPLT with 59 training and 30 tests
Run RD with 212 training and 106 tests
Run WBD with 6 training and 4 tests
Run WSD with 202 training and 101 tests
Confusion Matrix 24.0
0.4512; 0.1585; 0.0366; 0.0000; 0.0244; 0.0854; 0.1098; 0.1341; 0.0000
0.0376; 0.3910; 0.0000; 0.0000; 0.0000; 0.1729; 0.3383; 0.0602; 0.0000
0.0000; 0.0385; 0.9231; 0.0000; 0.0192; 0.0000; 0.0192; 0.0000; 0.0000
0.0000; 0.0000; 0.0441; 0.7353; 0.2059; 0.0000; 0.0147; 0.0000; 0.0000
0.0000; 0.0000; 0.0000; 0.4333; 0.5667; 0.0000; 0.0000; 0.0000; 0.0000
0.0094; 0.0283; 0.0000; 0.0000; 0.0189; 0.5943; 0.0000; 0.3491; 0.0000
0.0000; 0.0000; 0.0000; 0.0000; 0.0000; 0.0000; 1.0000; 0.0000; 0.0000
0.0396; 0.0792; 0.0000; 0.0000; 0.0000; 0.2871; 0.0099; 0.5842; 0.0000
Bootstrap 24
Run TT with 163 training and 82 tests
Run CD with 266 training and 133 tests
Run FKW with 104 training and 52 tests
Run KW with 135 training and 68 tests
Run LPLT with 59 training and 30 tests
Run RD with 212 training and 106 tests
Run WBD with 6 training and 4 tests
Run WSD with 202 training and 101 tests
Confusion Matrix 25.0
0.4878; 0.2195; 0.0366; 0.0000; 0.0000; 0.0610; 0.0732; 0.1220; 0.0000
0.1128; 0.4662; 0.0000; 0.0000; 0.0000; 0.2556; 0.0526; 0.1128; 0.0000
0.0000; 0.0385; 0.8846; 0.0385; 0.0385; 0.0000; 0.0000; 0.0000; 0.0000
0.0000; 0.0000; 0.1029; 0.6029; 0.2794; 0.0000; 0.0147; 0.0000; 0.0000
0.0333; 0.0000; 0.0000; 0.1000; 0.8000; 0.0000; 0.0667; 0.0000; 0.0000
0.0000; 0.0189; 0.0000; 0.0000; 0.0000; 0.7075; 0.0000; 0.2736; 0.0000
0.0000; 0.7500; 0.0000; 0.0000; 0.0000; 0.0000; 0.2500; 0.0000; 0.0000
0.0792; 0.0792; 0.0000; 0.0000; 0.0000; 0.2673; 0.0297; 0.5446; 0.0000
Bootstrap 25
Run TT with 163 training and 82 tests
Run CD with 266 training and 133 tests
Run FKW with 104 training and 52 tests
Run KW with 135 training and 68 tests
Run LPLT with 59 training and 30 tests
Run RD with 212 training and 106 tests
Run WBD with 6 training and 4 tests
Run WSD with 202 training and 101 tests
Confusion Matrix 26.0
0.8415; 0.0122; 0.0244; 0.0000; 0.0122; 0.0366; 0.0122; 0.0610; 0.0000
0.1203; 0.4737; 0.0000; 0.0000; 0.0000; 0.2256; 0.1053; 0.0752; 0.0000
0.0000; 0.0385; 0.8654; 0.0385; 0.0577; 0.0000; 0.0000; 0.0000; 0.0000
0.0000; 0.0000; 0.1176; 0.6765; 0.1912; 0.0000; 0.0147; 0.0000; 0.0000
0.0000; 0.0000; 0.0333; 0.1667; 0.8000; 0.0000; 0.0000; 0.0000; 0.0000
0.0943; 0.1509; 0.0094; 0.0094; 0.0849; 0.4811; 0.0566; 0.1132; 0.0000
0.0000; 0.5000; 0.0000; 0.0000; 0.0000; 0.0000; 0.5000; 0.0000; 0.0000
0.0990; 0.0495; 0.0099; 0.0000; 0.0198; 0.3465; 0.0198; 0.4554; 0.0000
Bootstrap 26
Run TT with 163 training and 82 tests
Run CD with 266 training and 133 tests
Run FKW with 104 training and 52 tests
Run KW with 135 training and 68 tests
Run LPLT with 59 training and 30 tests
Run RD with 212 training and 106 tests
Run WBD with 6 training and 4 tests
Run WSD with 202 training and 101 tests
Confusion Matrix 27.0
0.8537; 0.0610; 0.0122; 0.0000; 0.0122; 0.0000; 0.0122; 0.0488; 0.0000
0.1053; 0.2481; 0.0000; 0.0000; 0.0000; 0.1579; 0.4887; 0.0000; 0.0000
0.0000; 0.0000; 0.8462; 0.0192; 0.1154; 0.0000; 0.0192; 0.0000; 0.0000
0.0000; 0.0000; 0.1029; 0.7206; 0.1765; 0.0000; 0.0000; 0.0000; 0.0000
0.0000; 0.0000; 0.0000; 0.6667; 0.3333; 0.0000; 0.0000; 0.0000; 0.0000
0.0189; 0.0377; 0.0000; 0.0000; 0.0000; 0.6792; 0.0094; 0.2547; 0.0000
0.0000; 0.0000; 0.0000; 0.0000; 0.0000; 0.0000; 1.0000; 0.0000; 0.0000
0.0990; 0.0594; 0.0000; 0.0000; 0.0000; 0.2574; 0.0297; 0.5545; 0.0000
Bootstrap 27
Run TT with 163 training and 82 tests
Run CD with 266 training and 133 tests
Run FKW with 104 training and 52 tests
Run KW with 135 training and 68 tests
Run LPLT with 59 training and 30 tests
Run RD with 212 training and 106 tests
Run WBD with 6 training and 4 tests
Run WSD with 202 training and 101 tests
Confusion Matrix 28.0
0.7927; 0.0610; 0.0000; 0.0000; 0.0244; 0.0000; 0.0244; 0.0976; 0.0000
0.1203; 0.4511; 0.0000; 0.0000; 0.0000; 0.2406; 0.0902; 0.0977; 0.0000
0.0000; 0.0000; 0.9423; 0.0192; 0.0385; 0.0000; 0.0000; 0.0000; 0.0000
0.0000; 0.0000; 0.1176; 0.6029; 0.2794; 0.0000; 0.0000; 0.0000; 0.0000
0.0000; 0.0000; 0.0000; 0.2333; 0.7667; 0.0000; 0.0000; 0.0000; 0.0000
0.0849; 0.1415; 0.0094; 0.0094; 0.0849; 0.4434; 0.0660; 0.1604; 0.0000
0.0000; 0.5000; 0.0000; 0.0000; 0.0000; 0.0000; 0.5000; 0.0000; 0.0000
0.0792; 0.0198; 0.0000; 0.0000; 0.0198; 0.3762; 0.0198; 0.4851; 0.0000
Bootstrap 28
Run TT with 163 training and 82 tests
Run CD with 266 training and 133 tests
Run FKW with 104 training and 52 tests
Run KW with 135 training and 68 tests
Run LPLT with 59 training and 30 tests
Run RD with 212 training and 106 tests
Run WBD with 6 training and 4 tests
Run WSD with 202 training and 101 tests
Confusion Matrix 29.0
0.4146; 0.2805; 0.0366; 0.0000; 0.0000; 0.0976; 0.1220; 0.0488; 0.0000
0.0451; 0.5414; 0.0000; 0.0000; 0.0000; 0.1278; 0.2782; 0.0075; 0.0000
0.0000; 0.0000; 0.8846; 0.0577; 0.0192; 0.0385; 0.0000; 0.0000; 0.0000
0.0000; 0.0000; 0.1029; 0.5294; 0.3676; 0.0000; 0.0000; 0.0000; 0.0000
0.0333; 0.0000; 0.0333; 0.2000; 0.7000; 0.0000; 0.0333; 0.0000; 0.0000
0.0189; 0.1226; 0.0000; 0.0000; 0.0000; 0.5000; 0.0849; 0.2736; 0.0000
0.0000; 0.5000; 0.0000; 0.0000; 0.0000; 0.0000; 0.5000; 0.0000; 0.0000
0.0495; 0.1287; 0.0000; 0.0000; 0.0000; 0.2574; 0.0396; 0.5248; 0.0000
Bootstrap 29
Run TT with 163 training and 82 tests
Run CD with 266 training and 133 tests
Run FKW with 104 training and 52 tests
Run KW with 135 training and 68 tests
Run LPLT with 59 training and 30 tests
Run RD with 212 training and 106 tests
Run WBD with 6 training and 4 tests
Run WSD with 202 training and 101 tests
Confusion Matrix 30.0
0.9268; 0.0000; 0.0122; 0.0000; 0.0122; 0.0122; 0.0122; 0.0244; 0.0000
0.1579; 0.3459; 0.0000; 0.0000; 0.0000; 0.3684; 0.0451; 0.0827; 0.0000
0.0000; 0.0385; 0.9423; 0.0192; 0.0000; 0.0000; 0.0000; 0.0000; 0.0000
0.0000; 0.0000; 0.0147; 0.8676; 0.0588; 0.0000; 0.0588; 0.0000; 0.0000
0.0000; 0.0000; 0.0000; 0.8000; 0.2000; 0.0000; 0.0000; 0.0000; 0.0000
0.0283; 0.0566; 0.0094; 0.0000; 0.0755; 0.6038; 0.0094; 0.2170; 0.0000
0.0000; 0.7500; 0.0000; 0.0000; 0.0000; 0.0000; 0.2500; 0.0000; 0.0000
0.0891; 0.0594; 0.0000; 0.0000; 0.0000; 0.3465; 0.0099; 0.4950; 0.0000
Mean confusion
0.6114; 0.1533; 0.0305; 0.0000; 0.0077; 0.0577; 0.0606; 0.0789; 0.0000
0.0789; 0.4436; 0.0020; 0.0000; 0.0000; 0.1757; 0.2398; 0.0599; 0.0000
0.0006; 0.0147; 0.9154; 0.0167; 0.0404; 0.0045; 0.0077; 0.0000; 0.0000
0.0000; 0.0000; 0.0559; 0.7510; 0.1843; 0.0000; 0.0088; 0.0000; 0.0000
0.0044; 0.0000; 0.0222; 0.3711; 0.5967; 0.0000; 0.0056; 0.0000; 0.0000
0.0538; 0.0931; 0.0079; 0.0028; 0.0352; 0.5440; 0.0462; 0.2170; 0.0000
0.0000; 0.3333; 0.0000; 0.0000; 0.0000; 0.0000; 0.6667; 0.0000; 0.0000
0.0746; 0.0693; 0.0023; 0.0013; 0.0043; 0.3175; 0.0261; 0.5046; 0.0000
STD Confusion
0.2111; 0.1242; 0.0166; 0.0000; 0.0093; 0.0433; 0.0470; 0.0308; 0.0000
0.0366; 0.0804; 0.0039; 0.0000; 0.0000; 0.0836; 0.1319; 0.0322; 0.0000
0.0035; 0.0173; 0.0396; 0.0180; 0.0296; 0.0120; 0.0120; 0.0000; 0.0000
0.0000; 0.0000; 0.0438; 0.1162; 0.0908; 0.0000; 0.0137; 0.0000; 0.0000
0.0115; 0.0000; 0.0385; 0.2398; 0.2070; 0.0000; 0.0154; 0.0000; 0.0000
0.0487; 0.0539; 0.0111; 0.0056; 0.0401; 0.1244; 0.0386; 0.0756; 0.0000
0.0000; 0.2571; 0.0000; 0.0000; 0.0000; 0.0000; 0.2571; 0.0000; 0.0000
0.0216; 0.0235; 0.0050; 0.0034; 0.0077; 0.0448; 0.0115; 0.0462; 0.0000
Lower 95% CI
0.3293; 0.0000; 0.0000; 0.0000; 0.0000; 0.0000; 0.0000; 0.0244; 0.0000
0.0226; 0.2481; 0.0000; 0.0000; 0.0000; 0.0451; 0.0451; 0.0000; 0.0000
0.0000; 0.0000; 0.8077; 0.0000; 0.0000; 0.0000; 0.0000; 0.0000; 0.0000
0.0000; 0.0000; 0.0000; 0.5294; 0.0441; 0.0000; 0.0000; 0.0000; 0.0000
0.0000; 0.0000; 0.0000; 0.0000; 0.2000; 0.0000; 0.0000; 0.0000; 0.0000
0.0000; 0.0094; 0.0000; 0.0000; 0.0000; 0.4151; 0.0000; 0.0849; 0.0000
0.0000; 0.0000; 0.0000; 0.0000; 0.0000; 0.0000; 0.2500; 0.0000; 0.0000
0.0297; 0.0198; 0.0000; 0.0000; 0.0000; 0.2376; 0.0099; 0.4158; 0.0000
Upper 95% CI
0.9268; 0.3659; 0.0610; 0.0000; 0.0244; 0.1463; 0.1463; 0.1341; 0.0000
0.1579; 0.6090; 0.0150; 0.0000; 0.0000; 0.3684; 0.5038; 0.1128; 0.0000
0.0192; 0.0577; 0.9615; 0.0577; 0.1154; 0.0385; 0.0385; 0.0000; 0.0000
0.0000; 0.0000; 0.1471; 0.9265; 0.3676; 0.0000; 0.0588; 0.0000; 0.0000
0.0333; 0.0000; 0.1333; 0.8000; 0.9000; 0.0000; 0.0667; 0.0000; 0.0000
0.1321; 0.1698; 0.0377; 0.0189; 0.1038; 0.7830; 0.1038; 0.3585; 0.0000
0.0000; 0.7500; 0.0000; 0.0000; 0.0000; 0.0000; 1.0000; 0.0000; 0.0000
0.1089; 0.1287; 0.0198; 0.0099; 0.0198; 0.3960; 0.0495; 0.5842; 0.0000
Run TT with 245 training and 0 tests
Run CD with 399 training and 0 tests
Run FKW with 156 training and 0 tests
Run KW with 203 training and 0 tests
Run LPLT with 89 training and 0 tests
Run RD with 318 training and 0 tests
Run WBD with 10 training and 0 tests
Run WSD with 303 training and 0 tests