Total Bootstraps 30
Num Species 8
FragmentLength 24; Section Length 40
TT; CD; FKW; KW; LPLT; RD; WBD; WSD
Bootstrap 0
Run TT with 176 training and 89 tests
Run CD with 288 training and 145 tests
Run FKW with 115 training and 58 tests
Run KW with 146 training and 73 tests
Run LPLT with 63 training and 32 tests
Run RD with 226 training and 113 tests
Run WBD with 7 training and 4 tests
Run WSD with 217 training and 109 tests
Confusion Matrix 1.0
0.4157; 0.2584; 0.0562; 0.0000; 0.0000; 0.0899; 0.1236; 0.0562; 0.0000
0.0690; 0.3862; 0.0000; 0.0000; 0.0000; 0.1655; 0.3379; 0.0414; 0.0000
0.0000; 0.0000; 0.8966; 0.0345; 0.0690; 0.0000; 0.0000; 0.0000; 0.0000
0.0000; 0.0000; 0.0274; 0.8356; 0.0822; 0.0000; 0.0548; 0.0000; 0.0000
0.0000; 0.0000; 0.0000; 0.5938; 0.4063; 0.0000; 0.0000; 0.0000; 0.0000
0.0000; 0.0708; 0.0000; 0.0000; 0.0000; 0.5664; 0.0000; 0.3628; 0.0000
0.0000; 0.0000; 0.0000; 0.0000; 0.0000; 0.0000; 1.0000; 0.0000; 0.0000
0.0642; 0.0734; 0.0000; 0.0000; 0.0183; 0.2844; 0.0275; 0.5321; 0.0000
Bootstrap 1
Run TT with 176 training and 89 tests
Run CD with 288 training and 145 tests
Run FKW with 115 training and 58 tests
Run KW with 146 training and 73 tests
Run LPLT with 63 training and 32 tests
Run RD with 226 training and 113 tests
Run WBD with 7 training and 4 tests
Run WSD with 217 training and 109 tests
Confusion Matrix 2.0
0.8427; 0.0000; 0.0112; 0.0000; 0.0225; 0.0337; 0.0112; 0.0787; 0.0000
0.1034; 0.5103; 0.0069; 0.0000; 0.0000; 0.0897; 0.2759; 0.0138; 0.0000
0.0172; 0.0000; 0.8966; 0.0000; 0.0690; 0.0000; 0.0172; 0.0000; 0.0000
0.0000; 0.0000; 0.0137; 0.8767; 0.1096; 0.0000; 0.0000; 0.0000; 0.0000
0.0000; 0.0000; 0.0000; 0.5625; 0.4375; 0.0000; 0.0000; 0.0000; 0.0000
0.1239; 0.1681; 0.0265; 0.0177; 0.0442; 0.4071; 0.0708; 0.1416; 0.0000
0.0000; 0.7500; 0.0000; 0.0000; 0.0000; 0.0000; 0.2500; 0.0000; 0.0000
0.0642; 0.0917; 0.0000; 0.0000; 0.0000; 0.2936; 0.0275; 0.5229; 0.0000
Bootstrap 2
Run TT with 176 training and 89 tests
Run CD with 288 training and 145 tests
Run FKW with 115 training and 58 tests
Run KW with 146 training and 73 tests
Run LPLT with 63 training and 32 tests
Run RD with 226 training and 113 tests
Run WBD with 7 training and 4 tests
Run WSD with 217 training and 109 tests
Confusion Matrix 3.0
0.4045; 0.2697; 0.0225; 0.0000; 0.0000; 0.1573; 0.0899; 0.0562; 0.0000
0.0690; 0.4138; 0.0069; 0.0000; 0.0000; 0.2207; 0.2069; 0.0828; 0.0000
0.0000; 0.0000; 0.9483; 0.0172; 0.0345; 0.0000; 0.0000; 0.0000; 0.0000
0.0000; 0.0000; 0.0000; 0.8219; 0.1370; 0.0000; 0.0411; 0.0000; 0.0000
0.0000; 0.0000; 0.0000; 0.5625; 0.4375; 0.0000; 0.0000; 0.0000; 0.0000
0.0000; 0.0619; 0.0000; 0.0000; 0.0000; 0.6991; 0.0000; 0.2389; 0.0000
0.0000; 0.2500; 0.0000; 0.0000; 0.0000; 0.0000; 0.7500; 0.0000; 0.0000
0.0642; 0.0826; 0.0092; 0.0000; 0.0000; 0.3303; 0.0459; 0.4679; 0.0000
Bootstrap 3
Run TT with 176 training and 89 tests
Run CD with 288 training and 145 tests
Run FKW with 115 training and 58 tests
Run KW with 146 training and 73 tests
Run LPLT with 63 training and 32 tests
Run RD with 226 training and 113 tests
Run WBD with 7 training and 4 tests
Run WSD with 217 training and 109 tests
Confusion Matrix 4.0
0.4719; 0.2584; 0.0562; 0.0000; 0.0112; 0.0225; 0.0562; 0.1236; 0.0000
0.1103; 0.4414; 0.0069; 0.0000; 0.0000; 0.2345; 0.0966; 0.1103; 0.0000
0.0000; 0.0172; 0.9655; 0.0000; 0.0172; 0.0000; 0.0000; 0.0000; 0.0000
0.0000; 0.0000; 0.0274; 0.8082; 0.1370; 0.0000; 0.0274; 0.0000; 0.0000
0.0000; 0.0000; 0.0000; 0.1875; 0.8125; 0.0000; 0.0000; 0.0000; 0.0000
0.1150; 0.1327; 0.0442; 0.0000; 0.0708; 0.4690; 0.0442; 0.1239; 0.0000
0.0000; 0.0000; 0.0000; 0.0000; 0.0000; 0.0000; 1.0000; 0.0000; 0.0000
0.0642; 0.1193; 0.0000; 0.0000; 0.0092; 0.3486; 0.0459; 0.4128; 0.0000
Bootstrap 4
Run TT with 176 training and 89 tests
Run CD with 288 training and 145 tests
Run FKW with 115 training and 58 tests
Run KW with 146 training and 73 tests
Run LPLT with 63 training and 32 tests
Run RD with 226 training and 113 tests
Run WBD with 7 training and 4 tests
Run WSD with 217 training and 109 tests
Confusion Matrix 5.0
0.8876; 0.0225; 0.0112; 0.0000; 0.0112; 0.0112; 0.0112; 0.0449; 0.0000
0.1310; 0.3931; 0.0069; 0.0000; 0.0000; 0.2207; 0.1379; 0.1103; 0.0000
0.0000; 0.0345; 0.8621; 0.0172; 0.0862; 0.0000; 0.0000; 0.0000; 0.0000
0.0000; 0.0000; 0.1096; 0.6027; 0.2466; 0.0000; 0.0411; 0.0000; 0.0000
0.0000; 0.0000; 0.0625; 0.3438; 0.5938; 0.0000; 0.0000; 0.0000; 0.0000
0.0000; 0.0177; 0.0000; 0.0000; 0.0000; 0.6903; 0.0000; 0.2920; 0.0000
0.0000; 1.0000; 0.0000; 0.0000; 0.0000; 0.0000; 0.0000; 0.0000; 0.0000
0.1376; 0.0367; 0.0000; 0.0000; 0.0000; 0.2661; 0.0550; 0.5046; 0.0000
Bootstrap 5
Run TT with 176 training and 89 tests
Run CD with 288 training and 145 tests
Run FKW with 115 training and 58 tests
Run KW with 146 training and 73 tests
Run LPLT with 63 training and 32 tests
Run RD with 226 training and 113 tests
Run WBD with 7 training and 4 tests
Run WSD with 217 training and 109 tests
Confusion Matrix 6.0
0.4607; 0.2360; 0.0337; 0.0000; 0.0112; 0.0787; 0.0899; 0.0899; 0.0000
0.1172; 0.4069; 0.0069; 0.0000; 0.0000; 0.3034; 0.0828; 0.0828; 0.0000
0.0000; 0.0000; 0.9483; 0.0000; 0.0345; 0.0000; 0.0172; 0.0000; 0.0000
0.0000; 0.0000; 0.0137; 0.8630; 0.0959; 0.0000; 0.0274; 0.0000; 0.0000
0.0000; 0.0000; 0.0313; 0.3750; 0.5938; 0.0000; 0.0000; 0.0000; 0.0000
0.0000; 0.0619; 0.0000; 0.0000; 0.0000; 0.6372; 0.0088; 0.2920; 0.0000
0.0000; 0.0000; 0.0000; 0.0000; 0.0000; 0.0000; 1.0000; 0.0000; 0.0000
0.0550; 0.0642; 0.0000; 0.0000; 0.0000; 0.3119; 0.0459; 0.5229; 0.0000
Bootstrap 6
Run TT with 176 training and 89 tests
Run CD with 288 training and 145 tests
Run FKW with 115 training and 58 tests
Run KW with 146 training and 73 tests
Run LPLT with 63 training and 32 tests
Run RD with 226 training and 113 tests
Run WBD with 7 training and 4 tests
Run WSD with 217 training and 109 tests
Confusion Matrix 7.0
0.8539; 0.0449; 0.0225; 0.0000; 0.0112; 0.0225; 0.0000; 0.0449; 0.0000
0.1172; 0.3241; 0.0069; 0.0000; 0.0000; 0.2069; 0.2828; 0.0621; 0.0000
0.0000; 0.0172; 0.8966; 0.0000; 0.0690; 0.0000; 0.0172; 0.0000; 0.0000
0.0000; 0.0000; 0.0137; 0.8630; 0.0822; 0.0000; 0.0411; 0.0000; 0.0000
0.0000; 0.0000; 0.0000; 0.6875; 0.3125; 0.0000; 0.0000; 0.0000; 0.0000
0.0177; 0.0973; 0.0000; 0.0000; 0.0000; 0.5575; 0.0088; 0.3186; 0.0000
0.0000; 0.0000; 0.0000; 0.0000; 0.0000; 0.0000; 1.0000; 0.0000; 0.0000
0.0826; 0.0826; 0.0000; 0.0000; 0.0183; 0.2661; 0.0550; 0.4954; 0.0000
Bootstrap 7
Run TT with 176 training and 89 tests
Run CD with 288 training and 145 tests
Run FKW with 115 training and 58 tests
Run KW with 146 training and 73 tests
Run LPLT with 63 training and 32 tests
Run RD with 226 training and 113 tests
Run WBD with 7 training and 4 tests
Run WSD with 217 training and 109 tests
Confusion Matrix 8.0
0.6742; 0.1124; 0.0225; 0.0000; 0.0112; 0.0225; 0.0225; 0.1348; 0.0000
0.1655; 0.2966; 0.0069; 0.0000; 0.0000; 0.2759; 0.1172; 0.1379; 0.0000
0.0172; 0.0000; 0.8793; 0.0000; 0.0690; 0.0000; 0.0345; 0.0000; 0.0000
0.0000; 0.0000; 0.0274; 0.8356; 0.1233; 0.0000; 0.0137; 0.0000; 0.0000
0.0000; 0.0000; 0.0313; 0.2500; 0.7188; 0.0000; 0.0000; 0.0000; 0.0000
0.0088; 0.0796; 0.0000; 0.0000; 0.0000; 0.4779; 0.0354; 0.3982; 0.0000
0.0000; 0.2500; 0.0000; 0.0000; 0.0000; 0.0000; 0.7500; 0.0000; 0.0000
0.0642; 0.0642; 0.0000; 0.0000; 0.0183; 0.2936; 0.0550; 0.5046; 0.0000
Bootstrap 8
Run TT with 176 training and 89 tests
Run CD with 288 training and 145 tests
Run FKW with 115 training and 58 tests
Run KW with 146 training and 73 tests
Run LPLT with 63 training and 32 tests
Run RD with 226 training and 113 tests
Run WBD with 7 training and 4 tests
Run WSD with 217 training and 109 tests
Confusion Matrix 9.0
0.8652; 0.0225; 0.0449; 0.0000; 0.0112; 0.0225; 0.0000; 0.0337; 0.0000
0.1310; 0.4690; 0.0000; 0.0000; 0.0000; 0.1931; 0.1448; 0.0621; 0.0000
0.0000; 0.0517; 0.8793; 0.0000; 0.0690; 0.0000; 0.0000; 0.0000; 0.0000
0.0000; 0.0000; 0.0548; 0.6027; 0.2877; 0.0000; 0.0548; 0.0000; 0.0000
0.0000; 0.0000; 0.0000; 0.3438; 0.6563; 0.0000; 0.0000; 0.0000; 0.0000
0.1062; 0.1416; 0.0265; 0.0000; 0.0708; 0.3982; 0.0531; 0.2035; 0.0000
0.0000; 0.2500; 0.0000; 0.0000; 0.0000; 0.0000; 0.7500; 0.0000; 0.0000
0.0734; 0.0550; 0.0000; 0.0000; 0.0000; 0.3670; 0.0275; 0.4771; 0.0000
Bootstrap 9
Run TT with 176 training and 89 tests
Run CD with 288 training and 145 tests
Run FKW with 115 training and 58 tests
Run KW with 146 training and 73 tests
Run LPLT with 63 training and 32 tests
Run RD with 226 training and 113 tests
Run WBD with 7 training and 4 tests
Run WSD with 217 training and 109 tests
Confusion Matrix 10.0
0.4382; 0.2360; 0.0562; 0.0000; 0.0000; 0.1236; 0.1011; 0.0449; 0.0000
0.0621; 0.4276; 0.0000; 0.0000; 0.0000; 0.1793; 0.3241; 0.0069; 0.0000
0.0000; 0.0345; 0.9655; 0.0000; 0.0000; 0.0000; 0.0000; 0.0000; 0.0000
0.0000; 0.0000; 0.0274; 0.8630; 0.0959; 0.0000; 0.0137; 0.0000; 0.0000
0.0000; 0.0000; 0.0000; 0.7188; 0.2813; 0.0000; 0.0000; 0.0000; 0.0000
0.0088; 0.0265; 0.0000; 0.0000; 0.0000; 0.5929; 0.0088; 0.3628; 0.0000
0.0000; 0.2500; 0.0000; 0.0000; 0.0000; 0.2500; 0.5000; 0.0000; 0.0000
0.0917; 0.0826; 0.0000; 0.0000; 0.0092; 0.2661; 0.0550; 0.4954; 0.0000
Bootstrap 10
Run TT with 176 training and 89 tests
Run CD with 288 training and 145 tests
Run FKW with 115 training and 58 tests
Run KW with 146 training and 73 tests
Run LPLT with 63 training and 32 tests
Run RD with 226 training and 113 tests
Run WBD with 7 training and 4 tests
Run WSD with 217 training and 109 tests
Confusion Matrix 11.0
0.4045; 0.2809; 0.0562; 0.0000; 0.0000; 0.1011; 0.1011; 0.0562; 0.0000
0.0483; 0.4138; 0.0138; 0.0000; 0.0000; 0.1448; 0.2621; 0.1172; 0.0000
0.0000; 0.0000; 0.8793; 0.0345; 0.0517; 0.0172; 0.0172; 0.0000; 0.0000
0.0000; 0.0000; 0.0137; 0.8493; 0.0959; 0.0000; 0.0411; 0.0000; 0.0000
0.0000; 0.0000; 0.0000; 0.6250; 0.3750; 0.0000; 0.0000; 0.0000; 0.0000
0.0177; 0.1504; 0.0000; 0.0000; 0.0000; 0.5487; 0.0000; 0.2832; 0.0000
0.0000; 0.5000; 0.0000; 0.0000; 0.0000; 0.0000; 0.5000; 0.0000; 0.0000
0.0734; 0.1009; 0.0092; 0.0000; 0.0000; 0.3211; 0.0092; 0.4862; 0.0000
Bootstrap 11
Run TT with 176 training and 89 tests
Run CD with 288 training and 145 tests
Run FKW with 115 training and 58 tests
Run KW with 146 training and 73 tests
Run LPLT with 63 training and 32 tests
Run RD with 226 training and 113 tests
Run WBD with 7 training and 4 tests
Run WSD with 217 training and 109 tests
Confusion Matrix 12.0
0.5618; 0.1461; 0.0337; 0.0000; 0.0000; 0.0112; 0.0787; 0.1685; 0.0000
0.0621; 0.4276; 0.0000; 0.0000; 0.0000; 0.0897; 0.3310; 0.0897; 0.0000
0.0000; 0.0000; 0.9655; 0.0345; 0.0000; 0.0000; 0.0000; 0.0000; 0.0000
0.0000; 0.0000; 0.0137; 0.7534; 0.2055; 0.0000; 0.0274; 0.0000; 0.0000
0.0000; 0.0000; 0.1563; 0.0000; 0.8438; 0.0000; 0.0000; 0.0000; 0.0000
0.0354; 0.0531; 0.0177; 0.0177; 0.0354; 0.4956; 0.0177; 0.3274; 0.0000
0.0000; 0.2500; 0.0000; 0.0000; 0.0000; 0.0000; 0.7500; 0.0000; 0.0000
0.0642; 0.0550; 0.0092; 0.0000; 0.0000; 0.2936; 0.0183; 0.5596; 0.0000
Bootstrap 12
Run TT with 176 training and 89 tests
Run CD with 288 training and 145 tests
Run FKW with 115 training and 58 tests
Run KW with 146 training and 73 tests
Run LPLT with 63 training and 32 tests
Run RD with 226 training and 113 tests
Run WBD with 7 training and 4 tests
Run WSD with 217 training and 109 tests
Confusion Matrix 13.0
0.4494; 0.2135; 0.0337; 0.0000; 0.0225; 0.0449; 0.1124; 0.1236; 0.0000
0.0414; 0.4690; 0.0000; 0.0000; 0.0000; 0.1448; 0.3172; 0.0276; 0.0000
0.0000; 0.0000; 0.9655; 0.0345; 0.0000; 0.0000; 0.0000; 0.0000; 0.0000
0.0000; 0.0000; 0.0822; 0.6849; 0.2055; 0.0000; 0.0274; 0.0000; 0.0000
0.0000; 0.0000; 0.0313; 0.4063; 0.5625; 0.0000; 0.0000; 0.0000; 0.0000
0.0088; 0.0265; 0.0000; 0.0000; 0.0000; 0.5752; 0.0000; 0.3894; 0.0000
0.0000; 0.2500; 0.0000; 0.0000; 0.0000; 0.2500; 0.5000; 0.0000; 0.0000
0.0734; 0.0826; 0.0000; 0.0000; 0.0000; 0.2936; 0.0459; 0.5046; 0.0000
Bootstrap 13
Run TT with 176 training and 89 tests
Run CD with 288 training and 145 tests
Run FKW with 115 training and 58 tests
Run KW with 146 training and 73 tests
Run LPLT with 63 training and 32 tests
Run RD with 226 training and 113 tests
Run WBD with 7 training and 4 tests
Run WSD with 217 training and 109 tests
Confusion Matrix 14.0
0.8090; 0.0112; 0.0337; 0.0000; 0.0000; 0.0674; 0.0112; 0.0674; 0.0000
0.1724; 0.4138; 0.0138; 0.0000; 0.0000; 0.2069; 0.1103; 0.0828; 0.0000
0.0000; 0.0345; 0.8276; 0.0345; 0.1034; 0.0000; 0.0000; 0.0000; 0.0000
0.0000; 0.0000; 0.0274; 0.7123; 0.2466; 0.0000; 0.0137; 0.0000; 0.0000
0.0000; 0.0000; 0.0313; 0.4375; 0.5313; 0.0000; 0.0000; 0.0000; 0.0000
0.0531; 0.0885; 0.0177; 0.0088; 0.0619; 0.4779; 0.0531; 0.2389; 0.0000
0.0000; 0.5000; 0.0000; 0.0000; 0.0000; 0.0000; 0.5000; 0.0000; 0.0000
0.0826; 0.0826; 0.0000; 0.0000; 0.0000; 0.2661; 0.0550; 0.5138; 0.0000
Bootstrap 14
Run TT with 176 training and 89 tests
Run CD with 288 training and 145 tests
Run FKW with 115 training and 58 tests
Run KW with 146 training and 73 tests
Run LPLT with 63 training and 32 tests
Run RD with 226 training and 113 tests
Run WBD with 7 training and 4 tests
Run WSD with 217 training and 109 tests
Confusion Matrix 15.0
0.6742; 0.1011; 0.0337; 0.0000; 0.0112; 0.0562; 0.0449; 0.0787; 0.0000
0.0690; 0.4759; 0.0000; 0.0000; 0.0000; 0.0966; 0.3517; 0.0069; 0.0000
0.0000; 0.0345; 0.8276; 0.0172; 0.1207; 0.0000; 0.0000; 0.0000; 0.0000
0.0000; 0.0000; 0.1096; 0.6575; 0.2055; 0.0000; 0.0274; 0.0000; 0.0000
0.0000; 0.0000; 0.0000; 0.6875; 0.3125; 0.0000; 0.0000; 0.0000; 0.0000
0.0973; 0.1327; 0.0088; 0.0000; 0.1062; 0.4336; 0.0708; 0.1504; 0.0000
0.0000; 0.0000; 0.0000; 0.0000; 0.0000; 0.0000; 1.0000; 0.0000; 0.0000
0.0826; 0.0642; 0.0000; 0.0000; 0.0000; 0.3761; 0.0367; 0.4404; 0.0000
Bootstrap 15
Run TT with 176 training and 89 tests
Run CD with 288 training and 145 tests
Run FKW with 115 training and 58 tests
Run KW with 146 training and 73 tests
Run LPLT with 63 training and 32 tests
Run RD with 226 training and 113 tests
Run WBD with 7 training and 4 tests
Run WSD with 217 training and 109 tests
Confusion Matrix 16.0
0.3820; 0.2809; 0.0337; 0.0000; 0.0112; 0.1461; 0.1011; 0.0449; 0.0000
0.0345; 0.4000; 0.0069; 0.0000; 0.0000; 0.1586; 0.3586; 0.0414; 0.0000
0.0000; 0.0172; 0.8793; 0.0517; 0.0517; 0.0000; 0.0000; 0.0000; 0.0000
0.0000; 0.0000; 0.0274; 0.8630; 0.0822; 0.0000; 0.0274; 0.0000; 0.0000
0.0000; 0.0000; 0.0000; 0.6563; 0.3438; 0.0000; 0.0000; 0.0000; 0.0000
0.0000; 0.0177; 0.0000; 0.0000; 0.0000; 0.6460; 0.0088; 0.3274; 0.0000
0.0000; 0.2500; 0.0000; 0.0000; 0.0000; 0.0000; 0.7500; 0.0000; 0.0000
0.0642; 0.0917; 0.0000; 0.0000; 0.0092; 0.2844; 0.0367; 0.5138; 0.0000
Bootstrap 16
Run TT with 176 training and 89 tests
Run CD with 288 training and 145 tests
Run FKW with 115 training and 58 tests
Run KW with 146 training and 73 tests
Run LPLT with 63 training and 32 tests
Run RD with 226 training and 113 tests
Run WBD with 7 training and 4 tests
Run WSD with 217 training and 109 tests
Confusion Matrix 17.0
0.3596; 0.3708; 0.0337; 0.0000; 0.0000; 0.1011; 0.0562; 0.0787; 0.0000
0.1034; 0.3241; 0.0138; 0.0000; 0.0000; 0.2966; 0.1586; 0.1034; 0.0000
0.0000; 0.0345; 0.8966; 0.0172; 0.0517; 0.0000; 0.0000; 0.0000; 0.0000
0.0000; 0.0000; 0.0411; 0.8356; 0.1233; 0.0000; 0.0000; 0.0000; 0.0000
0.0000; 0.0000; 0.0313; 0.0625; 0.9063; 0.0000; 0.0000; 0.0000; 0.0000
0.0000; 0.1681; 0.0000; 0.0000; 0.0000; 0.4336; 0.0265; 0.3717; 0.0000
0.0000; 0.0000; 0.0000; 0.0000; 0.0000; 0.0000; 1.0000; 0.0000; 0.0000
0.0367; 0.0459; 0.0000; 0.0000; 0.0000; 0.3303; 0.0642; 0.5229; 0.0000
Bootstrap 17
Run TT with 176 training and 89 tests
Run CD with 288 training and 145 tests
Run FKW with 115 training and 58 tests
Run KW with 146 training and 73 tests
Run LPLT with 63 training and 32 tests
Run RD with 226 training and 113 tests
Run WBD with 7 training and 4 tests
Run WSD with 217 training and 109 tests
Confusion Matrix 18.0
0.4157; 0.2360; 0.0674; 0.0000; 0.0000; 0.0562; 0.1124; 0.1124; 0.0000
0.0483; 0.4069; 0.0069; 0.0000; 0.0000; 0.1103; 0.3310; 0.0966; 0.0000
0.0000; 0.0345; 0.9310; 0.0000; 0.0172; 0.0000; 0.0172; 0.0000; 0.0000
0.0000; 0.0000; 0.0548; 0.6575; 0.2055; 0.0000; 0.0822; 0.0000; 0.0000
0.0000; 0.0000; 0.0313; 0.4688; 0.5000; 0.0000; 0.0000; 0.0000; 0.0000
0.0708; 0.2301; 0.0000; 0.0000; 0.0000; 0.3982; 0.0708; 0.2301; 0.0000
0.0000; 0.0000; 0.0000; 0.0000; 0.0000; 0.0000; 1.0000; 0.0000; 0.0000
0.0917; 0.0826; 0.0000; 0.0000; 0.0000; 0.2752; 0.0459; 0.5046; 0.0000
Bootstrap 18
Run TT with 176 training and 89 tests
Run CD with 288 training and 145 tests
Run FKW with 115 training and 58 tests
Run KW with 146 training and 73 tests
Run LPLT with 63 training and 32 tests
Run RD with 226 training and 113 tests
Run WBD with 7 training and 4 tests
Run WSD with 217 training and 109 tests
Confusion Matrix 19.0
0.7640; 0.1124; 0.0225; 0.0000; 0.0112; 0.0112; 0.0000; 0.0787; 0.0000
0.1310; 0.3241; 0.0069; 0.0000; 0.0000; 0.2000; 0.2345; 0.1034; 0.0000
0.0000; 0.0000; 0.9138; 0.0517; 0.0345; 0.0000; 0.0000; 0.0000; 0.0000
0.0000; 0.0000; 0.0685; 0.7260; 0.1918; 0.0000; 0.0137; 0.0000; 0.0000
0.0000; 0.0000; 0.0313; 0.5625; 0.4063; 0.0000; 0.0000; 0.0000; 0.0000
0.0885; 0.1593; 0.0354; 0.0000; 0.0796; 0.5044; 0.0442; 0.0885; 0.0000
0.0000; 0.5000; 0.0000; 0.0000; 0.0000; 0.0000; 0.5000; 0.0000; 0.0000
0.0642; 0.0734; 0.0000; 0.0000; 0.0092; 0.3303; 0.0550; 0.4679; 0.0000
Bootstrap 19
Run TT with 176 training and 89 tests
Run CD with 288 training and 145 tests
Run FKW with 115 training and 58 tests
Run KW with 146 training and 73 tests
Run LPLT with 63 training and 32 tests
Run RD with 226 training and 113 tests
Run WBD with 7 training and 4 tests
Run WSD with 217 training and 109 tests
Confusion Matrix 20.0
0.8539; 0.0225; 0.0337; 0.0000; 0.0000; 0.0449; 0.0000; 0.0449; 0.0000
0.0759; 0.4207; 0.0000; 0.0000; 0.0000; 0.1172; 0.3793; 0.0069; 0.0000
0.0000; 0.0000; 0.9483; 0.0000; 0.0345; 0.0000; 0.0172; 0.0000; 0.0000
0.0000; 0.0000; 0.0548; 0.6164; 0.3288; 0.0000; 0.0000; 0.0000; 0.0000
0.0000; 0.0000; 0.0625; 0.1563; 0.7813; 0.0000; 0.0000; 0.0000; 0.0000
0.0000; 0.0796; 0.0000; 0.0000; 0.0000; 0.5664; 0.0088; 0.3451; 0.0000
0.0000; 0.0000; 0.0000; 0.0000; 0.0000; 0.0000; 1.0000; 0.0000; 0.0000
0.1009; 0.0550; 0.0092; 0.0000; 0.0092; 0.3394; 0.0734; 0.4128; 0.0000
Bootstrap 20
Run TT with 176 training and 89 tests
Run CD with 288 training and 145 tests
Run FKW with 115 training and 58 tests
Run KW with 146 training and 73 tests
Run LPLT with 63 training and 32 tests
Run RD with 226 training and 113 tests
Run WBD with 7 training and 4 tests
Run WSD with 217 training and 109 tests
Confusion Matrix 21.0
0.5618; 0.2022; 0.0112; 0.0000; 0.0000; 0.0899; 0.0449; 0.0899; 0.0000
0.0483; 0.4828; 0.0000; 0.0000; 0.0000; 0.0966; 0.3310; 0.0414; 0.0000
0.0000; 0.0000; 0.9483; 0.0000; 0.0517; 0.0000; 0.0000; 0.0000; 0.0000
0.0000; 0.0000; 0.0274; 0.6301; 0.2877; 0.0000; 0.0548; 0.0000; 0.0000
0.0313; 0.0000; 0.1563; 0.1250; 0.6563; 0.0000; 0.0313; 0.0000; 0.0000
0.0000; 0.0531; 0.0000; 0.0000; 0.0000; 0.6726; 0.0088; 0.2655; 0.0000
0.0000; 0.5000; 0.0000; 0.0000; 0.0000; 0.0000; 0.5000; 0.0000; 0.0000
0.0734; 0.1009; 0.0000; 0.0000; 0.0000; 0.2385; 0.0459; 0.5413; 0.0000
Bootstrap 21
Run TT with 176 training and 89 tests
Run CD with 288 training and 145 tests
Run FKW with 115 training and 58 tests
Run KW with 146 training and 73 tests
Run LPLT with 63 training and 32 tests
Run RD with 226 training and 113 tests
Run WBD with 7 training and 4 tests
Run WSD with 217 training and 109 tests
Confusion Matrix 22.0
0.8876; 0.0112; 0.0337; 0.0000; 0.0000; 0.0337; 0.0000; 0.0337; 0.0000
0.1586; 0.3517; 0.0000; 0.0000; 0.0000; 0.2828; 0.1379; 0.0690; 0.0000
0.0000; 0.0345; 0.8966; 0.0000; 0.0517; 0.0000; 0.0172; 0.0000; 0.0000
0.0000; 0.0000; 0.0548; 0.6438; 0.2740; 0.0000; 0.0274; 0.0000; 0.0000
0.0000; 0.0000; 0.0313; 0.2813; 0.6875; 0.0000; 0.0000; 0.0000; 0.0000
0.0354; 0.0708; 0.0000; 0.0000; 0.0000; 0.6106; 0.0177; 0.2655; 0.0000
0.0000; 0.5000; 0.0000; 0.0000; 0.0000; 0.0000; 0.5000; 0.0000; 0.0000
0.1009; 0.0275; 0.0000; 0.0092; 0.0000; 0.3853; 0.0275; 0.4495; 0.0000
Bootstrap 22
Run TT with 176 training and 89 tests
Run CD with 288 training and 145 tests
Run FKW with 115 training and 58 tests
Run KW with 146 training and 73 tests
Run LPLT with 63 training and 32 tests
Run RD with 226 training and 113 tests
Run WBD with 7 training and 4 tests
Run WSD with 217 training and 109 tests
Confusion Matrix 23.0
0.4270; 0.2697; 0.0337; 0.0000; 0.0225; 0.0112; 0.0899; 0.1461; 0.0000
0.0483; 0.6621; 0.0069; 0.0000; 0.0000; 0.0759; 0.1862; 0.0207; 0.0000
0.0000; 0.0172; 0.8793; 0.0517; 0.0517; 0.0000; 0.0000; 0.0000; 0.0000
0.0000; 0.0000; 0.0548; 0.7808; 0.1507; 0.0000; 0.0137; 0.0000; 0.0000
0.0000; 0.0000; 0.0000; 0.6250; 0.3750; 0.0000; 0.0000; 0.0000; 0.0000
0.1416; 0.1858; 0.0354; 0.0177; 0.0442; 0.4159; 0.0708; 0.0885; 0.0000
0.0000; 1.0000; 0.0000; 0.0000; 0.0000; 0.0000; 0.0000; 0.0000; 0.0000
0.0734; 0.1101; 0.0000; 0.0000; 0.0000; 0.3211; 0.0092; 0.4862; 0.0000
Bootstrap 23
Run TT with 176 training and 89 tests
Run CD with 288 training and 145 tests
Run FKW with 115 training and 58 tests
Run KW with 146 training and 73 tests
Run LPLT with 63 training and 32 tests
Run RD with 226 training and 113 tests
Run WBD with 7 training and 4 tests
Run WSD with 217 training and 109 tests
Confusion Matrix 24.0
0.3708; 0.3034; 0.0449; 0.0000; 0.0000; 0.0899; 0.1124; 0.0787; 0.0000
0.0276; 0.4000; 0.0000; 0.0000; 0.0000; 0.1793; 0.3724; 0.0207; 0.0000
0.0000; 0.0000; 0.9483; 0.0345; 0.0172; 0.0000; 0.0000; 0.0000; 0.0000
0.0000; 0.0000; 0.0137; 0.8082; 0.1370; 0.0000; 0.0411; 0.0000; 0.0000
0.0000; 0.0000; 0.0000; 0.2500; 0.7500; 0.0000; 0.0000; 0.0000; 0.0000
0.0000; 0.0265; 0.0000; 0.0000; 0.0000; 0.7345; 0.0000; 0.2389; 0.0000
0.0000; 0.0000; 0.0000; 0.0000; 0.0000; 0.2500; 0.7500; 0.0000; 0.0000
0.0734; 0.0917; 0.0000; 0.0000; 0.0000; 0.3119; 0.0459; 0.4771; 0.0000
Bootstrap 24
Run TT with 176 training and 89 tests
Run CD with 288 training and 145 tests
Run FKW with 115 training and 58 tests
Run KW with 146 training and 73 tests
Run LPLT with 63 training and 32 tests
Run RD with 226 training and 113 tests
Run WBD with 7 training and 4 tests
Run WSD with 217 training and 109 tests
Confusion Matrix 25.0
0.5056; 0.2584; 0.0225; 0.0000; 0.0112; 0.0449; 0.0225; 0.1348; 0.0000
0.0966; 0.3862; 0.0000; 0.0000; 0.0000; 0.2483; 0.1724; 0.0966; 0.0000
0.0000; 0.0172; 0.9310; 0.0000; 0.0517; 0.0000; 0.0000; 0.0000; 0.0000
0.0000; 0.0000; 0.0411; 0.7808; 0.1507; 0.0000; 0.0274; 0.0000; 0.0000
0.0000; 0.0000; 0.0000; 0.6250; 0.3750; 0.0000; 0.0000; 0.0000; 0.0000
0.0000; 0.0000; 0.0000; 0.0000; 0.0000; 0.7168; 0.0177; 0.2655; 0.0000
0.0000; 0.2500; 0.0000; 0.0000; 0.0000; 0.0000; 0.7500; 0.0000; 0.0000
0.1101; 0.0367; 0.0000; 0.0000; 0.0092; 0.2569; 0.0642; 0.5229; 0.0000
Bootstrap 25
Run TT with 176 training and 89 tests
Run CD with 288 training and 145 tests
Run FKW with 115 training and 58 tests
Run KW with 146 training and 73 tests
Run LPLT with 63 training and 32 tests
Run RD with 226 training and 113 tests
Run WBD with 7 training and 4 tests
Run WSD with 217 training and 109 tests
Confusion Matrix 26.0
0.7191; 0.0674; 0.0112; 0.0000; 0.0112; 0.0674; 0.0337; 0.0899; 0.0000
0.0897; 0.4138; 0.0000; 0.0000; 0.0000; 0.1103; 0.3862; 0.0000; 0.0000
0.0000; 0.0345; 0.8621; 0.0345; 0.0345; 0.0345; 0.0000; 0.0000; 0.0000
0.0000; 0.0000; 0.0137; 0.9041; 0.0822; 0.0000; 0.0000; 0.0000; 0.0000
0.0000; 0.0000; 0.0000; 0.7188; 0.2813; 0.0000; 0.0000; 0.0000; 0.0000
0.0000; 0.0796; 0.0000; 0.0000; 0.0000; 0.5841; 0.0265; 0.3097; 0.0000
0.0000; 0.0000; 0.0000; 0.0000; 0.0000; 0.0000; 1.0000; 0.0000; 0.0000
0.0917; 0.0917; 0.0000; 0.0092; 0.0000; 0.3486; 0.0183; 0.4404; 0.0000
Bootstrap 26
Run TT with 176 training and 89 tests
Run CD with 288 training and 145 tests
Run FKW with 115 training and 58 tests
Run KW with 146 training and 73 tests
Run LPLT with 63 training and 32 tests
Run RD with 226 training and 113 tests
Run WBD with 7 training and 4 tests
Run WSD with 217 training and 109 tests
Confusion Matrix 27.0
0.3820; 0.2921; 0.0674; 0.0000; 0.0000; 0.1011; 0.1124; 0.0449; 0.0000
0.0552; 0.5034; 0.0069; 0.0000; 0.0000; 0.2069; 0.1586; 0.0690; 0.0000
0.0000; 0.0000; 0.9310; 0.0000; 0.0172; 0.0000; 0.0345; 0.0172; 0.0000
0.0000; 0.0000; 0.0411; 0.7534; 0.1644; 0.0000; 0.0411; 0.0000; 0.0000
0.0000; 0.0000; 0.0938; 0.0313; 0.8438; 0.0000; 0.0313; 0.0000; 0.0000
0.0354; 0.0531; 0.0265; 0.0088; 0.0442; 0.5575; 0.0088; 0.2655; 0.0000
0.0000; 0.2500; 0.0000; 0.0000; 0.0000; 0.2500; 0.5000; 0.0000; 0.0000
0.0917; 0.1009; 0.0000; 0.0000; 0.0000; 0.2844; 0.0275; 0.4954; 0.0000
Bootstrap 27
Run TT with 176 training and 89 tests
Run CD with 288 training and 145 tests
Run FKW with 115 training and 58 tests
Run KW with 146 training and 73 tests
Run LPLT with 63 training and 32 tests
Run RD with 226 training and 113 tests
Run WBD with 7 training and 4 tests
Run WSD with 217 training and 109 tests
Confusion Matrix 28.0
0.3596; 0.3034; 0.0337; 0.0000; 0.0000; 0.1348; 0.1124; 0.0562; 0.0000
0.0276; 0.3517; 0.0000; 0.0000; 0.0000; 0.1724; 0.4138; 0.0345; 0.0000
0.0000; 0.0000; 0.9483; 0.0172; 0.0000; 0.0172; 0.0172; 0.0000; 0.0000
0.0000; 0.0000; 0.0411; 0.6301; 0.3151; 0.0000; 0.0137; 0.0000; 0.0000
0.0313; 0.0000; 0.1875; 0.0938; 0.6875; 0.0000; 0.0000; 0.0000; 0.0000
0.0000; 0.1150; 0.0000; 0.0000; 0.0000; 0.5841; 0.0000; 0.3009; 0.0000
0.0000; 0.0000; 0.0000; 0.0000; 0.0000; 0.0000; 1.0000; 0.0000; 0.0000
0.0642; 0.0917; 0.0000; 0.0000; 0.0000; 0.3211; 0.0642; 0.4587; 0.0000
Bootstrap 28
Run TT with 176 training and 89 tests
Run CD with 288 training and 145 tests
Run FKW with 115 training and 58 tests
Run KW with 146 training and 73 tests
Run LPLT with 63 training and 32 tests
Run RD with 226 training and 113 tests
Run WBD with 7 training and 4 tests
Run WSD with 217 training and 109 tests
Confusion Matrix 29.0
0.7416; 0.0562; 0.0000; 0.0000; 0.0112; 0.0112; 0.0562; 0.1236; 0.0000
0.1103; 0.4759; 0.0069; 0.0000; 0.0000; 0.2690; 0.0621; 0.0759; 0.0000
0.0000; 0.0172; 0.9483; 0.0000; 0.0345; 0.0000; 0.0000; 0.0000; 0.0000
0.0000; 0.0000; 0.0274; 0.8219; 0.1233; 0.0000; 0.0274; 0.0000; 0.0000
0.0000; 0.0000; 0.0000; 0.5938; 0.4063; 0.0000; 0.0000; 0.0000; 0.0000
0.0088; 0.0885; 0.0000; 0.0000; 0.0000; 0.5841; 0.0000; 0.3186; 0.0000
0.0000; 0.7500; 0.0000; 0.0000; 0.0000; 0.0000; 0.2500; 0.0000; 0.0000
0.0734; 0.0734; 0.0000; 0.0000; 0.0000; 0.2752; 0.0275; 0.5505; 0.0000
Bootstrap 29
Run TT with 176 training and 89 tests
Run CD with 288 training and 145 tests
Run FKW with 115 training and 58 tests
Run KW with 146 training and 73 tests
Run LPLT with 63 training and 32 tests
Run RD with 226 training and 113 tests
Run WBD with 7 training and 4 tests
Run WSD with 217 training and 109 tests
Confusion Matrix 30.0
0.8764; 0.0000; 0.0112; 0.0000; 0.0225; 0.0112; 0.0112; 0.0674; 0.0000
0.0414; 0.4552; 0.0069; 0.0000; 0.0000; 0.0690; 0.3724; 0.0552; 0.0000
0.0000; 0.0172; 0.9483; 0.0000; 0.0172; 0.0000; 0.0172; 0.0000; 0.0000
0.0000; 0.0000; 0.0959; 0.7260; 0.1233; 0.0000; 0.0548; 0.0000; 0.0000
0.0000; 0.0000; 0.0000; 0.6563; 0.3438; 0.0000; 0.0000; 0.0000; 0.0000
0.0619; 0.1770; 0.0000; 0.0000; 0.0000; 0.4336; 0.0354; 0.2920; 0.0000
0.0000; 0.0000; 0.0000; 0.0000; 0.0000; 0.0000; 1.0000; 0.0000; 0.0000
0.0917; 0.0459; 0.0000; 0.0000; 0.0092; 0.2385; 0.0734; 0.5413; 0.0000
Mean confusion
0.5940; 0.1667; 0.0330; 0.0000; 0.0075; 0.0607; 0.0573; 0.0809; 0.0000
0.0855; 0.4209; 0.0046; 0.0000; 0.0000; 0.1789; 0.2478; 0.0623; 0.0000
0.0011; 0.0149; 0.9138; 0.0161; 0.0437; 0.0023; 0.0075; 0.0006; 0.0000
0.0000; 0.0000; 0.0406; 0.7603; 0.1699; 0.0000; 0.0292; 0.0000; 0.0000
0.0021; 0.0000; 0.0323; 0.4229; 0.5406; 0.0000; 0.0021; 0.0000; 0.0000
0.0345; 0.0938; 0.0080; 0.0024; 0.0186; 0.5490; 0.0239; 0.2699; 0.0000
0.0000; 0.2750; 0.0000; 0.0000; 0.0000; 0.0333; 0.6917; 0.0000; 0.0000
0.0780; 0.0752; 0.0012; 0.0006; 0.0040; 0.3040; 0.0428; 0.4942; 0.0000
STD Confusion
0.1990; 0.1173; 0.0174; 0.0000; 0.0080; 0.0442; 0.0444; 0.0369; 0.0000
0.0420; 0.0712; 0.0046; 0.0000; 0.0000; 0.0696; 0.1087; 0.0388; 0.0000
0.0044; 0.0162; 0.0410; 0.0186; 0.0303; 0.0075; 0.0108; 0.0031; 0.0000
0.0000; 0.0000; 0.0289; 0.0954; 0.0756; 0.0000; 0.0196; 0.0000; 0.0000
0.0079; 0.0000; 0.0516; 0.2309; 0.1927; 0.0000; 0.0079; 0.0000; 0.0000
0.0447; 0.0590; 0.0136; 0.0057; 0.0312; 0.1005; 0.0248; 0.0844; 0.0000
0.0000; 0.3034; 0.0000; 0.0000; 0.0000; 0.0864; 0.3057; 0.0000; 0.0000
0.0192; 0.0230; 0.0032; 0.0023; 0.0062; 0.0389; 0.0178; 0.0382; 0.0000
Lower 95% CI
0.3596; 0.0000; 0.0000; 0.0000; 0.0000; 0.0112; 0.0000; 0.0337; 0.0000
0.0276; 0.2966; 0.0000; 0.0000; 0.0000; 0.0690; 0.0621; 0.0000; 0.0000
0.0000; 0.0000; 0.8276; 0.0000; 0.0000; 0.0000; 0.0000; 0.0000; 0.0000
0.0000; 0.0000; 0.0000; 0.6027; 0.0822; 0.0000; 0.0000; 0.0000; 0.0000
0.0000; 0.0000; 0.0000; 0.0000; 0.2813; 0.0000; 0.0000; 0.0000; 0.0000
0.0000; 0.0000; 0.0000; 0.0000; 0.0000; 0.3982; 0.0000; 0.0885; 0.0000
0.0000; 0.0000; 0.0000; 0.0000; 0.0000; 0.0000; 0.0000; 0.0000; 0.0000
0.0367; 0.0275; 0.0000; 0.0000; 0.0000; 0.2385; 0.0092; 0.4128; 0.0000
Upper 95% CI
0.8876; 0.3708; 0.0674; 0.0000; 0.0225; 0.1573; 0.1236; 0.1685; 0.0000
0.1724; 0.6621; 0.0138; 0.0000; 0.0000; 0.3034; 0.4138; 0.1379; 0.0000
0.0172; 0.0517; 0.9655; 0.0517; 0.1207; 0.0345; 0.0345; 0.0172; 0.0000
0.0000; 0.0000; 0.1096; 0.9041; 0.3288; 0.0000; 0.0822; 0.0000; 0.0000
0.0313; 0.0000; 0.1875; 0.7188; 0.9063; 0.0000; 0.0313; 0.0000; 0.0000
0.1416; 0.2301; 0.0442; 0.0177; 0.1062; 0.7345; 0.0708; 0.3982; 0.0000
0.0000; 1.0000; 0.0000; 0.0000; 0.0000; 0.2500; 1.0000; 0.0000; 0.0000
0.1376; 0.1193; 0.0092; 0.0092; 0.0183; 0.3853; 0.0734; 0.5596; 0.0000
Run TT with 265 training and 0 tests
Run CD with 433 training and 0 tests
Run FKW with 173 training and 0 tests
Run KW with 219 training and 0 tests
Run LPLT with 95 training and 0 tests
Run RD with 339 training and 0 tests
Run WBD with 11 training and 0 tests
Run WSD with 326 training and 0 tests