Total Bootstraps 30
Num Species 8
FragmentLength 30; Section Length 50
TT; CD; FKW; KW; LPLT; RD; WBD; WSD
Bootstrap 0
Run TT with 96 training and 49 tests
Run CD with 158 training and 80 tests
Run FKW with 68 training and 34 tests
Run KW with 77 training and 39 tests
Run LPLT with 34 training and 17 tests
Run RD with 118 training and 60 tests
Run WBD with 4 training and 2 tests
Run WSD with 112 training and 57 tests
Confusion Matrix 1.0
0.7959; 0.0816; 0.0204; 0.0000; 0.0000; 0.0000; 0.0612; 0.0408; 0.0000
0.0250; 0.6125; 0.0000; 0.0000; 0.0000; 0.0500; 0.2125; 0.1000; 0.0000
0.0000; 0.0000; 0.9706; 0.0000; 0.0294; 0.0000; 0.0000; 0.0000; 0.0000
0.0000; 0.0000; 0.0256; 0.9487; 0.0256; 0.0000; 0.0000; 0.0000; 0.0000
0.0000; 0.0000; 0.0000; 0.2941; 0.7059; 0.0000; 0.0000; 0.0000; 0.0000
0.0333; 0.2667; 0.0000; 0.0000; 0.0000; 0.4333; 0.0333; 0.2333; 0.0000
0.0000; 1.0000; 0.0000; 0.0000; 0.0000; 0.0000; 0.0000; 0.0000; 0.0000
0.0702; 0.0702; 0.0000; 0.0000; 0.0000; 0.2105; 0.0000; 0.6491; 0.0000
Bootstrap 1
Run TT with 96 training and 49 tests
Run CD with 158 training and 80 tests
Run FKW with 68 training and 34 tests
Run KW with 77 training and 39 tests
Run LPLT with 34 training and 17 tests
Run RD with 118 training and 60 tests
Run WBD with 4 training and 2 tests
Run WSD with 112 training and 57 tests
Confusion Matrix 2.0
0.7551; 0.1429; 0.0000; 0.0000; 0.0000; 0.0408; 0.0408; 0.0204; 0.0000
0.0625; 0.4125; 0.0125; 0.0000; 0.0000; 0.2500; 0.1625; 0.1000; 0.0000
0.0000; 0.0588; 0.9412; 0.0000; 0.0000; 0.0000; 0.0000; 0.0000; 0.0000
0.0000; 0.0000; 0.0513; 0.8205; 0.1282; 0.0000; 0.0000; 0.0000; 0.0000
0.0000; 0.0000; 0.0000; 0.4706; 0.5294; 0.0000; 0.0000; 0.0000; 0.0000
0.0000; 0.0000; 0.0000; 0.0000; 0.0000; 0.7167; 0.0000; 0.2833; 0.0000
0.0000; 0.5000; 0.0000; 0.0000; 0.0000; 0.0000; 0.5000; 0.0000; 0.0000
0.0351; 0.0702; 0.0000; 0.0000; 0.0000; 0.2105; 0.0702; 0.6140; 0.0000
Bootstrap 2
Run TT with 96 training and 49 tests
Run CD with 158 training and 80 tests
Run FKW with 68 training and 34 tests
Run KW with 77 training and 39 tests
Run LPLT with 34 training and 17 tests
Run RD with 118 training and 60 tests
Run WBD with 4 training and 2 tests
Run WSD with 112 training and 57 tests
Confusion Matrix 3.0
0.6735; 0.2041; 0.0000; 0.0000; 0.0000; 0.0612; 0.0408; 0.0204; 0.0000
0.0750; 0.5625; 0.0125; 0.0000; 0.0000; 0.1750; 0.1000; 0.0750; 0.0000
0.0000; 0.0588; 0.9118; 0.0000; 0.0294; 0.0000; 0.0000; 0.0000; 0.0000
0.0000; 0.0000; 0.0000; 0.7692; 0.2308; 0.0000; 0.0000; 0.0000; 0.0000
0.0000; 0.0000; 0.0000; 0.1176; 0.8824; 0.0000; 0.0000; 0.0000; 0.0000
0.1000; 0.1167; 0.0000; 0.0167; 0.0167; 0.4833; 0.0667; 0.2000; 0.0000
0.0000; 0.0000; 0.0000; 0.0000; 0.0000; 0.0000; 1.0000; 0.0000; 0.0000
0.0526; 0.0351; 0.0000; 0.0000; 0.0000; 0.2807; 0.0351; 0.5965; 0.0000
Bootstrap 3
Run TT with 96 training and 49 tests
Run CD with 158 training and 80 tests
Run FKW with 68 training and 34 tests
Run KW with 77 training and 39 tests
Run LPLT with 34 training and 17 tests
Run RD with 118 training and 60 tests
Run WBD with 4 training and 2 tests
Run WSD with 112 training and 57 tests
Confusion Matrix 4.0
0.4490; 0.2245; 0.0816; 0.0000; 0.0000; 0.0204; 0.0816; 0.1429; 0.0000
0.1000; 0.4875; 0.0125; 0.0000; 0.0000; 0.2250; 0.0625; 0.1125; 0.0000
0.0000; 0.0294; 0.9412; 0.0000; 0.0294; 0.0000; 0.0000; 0.0000; 0.0000
0.0000; 0.0000; 0.1282; 0.6154; 0.2564; 0.0000; 0.0000; 0.0000; 0.0000
0.0000; 0.0000; 0.0000; 0.0588; 0.9412; 0.0000; 0.0000; 0.0000; 0.0000
0.0667; 0.2167; 0.0167; 0.0000; 0.0333; 0.4000; 0.0833; 0.1833; 0.0000
0.0000; 1.0000; 0.0000; 0.0000; 0.0000; 0.0000; 0.0000; 0.0000; 0.0000
0.0175; 0.0702; 0.0000; 0.0000; 0.0000; 0.3158; 0.0351; 0.5614; 0.0000
Bootstrap 4
Run TT with 96 training and 49 tests
Run CD with 158 training and 80 tests
Run FKW with 68 training and 34 tests
Run KW with 77 training and 39 tests
Run LPLT with 34 training and 17 tests
Run RD with 118 training and 60 tests
Run WBD with 4 training and 2 tests
Run WSD with 112 training and 57 tests
Confusion Matrix 5.0
0.4286; 0.2245; 0.0816; 0.0000; 0.0204; 0.0000; 0.1224; 0.1224; 0.0000
0.0375; 0.6875; 0.0000; 0.0000; 0.0000; 0.0625; 0.2125; 0.0000; 0.0000
0.0000; 0.0294; 0.9706; 0.0000; 0.0000; 0.0000; 0.0000; 0.0000; 0.0000
0.0000; 0.0000; 0.0513; 0.8974; 0.0256; 0.0000; 0.0256; 0.0000; 0.0000
0.0000; 0.0000; 0.0588; 0.4706; 0.4706; 0.0000; 0.0000; 0.0000; 0.0000
0.0000; 0.0167; 0.0000; 0.0000; 0.0000; 0.6000; 0.0000; 0.3833; 0.0000
0.0000; 0.5000; 0.0000; 0.0000; 0.0000; 0.0000; 0.5000; 0.0000; 0.0000
0.0351; 0.1053; 0.0000; 0.0000; 0.0000; 0.2456; 0.0175; 0.5965; 0.0000
Bootstrap 5
Run TT with 96 training and 49 tests
Run CD with 158 training and 80 tests
Run FKW with 68 training and 34 tests
Run KW with 77 training and 39 tests
Run LPLT with 34 training and 17 tests
Run RD with 118 training and 60 tests
Run WBD with 4 training and 2 tests
Run WSD with 112 training and 57 tests
Confusion Matrix 6.0
0.8367; 0.0408; 0.0000; 0.0000; 0.0000; 0.0000; 0.0612; 0.0612; 0.0000
0.1250; 0.4000; 0.0125; 0.0000; 0.0000; 0.2750; 0.1000; 0.0875; 0.0000
0.0000; 0.0000; 0.8824; 0.0588; 0.0588; 0.0000; 0.0000; 0.0000; 0.0000
0.0000; 0.0000; 0.0000; 0.9744; 0.0256; 0.0000; 0.0000; 0.0000; 0.0000
0.0000; 0.0000; 0.0000; 0.2353; 0.7647; 0.0000; 0.0000; 0.0000; 0.0000
0.0000; 0.0333; 0.0000; 0.0000; 0.0000; 0.6167; 0.0000; 0.3500; 0.0000
0.0000; 0.0000; 0.0000; 0.0000; 0.0000; 0.0000; 1.0000; 0.0000; 0.0000
0.0526; 0.0351; 0.0000; 0.0000; 0.0000; 0.2632; 0.0526; 0.5965; 0.0000
Bootstrap 6
Run TT with 96 training and 49 tests
Run CD with 158 training and 80 tests
Run FKW with 68 training and 34 tests
Run KW with 77 training and 39 tests
Run LPLT with 34 training and 17 tests
Run RD with 118 training and 60 tests
Run WBD with 4 training and 2 tests
Run WSD with 112 training and 57 tests
Confusion Matrix 7.0
0.9388; 0.0000; 0.0000; 0.0000; 0.0000; 0.0204; 0.0000; 0.0408; 0.0000
0.0875; 0.4375; 0.0125; 0.0000; 0.0000; 0.2250; 0.0750; 0.1625; 0.0000
0.0000; 0.0000; 0.9706; 0.0294; 0.0000; 0.0000; 0.0000; 0.0000; 0.0000
0.0000; 0.0000; 0.1795; 0.5897; 0.2308; 0.0000; 0.0000; 0.0000; 0.0000
0.0000; 0.0000; 0.0000; 0.0588; 0.9412; 0.0000; 0.0000; 0.0000; 0.0000
0.0000; 0.0000; 0.0000; 0.0000; 0.0000; 0.5833; 0.0000; 0.4167; 0.0000
0.0000; 0.5000; 0.0000; 0.0000; 0.0000; 0.0000; 0.5000; 0.0000; 0.0000
0.0351; 0.0702; 0.0000; 0.0000; 0.0000; 0.3158; 0.0000; 0.5789; 0.0000
Bootstrap 7
Run TT with 96 training and 49 tests
Run CD with 158 training and 80 tests
Run FKW with 68 training and 34 tests
Run KW with 77 training and 39 tests
Run LPLT with 34 training and 17 tests
Run RD with 118 training and 60 tests
Run WBD with 4 training and 2 tests
Run WSD with 112 training and 57 tests
Confusion Matrix 8.0
0.9796; 0.0000; 0.0000; 0.0000; 0.0000; 0.0000; 0.0000; 0.0204; 0.0000
0.0250; 0.5750; 0.0000; 0.0000; 0.0000; 0.0875; 0.3000; 0.0125; 0.0000
0.0000; 0.0294; 0.9118; 0.0000; 0.0588; 0.0000; 0.0000; 0.0000; 0.0000
0.0000; 0.0000; 0.0000; 0.8974; 0.1026; 0.0000; 0.0000; 0.0000; 0.0000
0.0000; 0.0000; 0.0588; 0.1176; 0.8235; 0.0000; 0.0000; 0.0000; 0.0000
0.0167; 0.0333; 0.0000; 0.0000; 0.0000; 0.6000; 0.0000; 0.3500; 0.0000
0.0000; 0.0000; 0.0000; 0.0000; 0.0000; 0.0000; 1.0000; 0.0000; 0.0000
0.0877; 0.0351; 0.0000; 0.0000; 0.0000; 0.2105; 0.0351; 0.6316; 0.0000
Bootstrap 8
Run TT with 96 training and 49 tests
Run CD with 158 training and 80 tests
Run FKW with 68 training and 34 tests
Run KW with 77 training and 39 tests
Run LPLT with 34 training and 17 tests
Run RD with 118 training and 60 tests
Run WBD with 4 training and 2 tests
Run WSD with 112 training and 57 tests
Confusion Matrix 9.0
0.8980; 0.0000; 0.0204; 0.0000; 0.0000; 0.0000; 0.0000; 0.0816; 0.0000
0.1250; 0.3250; 0.0125; 0.0000; 0.0000; 0.2875; 0.1125; 0.1375; 0.0000
0.0000; 0.0294; 0.8824; 0.0588; 0.0294; 0.0000; 0.0000; 0.0000; 0.0000
0.0000; 0.0000; 0.0256; 0.9487; 0.0256; 0.0000; 0.0000; 0.0000; 0.0000
0.0000; 0.0000; 0.0000; 0.8235; 0.1765; 0.0000; 0.0000; 0.0000; 0.0000
0.0000; 0.0000; 0.0000; 0.0000; 0.0000; 0.6333; 0.0000; 0.3667; 0.0000
0.0000; 0.0000; 0.0000; 0.0000; 0.0000; 0.0000; 1.0000; 0.0000; 0.0000
0.0877; 0.0526; 0.0000; 0.0000; 0.0000; 0.2632; 0.0351; 0.5614; 0.0000
Bootstrap 9
Run TT with 96 training and 49 tests
Run CD with 158 training and 80 tests
Run FKW with 68 training and 34 tests
Run KW with 77 training and 39 tests
Run LPLT with 34 training and 17 tests
Run RD with 118 training and 60 tests
Run WBD with 4 training and 2 tests
Run WSD with 112 training and 57 tests
Confusion Matrix 10.0
0.8571; 0.0204; 0.0000; 0.0000; 0.0000; 0.1020; 0.0000; 0.0204; 0.0000
0.1125; 0.3750; 0.0125; 0.0000; 0.0000; 0.3125; 0.0750; 0.1125; 0.0000
0.0000; 0.0000; 0.9412; 0.0000; 0.0588; 0.0000; 0.0000; 0.0000; 0.0000
0.0000; 0.0000; 0.0256; 0.9744; 0.0000; 0.0000; 0.0000; 0.0000; 0.0000
0.0000; 0.0000; 0.0000; 0.6471; 0.3529; 0.0000; 0.0000; 0.0000; 0.0000
0.0000; 0.0167; 0.0000; 0.0000; 0.0000; 0.5667; 0.0000; 0.4167; 0.0000
0.0000; 0.5000; 0.0000; 0.0000; 0.0000; 0.0000; 0.5000; 0.0000; 0.0000
0.1228; 0.0351; 0.0000; 0.0000; 0.0000; 0.2632; 0.0175; 0.5614; 0.0000
Bootstrap 10
Run TT with 96 training and 49 tests
Run CD with 158 training and 80 tests
Run FKW with 68 training and 34 tests
Run KW with 77 training and 39 tests
Run LPLT with 34 training and 17 tests
Run RD with 118 training and 60 tests
Run WBD with 4 training and 2 tests
Run WSD with 112 training and 57 tests
Confusion Matrix 11.0
0.8980; 0.0000; 0.0204; 0.0000; 0.0000; 0.0000; 0.0408; 0.0408; 0.0000
0.1125; 0.4125; 0.0125; 0.0000; 0.0000; 0.2000; 0.1250; 0.1375; 0.0000
0.0000; 0.0294; 0.9412; 0.0294; 0.0000; 0.0000; 0.0000; 0.0000; 0.0000
0.0000; 0.0000; 0.1282; 0.6410; 0.2308; 0.0000; 0.0000; 0.0000; 0.0000
0.0000; 0.0000; 0.0000; 0.4118; 0.5882; 0.0000; 0.0000; 0.0000; 0.0000
0.0000; 0.0000; 0.0000; 0.0000; 0.0000; 0.5500; 0.0000; 0.4500; 0.0000
0.0000; 0.0000; 0.0000; 0.0000; 0.0000; 0.0000; 1.0000; 0.0000; 0.0000
0.0351; 0.0351; 0.0000; 0.0000; 0.0000; 0.2807; 0.0000; 0.6491; 0.0000
Bootstrap 11
Run TT with 96 training and 49 tests
Run CD with 158 training and 80 tests
Run FKW with 68 training and 34 tests
Run KW with 77 training and 39 tests
Run LPLT with 34 training and 17 tests
Run RD with 118 training and 60 tests
Run WBD with 4 training and 2 tests
Run WSD with 112 training and 57 tests
Confusion Matrix 12.0
0.7551; 0.1020; 0.0204; 0.0000; 0.0000; 0.0204; 0.0204; 0.0816; 0.0000
0.0375; 0.6375; 0.0000; 0.0000; 0.0000; 0.0875; 0.2250; 0.0125; 0.0000
0.0000; 0.0000; 0.8235; 0.0000; 0.1471; 0.0000; 0.0294; 0.0000; 0.0000
0.0000; 0.0000; 0.1282; 0.5897; 0.2821; 0.0000; 0.0000; 0.0000; 0.0000
0.0000; 0.0000; 0.0000; 0.6471; 0.3529; 0.0000; 0.0000; 0.0000; 0.0000
0.0000; 0.0167; 0.0000; 0.0000; 0.0000; 0.4333; 0.0000; 0.5500; 0.0000
0.0000; 0.5000; 0.0000; 0.0000; 0.0000; 0.0000; 0.5000; 0.0000; 0.0000
0.0351; 0.0526; 0.0000; 0.0000; 0.0000; 0.3333; 0.0351; 0.5439; 0.0000
Bootstrap 12
Run TT with 96 training and 49 tests
Run CD with 158 training and 80 tests
Run FKW with 68 training and 34 tests
Run KW with 77 training and 39 tests
Run LPLT with 34 training and 17 tests
Run RD with 118 training and 60 tests
Run WBD with 4 training and 2 tests
Run WSD with 112 training and 57 tests
Confusion Matrix 13.0
0.7347; 0.0612; 0.0204; 0.0000; 0.0204; 0.0204; 0.0000; 0.1429; 0.0000
0.0875; 0.5000; 0.0125; 0.0000; 0.0000; 0.2000; 0.0625; 0.1375; 0.0000
0.0000; 0.0000; 0.9706; 0.0294; 0.0000; 0.0000; 0.0000; 0.0000; 0.0000
0.0000; 0.0000; 0.0000; 0.7179; 0.2821; 0.0000; 0.0000; 0.0000; 0.0000
0.0000; 0.0000; 0.0588; 0.1765; 0.7647; 0.0000; 0.0000; 0.0000; 0.0000
0.1000; 0.2000; 0.0333; 0.0167; 0.0167; 0.4333; 0.0500; 0.1500; 0.0000
0.0000; 0.5000; 0.0000; 0.0000; 0.0000; 0.0000; 0.5000; 0.0000; 0.0000
0.0702; 0.0351; 0.0000; 0.0000; 0.0000; 0.2807; 0.0351; 0.5789; 0.0000
Bootstrap 13
Run TT with 96 training and 49 tests
Run CD with 158 training and 80 tests
Run FKW with 68 training and 34 tests
Run KW with 77 training and 39 tests
Run LPLT with 34 training and 17 tests
Run RD with 118 training and 60 tests
Run WBD with 4 training and 2 tests
Run WSD with 112 training and 57 tests
Confusion Matrix 14.0
0.3265; 0.2857; 0.0000; 0.0000; 0.0204; 0.1020; 0.1633; 0.1020; 0.0000
0.0375; 0.5500; 0.0000; 0.0000; 0.0000; 0.1625; 0.1875; 0.0625; 0.0000
0.0000; 0.0000; 1.0000; 0.0000; 0.0000; 0.0000; 0.0000; 0.0000; 0.0000
0.0000; 0.0000; 0.0769; 0.7436; 0.1795; 0.0000; 0.0000; 0.0000; 0.0000
0.0000; 0.0000; 0.0000; 0.8235; 0.1765; 0.0000; 0.0000; 0.0000; 0.0000
0.0000; 0.0167; 0.0000; 0.0000; 0.0000; 0.6333; 0.0000; 0.3500; 0.0000
0.0000; 0.5000; 0.0000; 0.0000; 0.0000; 0.0000; 0.5000; 0.0000; 0.0000
0.0175; 0.0702; 0.0000; 0.0000; 0.0000; 0.3158; 0.0351; 0.5614; 0.0000
Bootstrap 14
Run TT with 96 training and 49 tests
Run CD with 158 training and 80 tests
Run FKW with 68 training and 34 tests
Run KW with 77 training and 39 tests
Run LPLT with 34 training and 17 tests
Run RD with 118 training and 60 tests
Run WBD with 4 training and 2 tests
Run WSD with 112 training and 57 tests
Confusion Matrix 15.0
0.3878; 0.2449; 0.0000; 0.0000; 0.0204; 0.0204; 0.2449; 0.0816; 0.0000
0.0000; 0.4875; 0.0000; 0.0000; 0.0000; 0.1250; 0.3625; 0.0250; 0.0000
0.0000; 0.0588; 0.8235; 0.0294; 0.0882; 0.0000; 0.0000; 0.0000; 0.0000
0.0000; 0.0000; 0.0256; 0.8974; 0.0769; 0.0000; 0.0000; 0.0000; 0.0000
0.0000; 0.0000; 0.0000; 0.7059; 0.2941; 0.0000; 0.0000; 0.0000; 0.0000
0.0333; 0.2667; 0.0000; 0.0000; 0.0000; 0.4000; 0.0333; 0.2667; 0.0000
0.0000; 0.0000; 0.0000; 0.0000; 0.0000; 0.0000; 1.0000; 0.0000; 0.0000
0.0175; 0.0526; 0.0000; 0.0000; 0.0000; 0.2456; 0.0702; 0.6140; 0.0000
Bootstrap 15
Run TT with 96 training and 49 tests
Run CD with 158 training and 80 tests
Run FKW with 68 training and 34 tests
Run KW with 77 training and 39 tests
Run LPLT with 34 training and 17 tests
Run RD with 118 training and 60 tests
Run WBD with 4 training and 2 tests
Run WSD with 112 training and 57 tests
Confusion Matrix 16.0
0.7755; 0.0612; 0.0204; 0.0000; 0.0000; 0.0204; 0.0612; 0.0612; 0.0000
0.0750; 0.4750; 0.0000; 0.0000; 0.0000; 0.1750; 0.1750; 0.1000; 0.0000
0.0000; 0.0000; 1.0000; 0.0000; 0.0000; 0.0000; 0.0000; 0.0000; 0.0000
0.0000; 0.0000; 0.0000; 0.9231; 0.0769; 0.0000; 0.0000; 0.0000; 0.0000
0.0000; 0.0000; 0.0588; 0.0588; 0.8824; 0.0000; 0.0000; 0.0000; 0.0000
0.0000; 0.0167; 0.0000; 0.0000; 0.0000; 0.7833; 0.0000; 0.2000; 0.0000
0.0000; 0.0000; 0.0000; 0.0000; 0.0000; 0.0000; 1.0000; 0.0000; 0.0000
0.0175; 0.0351; 0.0000; 0.0000; 0.0000; 0.3509; 0.0175; 0.5789; 0.0000
Bootstrap 16
Run TT with 96 training and 49 tests
Run CD with 158 training and 80 tests
Run FKW with 68 training and 34 tests
Run KW with 77 training and 39 tests
Run LPLT with 34 training and 17 tests
Run RD with 118 training and 60 tests
Run WBD with 4 training and 2 tests
Run WSD with 112 training and 57 tests
Confusion Matrix 17.0
0.5510; 0.2245; 0.0000; 0.0000; 0.0000; 0.0816; 0.1020; 0.0408; 0.0000
0.0375; 0.5875; 0.0000; 0.0000; 0.0000; 0.1625; 0.1625; 0.0500; 0.0000
0.0000; 0.0294; 0.9118; 0.0000; 0.0588; 0.0000; 0.0000; 0.0000; 0.0000
0.0000; 0.0000; 0.0000; 0.7692; 0.2308; 0.0000; 0.0000; 0.0000; 0.0000
0.0000; 0.0000; 0.0000; 0.0588; 0.9412; 0.0000; 0.0000; 0.0000; 0.0000
0.0000; 0.0000; 0.0000; 0.0000; 0.0000; 0.5833; 0.0000; 0.4167; 0.0000
0.0000; 0.5000; 0.0000; 0.0000; 0.0000; 0.0000; 0.5000; 0.0000; 0.0000
0.0351; 0.0877; 0.0000; 0.0000; 0.0000; 0.2456; 0.0175; 0.6140; 0.0000
Bootstrap 17
Run TT with 96 training and 49 tests
Run CD with 158 training and 80 tests
Run FKW with 68 training and 34 tests
Run KW with 77 training and 39 tests
Run LPLT with 34 training and 17 tests
Run RD with 118 training and 60 tests
Run WBD with 4 training and 2 tests
Run WSD with 112 training and 57 tests
Confusion Matrix 18.0
0.7551; 0.0408; 0.0204; 0.0000; 0.0000; 0.0000; 0.1020; 0.0816; 0.0000
0.1375; 0.4250; 0.0125; 0.0000; 0.0000; 0.2750; 0.0250; 0.1250; 0.0000
0.0000; 0.0000; 0.9412; 0.0294; 0.0000; 0.0294; 0.0000; 0.0000; 0.0000
0.0000; 0.0000; 0.0256; 0.8974; 0.0769; 0.0000; 0.0000; 0.0000; 0.0000
0.0000; 0.0000; 0.0000; 0.1765; 0.8235; 0.0000; 0.0000; 0.0000; 0.0000
0.0833; 0.1500; 0.0167; 0.0167; 0.0167; 0.5000; 0.0500; 0.1667; 0.0000
0.0000; 1.0000; 0.0000; 0.0000; 0.0000; 0.0000; 0.0000; 0.0000; 0.0000
0.0877; 0.0351; 0.0000; 0.0000; 0.0000; 0.2105; 0.0351; 0.6316; 0.0000
Bootstrap 18
Run TT with 96 training and 49 tests
Run CD with 158 training and 80 tests
Run FKW with 68 training and 34 tests
Run KW with 77 training and 39 tests
Run LPLT with 34 training and 17 tests
Run RD with 118 training and 60 tests
Run WBD with 4 training and 2 tests
Run WSD with 112 training and 57 tests
Confusion Matrix 19.0
0.8776; 0.0000; 0.0204; 0.0000; 0.0000; 0.0204; 0.0000; 0.0816; 0.0000
0.0750; 0.5875; 0.0000; 0.0000; 0.0000; 0.1000; 0.1625; 0.0750; 0.0000
0.0000; 0.0000; 0.9412; 0.0000; 0.0588; 0.0000; 0.0000; 0.0000; 0.0000
0.0000; 0.0000; 0.1538; 0.6410; 0.1795; 0.0000; 0.0256; 0.0000; 0.0000
0.0000; 0.0000; 0.0000; 0.1176; 0.8824; 0.0000; 0.0000; 0.0000; 0.0000
0.0833; 0.1333; 0.0500; 0.0000; 0.0333; 0.4833; 0.0833; 0.1333; 0.0000
0.0000; 0.0000; 0.0000; 0.0000; 0.0000; 0.0000; 1.0000; 0.0000; 0.0000
0.0526; 0.0526; 0.0000; 0.0000; 0.0000; 0.3684; 0.0526; 0.4737; 0.0000
Bootstrap 19
Run TT with 96 training and 49 tests
Run CD with 158 training and 80 tests
Run FKW with 68 training and 34 tests
Run KW with 77 training and 39 tests
Run LPLT with 34 training and 17 tests
Run RD with 118 training and 60 tests
Run WBD with 4 training and 2 tests
Run WSD with 112 training and 57 tests
Confusion Matrix 20.0
0.3878; 0.3061; 0.0612; 0.0000; 0.0000; 0.0816; 0.1020; 0.0612; 0.0000
0.0375; 0.5500; 0.0000; 0.0000; 0.0000; 0.1625; 0.2000; 0.0500; 0.0000
0.0000; 0.0000; 0.9706; 0.0000; 0.0000; 0.0000; 0.0294; 0.0000; 0.0000
0.0000; 0.0000; 0.0513; 0.7436; 0.2051; 0.0000; 0.0000; 0.0000; 0.0000
0.0000; 0.0000; 0.0588; 0.2941; 0.6471; 0.0000; 0.0000; 0.0000; 0.0000
0.0000; 0.0333; 0.0000; 0.0000; 0.0000; 0.6667; 0.0000; 0.3000; 0.0000
0.0000; 0.5000; 0.0000; 0.0000; 0.0000; 0.0000; 0.5000; 0.0000; 0.0000
0.0526; 0.1228; 0.0000; 0.0000; 0.0000; 0.2281; 0.0175; 0.5789; 0.0000
Bootstrap 20
Run TT with 96 training and 49 tests
Run CD with 158 training and 80 tests
Run FKW with 68 training and 34 tests
Run KW with 77 training and 39 tests
Run LPLT with 34 training and 17 tests
Run RD with 118 training and 60 tests
Run WBD with 4 training and 2 tests
Run WSD with 112 training and 57 tests
Confusion Matrix 21.0
0.8571; 0.0408; 0.0000; 0.0000; 0.0000; 0.0408; 0.0000; 0.0612; 0.0000
0.0875; 0.4375; 0.0000; 0.0000; 0.0000; 0.2250; 0.1250; 0.1250; 0.0000
0.0000; 0.0294; 0.8529; 0.0882; 0.0294; 0.0000; 0.0000; 0.0000; 0.0000
0.0000; 0.0000; 0.0000; 0.7692; 0.2308; 0.0000; 0.0000; 0.0000; 0.0000
0.0000; 0.0000; 0.0588; 0.1176; 0.8235; 0.0000; 0.0000; 0.0000; 0.0000
0.0833; 0.1833; 0.0000; 0.0000; 0.0000; 0.4333; 0.0500; 0.2500; 0.0000
0.0000; 0.0000; 0.0000; 0.0000; 0.0000; 0.0000; 1.0000; 0.0000; 0.0000
0.0526; 0.0526; 0.0000; 0.0000; 0.0000; 0.3684; 0.0175; 0.5088; 0.0000
Bootstrap 21
Run TT with 96 training and 49 tests
Run CD with 158 training and 80 tests
Run FKW with 68 training and 34 tests
Run KW with 77 training and 39 tests
Run LPLT with 34 training and 17 tests
Run RD with 118 training and 60 tests
Run WBD with 4 training and 2 tests
Run WSD with 112 training and 57 tests
Confusion Matrix 22.0
0.6939; 0.1429; 0.0204; 0.0000; 0.0000; 0.0612; 0.0204; 0.0612; 0.0000
0.0750; 0.4500; 0.0125; 0.0000; 0.0000; 0.2625; 0.1375; 0.0625; 0.0000
0.0000; 0.0294; 0.9118; 0.0294; 0.0000; 0.0000; 0.0294; 0.0000; 0.0000
0.0000; 0.0000; 0.0513; 0.8974; 0.0513; 0.0000; 0.0000; 0.0000; 0.0000
0.0000; 0.0000; 0.0000; 0.4706; 0.5294; 0.0000; 0.0000; 0.0000; 0.0000
0.0000; 0.0167; 0.0167; 0.0167; 0.0000; 0.6000; 0.0167; 0.3333; 0.0000
0.0000; 0.5000; 0.0000; 0.0000; 0.0000; 0.0000; 0.5000; 0.0000; 0.0000
0.0351; 0.0175; 0.0000; 0.0000; 0.0000; 0.2807; 0.0351; 0.6316; 0.0000
Bootstrap 22
Run TT with 96 training and 49 tests
Run CD with 158 training and 80 tests
Run FKW with 68 training and 34 tests
Run KW with 77 training and 39 tests
Run LPLT with 34 training and 17 tests
Run RD with 118 training and 60 tests
Run WBD with 4 training and 2 tests
Run WSD with 112 training and 57 tests
Confusion Matrix 23.0
0.4082; 0.3061; 0.0204; 0.0000; 0.0000; 0.1224; 0.0816; 0.0612; 0.0000
0.0875; 0.3625; 0.0125; 0.0000; 0.0000; 0.3000; 0.1000; 0.1375; 0.0000
0.0000; 0.0588; 0.9118; 0.0000; 0.0294; 0.0000; 0.0000; 0.0000; 0.0000
0.0000; 0.0000; 0.0769; 0.8462; 0.0769; 0.0000; 0.0000; 0.0000; 0.0000
0.0000; 0.0000; 0.0000; 0.8235; 0.1765; 0.0000; 0.0000; 0.0000; 0.0000
0.0000; 0.1500; 0.0000; 0.0000; 0.0000; 0.5167; 0.0000; 0.3333; 0.0000
0.0000; 0.0000; 0.0000; 0.0000; 0.0000; 0.0000; 1.0000; 0.0000; 0.0000
0.0175; 0.0526; 0.0000; 0.0000; 0.0000; 0.3333; 0.0175; 0.5789; 0.0000
Bootstrap 23
Run TT with 96 training and 49 tests
Run CD with 158 training and 80 tests
Run FKW with 68 training and 34 tests
Run KW with 77 training and 39 tests
Run LPLT with 34 training and 17 tests
Run RD with 118 training and 60 tests
Run WBD with 4 training and 2 tests
Run WSD with 112 training and 57 tests
Confusion Matrix 24.0
0.8776; 0.0204; 0.0000; 0.0000; 0.0000; 0.0408; 0.0204; 0.0408; 0.0000
0.1125; 0.4125; 0.0125; 0.0000; 0.0000; 0.2625; 0.0750; 0.1250; 0.0000
0.0000; 0.0294; 0.9412; 0.0000; 0.0294; 0.0000; 0.0000; 0.0000; 0.0000
0.0000; 0.0000; 0.1282; 0.5385; 0.3333; 0.0000; 0.0000; 0.0000; 0.0000
0.0000; 0.0000; 0.0000; 0.0588; 0.9412; 0.0000; 0.0000; 0.0000; 0.0000
0.0667; 0.1833; 0.0167; 0.0000; 0.0167; 0.4000; 0.0667; 0.2500; 0.0000
0.0000; 0.0000; 0.0000; 0.0000; 0.0000; 0.0000; 1.0000; 0.0000; 0.0000
0.1053; 0.0526; 0.0000; 0.0000; 0.0000; 0.2456; 0.0175; 0.5789; 0.0000
Bootstrap 24
Run TT with 96 training and 49 tests
Run CD with 158 training and 80 tests
Run FKW with 68 training and 34 tests
Run KW with 77 training and 39 tests
Run LPLT with 34 training and 17 tests
Run RD with 118 training and 60 tests
Run WBD with 4 training and 2 tests
Run WSD with 112 training and 57 tests
Confusion Matrix 25.0
0.7143; 0.1837; 0.0000; 0.0000; 0.0000; 0.0816; 0.0204; 0.0000; 0.0000
0.1125; 0.3625; 0.0000; 0.0000; 0.0000; 0.3500; 0.0750; 0.1000; 0.0000
0.0000; 0.0000; 1.0000; 0.0000; 0.0000; 0.0000; 0.0000; 0.0000; 0.0000
0.0000; 0.0000; 0.0000; 0.9744; 0.0256; 0.0000; 0.0000; 0.0000; 0.0000
0.0000; 0.0000; 0.0000; 0.8235; 0.1765; 0.0000; 0.0000; 0.0000; 0.0000
0.0000; 0.0500; 0.0000; 0.0000; 0.0000; 0.6167; 0.0000; 0.3333; 0.0000
0.0000; 0.0000; 0.0000; 0.0000; 0.0000; 0.0000; 1.0000; 0.0000; 0.0000
0.0526; 0.0526; 0.0000; 0.0000; 0.0000; 0.2281; 0.0526; 0.6140; 0.0000
Bootstrap 25
Run TT with 96 training and 49 tests
Run CD with 158 training and 80 tests
Run FKW with 68 training and 34 tests
Run KW with 77 training and 39 tests
Run LPLT with 34 training and 17 tests
Run RD with 118 training and 60 tests
Run WBD with 4 training and 2 tests
Run WSD with 112 training and 57 tests
Confusion Matrix 26.0
0.4286; 0.2449; 0.0204; 0.0000; 0.0000; 0.0408; 0.1633; 0.1020; 0.0000
0.0500; 0.5125; 0.0000; 0.0000; 0.0000; 0.2125; 0.1250; 0.1000; 0.0000
0.0000; 0.0000; 0.9412; 0.0000; 0.0588; 0.0000; 0.0000; 0.0000; 0.0000
0.0000; 0.0000; 0.0769; 0.8205; 0.1026; 0.0000; 0.0000; 0.0000; 0.0000
0.0000; 0.0000; 0.0000; 0.3529; 0.6471; 0.0000; 0.0000; 0.0000; 0.0000
0.0333; 0.1500; 0.0333; 0.0000; 0.0333; 0.5333; 0.0500; 0.1667; 0.0000
0.0000; 0.5000; 0.0000; 0.0000; 0.0000; 0.0000; 0.5000; 0.0000; 0.0000
0.0000; 0.1404; 0.0000; 0.0000; 0.0000; 0.2281; 0.0000; 0.6316; 0.0000
Bootstrap 26
Run TT with 96 training and 49 tests
Run CD with 158 training and 80 tests
Run FKW with 68 training and 34 tests
Run KW with 77 training and 39 tests
Run LPLT with 34 training and 17 tests
Run RD with 118 training and 60 tests
Run WBD with 4 training and 2 tests
Run WSD with 112 training and 57 tests
Confusion Matrix 27.0
0.3469; 0.3469; 0.0816; 0.0000; 0.0000; 0.0408; 0.1020; 0.0816; 0.0000
0.0250; 0.6750; 0.0000; 0.0000; 0.0000; 0.0375; 0.2500; 0.0125; 0.0000
0.0000; 0.0294; 0.9412; 0.0294; 0.0000; 0.0000; 0.0000; 0.0000; 0.0000
0.0000; 0.0000; 0.0513; 0.8205; 0.1282; 0.0000; 0.0000; 0.0000; 0.0000
0.0000; 0.0000; 0.0000; 0.5882; 0.4118; 0.0000; 0.0000; 0.0000; 0.0000
0.0667; 0.2000; 0.0167; 0.0000; 0.0333; 0.4500; 0.0667; 0.1667; 0.0000
0.0000; 1.0000; 0.0000; 0.0000; 0.0000; 0.0000; 0.0000; 0.0000; 0.0000
0.0526; 0.0526; 0.0000; 0.0000; 0.0000; 0.3333; 0.0526; 0.5088; 0.0000
Bootstrap 27
Run TT with 96 training and 49 tests
Run CD with 158 training and 80 tests
Run FKW with 68 training and 34 tests
Run KW with 77 training and 39 tests
Run LPLT with 34 training and 17 tests
Run RD with 118 training and 60 tests
Run WBD with 4 training and 2 tests
Run WSD with 112 training and 57 tests
Confusion Matrix 28.0
0.8367; 0.0000; 0.0000; 0.0000; 0.0000; 0.0612; 0.0408; 0.0612; 0.0000
0.1125; 0.3500; 0.0125; 0.0000; 0.0000; 0.3625; 0.0500; 0.1125; 0.0000
0.0000; 0.0294; 0.9412; 0.0000; 0.0000; 0.0000; 0.0294; 0.0000; 0.0000
0.0000; 0.0000; 0.0769; 0.7436; 0.1538; 0.0000; 0.0256; 0.0000; 0.0000
0.0000; 0.0000; 0.1176; 0.2353; 0.6471; 0.0000; 0.0000; 0.0000; 0.0000
0.0167; 0.0167; 0.0000; 0.0000; 0.0000; 0.5833; 0.0000; 0.3833; 0.0000
0.0000; 0.0000; 0.0000; 0.0000; 0.0000; 0.0000; 1.0000; 0.0000; 0.0000
0.0351; 0.0351; 0.0000; 0.0000; 0.0000; 0.2807; 0.0351; 0.6140; 0.0000
Bootstrap 28
Run TT with 96 training and 49 tests
Run CD with 158 training and 80 tests
Run FKW with 68 training and 34 tests
Run KW with 77 training and 39 tests
Run LPLT with 34 training and 17 tests
Run RD with 118 training and 60 tests
Run WBD with 4 training and 2 tests
Run WSD with 112 training and 57 tests
Confusion Matrix 29.0
0.4082; 0.3469; 0.0204; 0.0000; 0.0000; 0.1020; 0.1020; 0.0204; 0.0000
0.0250; 0.5750; 0.0125; 0.0000; 0.0000; 0.1500; 0.1750; 0.0625; 0.0000
0.0000; 0.0000; 0.9118; 0.0000; 0.0588; 0.0294; 0.0000; 0.0000; 0.0000
0.0000; 0.0000; 0.0513; 0.5641; 0.3077; 0.0000; 0.0769; 0.0000; 0.0000
0.0000; 0.0000; 0.0588; 0.0588; 0.8824; 0.0000; 0.0000; 0.0000; 0.0000
0.0000; 0.0667; 0.0000; 0.0000; 0.0000; 0.7000; 0.0000; 0.2333; 0.0000
0.0000; 0.5000; 0.0000; 0.0000; 0.0000; 0.5000; 0.0000; 0.0000; 0.0000
0.0351; 0.1053; 0.0000; 0.0000; 0.0000; 0.2456; 0.0000; 0.6140; 0.0000
Bootstrap 29
Run TT with 96 training and 49 tests
Run CD with 158 training and 80 tests
Run FKW with 68 training and 34 tests
Run KW with 77 training and 39 tests
Run LPLT with 34 training and 17 tests
Run RD with 118 training and 60 tests
Run WBD with 4 training and 2 tests
Run WSD with 112 training and 57 tests
Confusion Matrix 30.0
0.9184; 0.0000; 0.0204; 0.0000; 0.0204; 0.0000; 0.0204; 0.0204; 0.0000
0.0750; 0.6500; 0.0000; 0.0000; 0.0000; 0.1250; 0.1500; 0.0000; 0.0000
0.0000; 0.0588; 0.8824; 0.0294; 0.0294; 0.0000; 0.0000; 0.0000; 0.0000
0.0000; 0.0000; 0.0000; 0.8718; 0.1282; 0.0000; 0.0000; 0.0000; 0.0000
0.0000; 0.0000; 0.0000; 0.8235; 0.1765; 0.0000; 0.0000; 0.0000; 0.0000
0.0000; 0.0000; 0.0000; 0.0000; 0.0000; 0.6667; 0.0000; 0.3333; 0.0000
0.0000; 0.5000; 0.0000; 0.0000; 0.0000; 0.0000; 0.5000; 0.0000; 0.0000
0.0351; 0.0526; 0.0000; 0.0000; 0.0000; 0.1754; 0.0000; 0.7368; 0.0000
Mean confusion
0.6850; 0.1299; 0.0190; 0.0000; 0.0034; 0.0401; 0.0605; 0.0619; 0.0000
0.0725; 0.4958; 0.0063; 0.0000; 0.0000; 0.1963; 0.1454; 0.0837; 0.0000
0.0000; 0.0206; 0.9294; 0.0147; 0.0294; 0.0020; 0.0039; 0.0000; 0.0000
0.0000; 0.0000; 0.0530; 0.7949; 0.1470; 0.0000; 0.0051; 0.0000; 0.0000
0.0000; 0.0000; 0.0176; 0.3706; 0.6118; 0.0000; 0.0000; 0.0000; 0.0000
0.0261; 0.0850; 0.0067; 0.0022; 0.0067; 0.5533; 0.0217; 0.2983; 0.0000
0.0000; 0.3500; 0.0000; 0.0000; 0.0000; 0.0167; 0.6333; 0.0000; 0.0000
0.0480; 0.0591; 0.0000; 0.0000; 0.0000; 0.2719; 0.0281; 0.5930; 0.0000
STD Confusion
0.2111; 0.1205; 0.0251; 0.0000; 0.0077; 0.0373; 0.0598; 0.0365; 0.0000
0.0373; 0.1036; 0.0064; 0.0000; 0.0000; 0.0880; 0.0767; 0.0467; 0.0000
0.0000; 0.0221; 0.0461; 0.0228; 0.0345; 0.0075; 0.0102; 0.0000; 0.0000
0.0000; 0.0000; 0.0526; 0.1342; 0.0980; 0.0000; 0.0156; 0.0000; 0.0000
0.0000; 0.0000; 0.0315; 0.2836; 0.2740; 0.0000; 0.0000; 0.0000; 0.0000
0.0360; 0.0892; 0.0128; 0.0058; 0.0121; 0.1034; 0.0297; 0.1031; 0.0000
0.0000; 0.3511; 0.0000; 0.0000; 0.0000; 0.0913; 0.3698; 0.0000; 0.0000
0.0284; 0.0286; 0.0000; 0.0000; 0.0000; 0.0513; 0.0204; 0.0497; 0.0000
Lower 95% CI
0.3265; 0.0000; 0.0000; 0.0000; 0.0000; 0.0000; 0.0000; 0.0000; 0.0000
0.0000; 0.3250; 0.0000; 0.0000; 0.0000; 0.0375; 0.0250; 0.0000; 0.0000
0.0000; 0.0000; 0.8235; 0.0000; 0.0000; 0.0000; 0.0000; 0.0000; 0.0000
0.0000; 0.0000; 0.0000; 0.5385; 0.0000; 0.0000; 0.0000; 0.0000; 0.0000
0.0000; 0.0000; 0.0000; 0.0588; 0.1765; 0.0000; 0.0000; 0.0000; 0.0000
0.0000; 0.0000; 0.0000; 0.0000; 0.0000; 0.4000; 0.0000; 0.1333; 0.0000
0.0000; 0.0000; 0.0000; 0.0000; 0.0000; 0.0000; 0.0000; 0.0000; 0.0000
0.0000; 0.0175; 0.0000; 0.0000; 0.0000; 0.1754; 0.0000; 0.4737; 0.0000
Upper 95% CI
0.9796; 0.3469; 0.0816; 0.0000; 0.0204; 0.1224; 0.2449; 0.1429; 0.0000
0.1375; 0.6875; 0.0125; 0.0000; 0.0000; 0.3625; 0.3625; 0.1625; 0.0000
0.0000; 0.0588; 1.0000; 0.0882; 0.1471; 0.0294; 0.0294; 0.0000; 0.0000
0.0000; 0.0000; 0.1795; 0.9744; 0.3333; 0.0000; 0.0769; 0.0000; 0.0000
0.0000; 0.0000; 0.1176; 0.8235; 0.9412; 0.0000; 0.0000; 0.0000; 0.0000
0.1000; 0.2667; 0.0500; 0.0167; 0.0333; 0.7833; 0.0833; 0.5500; 0.0000
0.0000; 1.0000; 0.0000; 0.0000; 0.0000; 0.5000; 1.0000; 0.0000; 0.0000
0.1228; 0.1404; 0.0000; 0.0000; 0.0000; 0.3684; 0.0702; 0.7368; 0.0000
Run TT with 145 training and 0 tests
Run CD with 238 training and 0 tests
Run FKW with 102 training and 0 tests
Run KW with 116 training and 0 tests
Run LPLT with 51 training and 0 tests
Run RD with 178 training and 0 tests
Run WBD with 6 training and 0 tests
Run WSD with 169 training and 0 tests