Total Bootstraps 30
Num Species 8
FragmentLength 28; Section Length 35
TT; CD; FKW; KW; LPLT; RD; WBD; WSD
Bootstrap 0
Run TT with 155 training and 78 tests
Run CD with 256 training and 129 tests
Run FKW with 107 training and 54 tests
Run KW with 126 training and 63 tests
Run LPLT with 55 training and 28 tests
Run RD with 193 training and 97 tests
Run WBD with 6 training and 4 tests
Run WSD with 186 training and 94 tests
Confusion Matrix 1.0
0.8462; 0.0256; 0.0385; 0.0000; 0.0000; 0.0128; 0.0128; 0.0641; 0.0000
0.0310; 0.5426; 0.0078; 0.0000; 0.0000; 0.1240; 0.2713; 0.0233; 0.0000
0.0000; 0.0000; 0.9815; 0.0000; 0.0185; 0.0000; 0.0000; 0.0000; 0.0000
0.0000; 0.0000; 0.0317; 0.8571; 0.0794; 0.0000; 0.0317; 0.0000; 0.0000
0.0000; 0.0000; 0.0357; 0.4286; 0.5357; 0.0000; 0.0000; 0.0000; 0.0000
0.0825; 0.2165; 0.0000; 0.0000; 0.0206; 0.3608; 0.0619; 0.2577; 0.0000
0.0000; 0.5000; 0.0000; 0.0000; 0.0000; 0.0000; 0.5000; 0.0000; 0.0000
0.0638; 0.1170; 0.0000; 0.0000; 0.0000; 0.2553; 0.0319; 0.5319; 0.0000
Bootstrap 1
Run TT with 155 training and 78 tests
Run CD with 256 training and 129 tests
Run FKW with 107 training and 54 tests
Run KW with 126 training and 63 tests
Run LPLT with 55 training and 28 tests
Run RD with 193 training and 97 tests
Run WBD with 6 training and 4 tests
Run WSD with 186 training and 94 tests
Confusion Matrix 2.0
0.5513; 0.2692; 0.0256; 0.0000; 0.0000; 0.1026; 0.0128; 0.0385; 0.0000
0.0853; 0.4651; 0.0155; 0.0000; 0.0000; 0.2248; 0.0698; 0.1395; 0.0000
0.0000; 0.0185; 0.8519; 0.0370; 0.0741; 0.0185; 0.0000; 0.0000; 0.0000
0.0000; 0.0000; 0.0159; 0.9206; 0.0635; 0.0000; 0.0000; 0.0000; 0.0000
0.0000; 0.0000; 0.0000; 0.7500; 0.2500; 0.0000; 0.0000; 0.0000; 0.0000
0.0722; 0.1856; 0.0000; 0.0000; 0.0309; 0.4124; 0.0722; 0.2268; 0.0000
0.0000; 0.5000; 0.0000; 0.0000; 0.0000; 0.2500; 0.2500; 0.0000; 0.0000
0.0532; 0.0957; 0.0106; 0.0000; 0.0000; 0.3085; 0.0106; 0.5213; 0.0000
Bootstrap 2
Run TT with 155 training and 78 tests
Run CD with 256 training and 129 tests
Run FKW with 107 training and 54 tests
Run KW with 126 training and 63 tests
Run LPLT with 55 training and 28 tests
Run RD with 193 training and 97 tests
Run WBD with 6 training and 4 tests
Run WSD with 186 training and 94 tests
Confusion Matrix 3.0
0.6538; 0.1026; 0.0256; 0.0000; 0.0000; 0.0128; 0.0513; 0.1538; 0.0000
0.0388; 0.4341; 0.0078; 0.0000; 0.0000; 0.1395; 0.3488; 0.0310; 0.0000
0.0000; 0.0000; 0.9630; 0.0000; 0.0185; 0.0000; 0.0185; 0.0000; 0.0000
0.0000; 0.0000; 0.1429; 0.6667; 0.1746; 0.0000; 0.0159; 0.0000; 0.0000
0.0000; 0.0000; 0.0000; 0.5714; 0.4286; 0.0000; 0.0000; 0.0000; 0.0000
0.0000; 0.0103; 0.0000; 0.0000; 0.0000; 0.5567; 0.0309; 0.4021; 0.0000
0.0000; 0.0000; 0.0000; 0.0000; 0.0000; 0.0000; 1.0000; 0.0000; 0.0000
0.0957; 0.1170; 0.0000; 0.0000; 0.0000; 0.2234; 0.0745; 0.4894; 0.0000
Bootstrap 3
Run TT with 155 training and 78 tests
Run CD with 256 training and 129 tests
Run FKW with 107 training and 54 tests
Run KW with 126 training and 63 tests
Run LPLT with 55 training and 28 tests
Run RD with 193 training and 97 tests
Run WBD with 6 training and 4 tests
Run WSD with 186 training and 94 tests
Confusion Matrix 4.0
0.6538; 0.1410; 0.0000; 0.0000; 0.0000; 0.1410; 0.0128; 0.0513; 0.0000
0.1395; 0.3178; 0.0078; 0.0000; 0.0000; 0.3178; 0.1085; 0.1085; 0.0000
0.0000; 0.0556; 0.8889; 0.0000; 0.0370; 0.0000; 0.0185; 0.0000; 0.0000
0.0000; 0.0000; 0.0000; 0.8730; 0.1270; 0.0000; 0.0000; 0.0000; 0.0000
0.0000; 0.0000; 0.0000; 0.6071; 0.3929; 0.0000; 0.0000; 0.0000; 0.0000
0.0103; 0.0103; 0.0000; 0.0000; 0.0000; 0.5464; 0.0103; 0.4227; 0.0000
0.0000; 0.0000; 0.0000; 0.0000; 0.0000; 0.0000; 1.0000; 0.0000; 0.0000
0.1064; 0.0426; 0.0000; 0.0000; 0.0000; 0.2660; 0.0532; 0.5319; 0.0000
Bootstrap 4
Run TT with 155 training and 78 tests
Run CD with 256 training and 129 tests
Run FKW with 107 training and 54 tests
Run KW with 126 training and 63 tests
Run LPLT with 55 training and 28 tests
Run RD with 193 training and 97 tests
Run WBD with 6 training and 4 tests
Run WSD with 186 training and 94 tests
Confusion Matrix 5.0
0.3846; 0.3077; 0.0513; 0.0000; 0.0000; 0.0769; 0.0897; 0.0897; 0.0000
0.0155; 0.5039; 0.0155; 0.0000; 0.0000; 0.1705; 0.2326; 0.0620; 0.0000
0.0000; 0.0000; 0.9444; 0.0370; 0.0000; 0.0185; 0.0000; 0.0000; 0.0000
0.0000; 0.0000; 0.0159; 0.7460; 0.2381; 0.0000; 0.0000; 0.0000; 0.0000
0.0000; 0.0000; 0.0357; 0.1786; 0.7143; 0.0000; 0.0714; 0.0000; 0.0000
0.0000; 0.1031; 0.0000; 0.0000; 0.0000; 0.5464; 0.0103; 0.3402; 0.0000
0.0000; 0.5000; 0.0000; 0.0000; 0.0000; 0.2500; 0.0000; 0.2500; 0.0000
0.0745; 0.0745; 0.0000; 0.0000; 0.0000; 0.2872; 0.0106; 0.5532; 0.0000
Bootstrap 5
Run TT with 155 training and 78 tests
Run CD with 256 training and 129 tests
Run FKW with 107 training and 54 tests
Run KW with 126 training and 63 tests
Run LPLT with 55 training and 28 tests
Run RD with 193 training and 97 tests
Run WBD with 6 training and 4 tests
Run WSD with 186 training and 94 tests
Confusion Matrix 6.0
0.6923; 0.1410; 0.0128; 0.0000; 0.0000; 0.0128; 0.0128; 0.1282; 0.0000
0.0853; 0.4109; 0.0078; 0.0000; 0.0000; 0.2481; 0.1163; 0.1318; 0.0000
0.0000; 0.0000; 0.9444; 0.0000; 0.0370; 0.0185; 0.0000; 0.0000; 0.0000
0.0000; 0.0000; 0.1429; 0.6190; 0.2381; 0.0000; 0.0000; 0.0000; 0.0000
0.0000; 0.0000; 0.0000; 0.7857; 0.2143; 0.0000; 0.0000; 0.0000; 0.0000
0.0206; 0.0825; 0.0000; 0.0000; 0.0000; 0.4433; 0.0619; 0.3918; 0.0000
0.0000; 0.7500; 0.0000; 0.0000; 0.0000; 0.0000; 0.2500; 0.0000; 0.0000
0.0957; 0.0426; 0.0000; 0.0000; 0.0000; 0.2340; 0.0638; 0.5638; 0.0000
Bootstrap 6
Run TT with 155 training and 78 tests
Run CD with 256 training and 129 tests
Run FKW with 107 training and 54 tests
Run KW with 126 training and 63 tests
Run LPLT with 55 training and 28 tests
Run RD with 193 training and 97 tests
Run WBD with 6 training and 4 tests
Run WSD with 186 training and 94 tests
Confusion Matrix 7.0
0.5641; 0.1410; 0.0256; 0.0000; 0.0000; 0.0385; 0.1410; 0.0897; 0.0000
0.0775; 0.4109; 0.0000; 0.0000; 0.0000; 0.2248; 0.2558; 0.0310; 0.0000
0.0000; 0.0000; 0.8889; 0.0000; 0.0741; 0.0000; 0.0370; 0.0000; 0.0000
0.0000; 0.0000; 0.0317; 0.6349; 0.3016; 0.0000; 0.0317; 0.0000; 0.0000
0.0000; 0.0000; 0.0714; 0.1786; 0.7500; 0.0000; 0.0000; 0.0000; 0.0000
0.0103; 0.0722; 0.0000; 0.0000; 0.0000; 0.5979; 0.0000; 0.3196; 0.0000
0.0000; 0.2500; 0.0000; 0.0000; 0.0000; 0.0000; 0.7500; 0.0000; 0.0000
0.0745; 0.1170; 0.0106; 0.0000; 0.0000; 0.1915; 0.0638; 0.5426; 0.0000
Bootstrap 7
Run TT with 155 training and 78 tests
Run CD with 256 training and 129 tests
Run FKW with 107 training and 54 tests
Run KW with 126 training and 63 tests
Run LPLT with 55 training and 28 tests
Run RD with 193 training and 97 tests
Run WBD with 6 training and 4 tests
Run WSD with 186 training and 94 tests
Confusion Matrix 8.0
0.8333; 0.0000; 0.0513; 0.0000; 0.0128; 0.0256; 0.0128; 0.0641; 0.0000
0.0853; 0.5504; 0.0078; 0.0000; 0.0000; 0.1163; 0.2093; 0.0310; 0.0000
0.0000; 0.0185; 0.9074; 0.0000; 0.0741; 0.0000; 0.0000; 0.0000; 0.0000
0.0000; 0.0000; 0.2063; 0.5714; 0.1905; 0.0000; 0.0317; 0.0000; 0.0000
0.0000; 0.0000; 0.0000; 0.2857; 0.7143; 0.0000; 0.0000; 0.0000; 0.0000
0.0722; 0.1959; 0.0000; 0.0000; 0.0000; 0.4536; 0.0206; 0.2577; 0.0000
0.0000; 0.5000; 0.0000; 0.0000; 0.0000; 0.0000; 0.5000; 0.0000; 0.0000
0.1277; 0.0638; 0.0000; 0.0000; 0.0000; 0.2660; 0.0745; 0.4681; 0.0000
Bootstrap 8
Run TT with 155 training and 78 tests
Run CD with 256 training and 129 tests
Run FKW with 107 training and 54 tests
Run KW with 126 training and 63 tests
Run LPLT with 55 training and 28 tests
Run RD with 193 training and 97 tests
Run WBD with 6 training and 4 tests
Run WSD with 186 training and 94 tests
Confusion Matrix 9.0
0.3205; 0.3462; 0.0641; 0.0000; 0.0000; 0.0769; 0.0897; 0.1026; 0.0000
0.0853; 0.4651; 0.0078; 0.0000; 0.0000; 0.2171; 0.1008; 0.1240; 0.0000
0.0000; 0.0370; 0.9259; 0.0185; 0.0185; 0.0000; 0.0000; 0.0000; 0.0000
0.0000; 0.0000; 0.0794; 0.6825; 0.2222; 0.0000; 0.0159; 0.0000; 0.0000
0.0000; 0.0000; 0.0357; 0.1429; 0.8214; 0.0000; 0.0000; 0.0000; 0.0000
0.0722; 0.1959; 0.0206; 0.0000; 0.0309; 0.4227; 0.1340; 0.1237; 0.0000
0.0000; 0.2500; 0.0000; 0.0000; 0.0000; 0.0000; 0.7500; 0.0000; 0.0000
0.0532; 0.1064; 0.0106; 0.0000; 0.0000; 0.3404; 0.0319; 0.4574; 0.0000
Bootstrap 9
Run TT with 155 training and 78 tests
Run CD with 256 training and 129 tests
Run FKW with 107 training and 54 tests
Run KW with 126 training and 63 tests
Run LPLT with 55 training and 28 tests
Run RD with 193 training and 97 tests
Run WBD with 6 training and 4 tests
Run WSD with 186 training and 94 tests
Confusion Matrix 10.0
0.4487; 0.3590; 0.0256; 0.0000; 0.0000; 0.0513; 0.0641; 0.0513; 0.0000
0.0310; 0.5891; 0.0155; 0.0000; 0.0000; 0.0930; 0.2636; 0.0078; 0.0000
0.0000; 0.0556; 0.8889; 0.0370; 0.0185; 0.0000; 0.0000; 0.0000; 0.0000
0.0000; 0.0000; 0.0476; 0.8571; 0.0635; 0.0000; 0.0317; 0.0000; 0.0000
0.0000; 0.0000; 0.0000; 0.6071; 0.3929; 0.0000; 0.0000; 0.0000; 0.0000
0.0928; 0.2268; 0.0206; 0.0000; 0.0412; 0.3196; 0.0825; 0.2165; 0.0000
0.0000; 0.7500; 0.0000; 0.0000; 0.0000; 0.0000; 0.2500; 0.0000; 0.0000
0.0638; 0.0851; 0.0000; 0.0000; 0.0000; 0.3404; 0.0319; 0.4787; 0.0000
Bootstrap 10
Run TT with 155 training and 78 tests
Run CD with 256 training and 129 tests
Run FKW with 107 training and 54 tests
Run KW with 126 training and 63 tests
Run LPLT with 55 training and 28 tests
Run RD with 193 training and 97 tests
Run WBD with 6 training and 4 tests
Run WSD with 186 training and 94 tests
Confusion Matrix 11.0
0.3718; 0.3205; 0.0641; 0.0000; 0.0000; 0.0897; 0.0641; 0.0897; 0.0000
0.0853; 0.3876; 0.0078; 0.0000; 0.0000; 0.2713; 0.1473; 0.1008; 0.0000
0.0000; 0.0000; 0.9630; 0.0000; 0.0185; 0.0000; 0.0185; 0.0000; 0.0000
0.0000; 0.0000; 0.0317; 0.7143; 0.2222; 0.0000; 0.0317; 0.0000; 0.0000
0.0000; 0.0000; 0.0357; 0.2143; 0.7500; 0.0000; 0.0000; 0.0000; 0.0000
0.0722; 0.1856; 0.0103; 0.0000; 0.0515; 0.4124; 0.1031; 0.1649; 0.0000
0.0000; 0.0000; 0.0000; 0.0000; 0.0000; 0.0000; 1.0000; 0.0000; 0.0000
0.0426; 0.0745; 0.0000; 0.0000; 0.0000; 0.3511; 0.0106; 0.5213; 0.0000
Bootstrap 11
Run TT with 155 training and 78 tests
Run CD with 256 training and 129 tests
Run FKW with 107 training and 54 tests
Run KW with 126 training and 63 tests
Run LPLT with 55 training and 28 tests
Run RD with 193 training and 97 tests
Run WBD with 6 training and 4 tests
Run WSD with 186 training and 94 tests
Confusion Matrix 12.0
0.4744; 0.2436; 0.0513; 0.0000; 0.0128; 0.0385; 0.0769; 0.1026; 0.0000
0.0465; 0.5891; 0.0000; 0.0000; 0.0000; 0.1318; 0.1628; 0.0698; 0.0000
0.0000; 0.0000; 0.9074; 0.0370; 0.0370; 0.0185; 0.0000; 0.0000; 0.0000
0.0000; 0.0000; 0.1111; 0.6984; 0.1905; 0.0000; 0.0000; 0.0000; 0.0000
0.0000; 0.0000; 0.0357; 0.5000; 0.4643; 0.0000; 0.0000; 0.0000; 0.0000
0.0825; 0.1443; 0.0103; 0.0000; 0.0309; 0.4021; 0.0928; 0.2371; 0.0000
0.0000; 0.2500; 0.0000; 0.0000; 0.0000; 0.0000; 0.7500; 0.0000; 0.0000
0.1064; 0.0638; 0.0000; 0.0000; 0.0106; 0.3298; 0.0213; 0.4681; 0.0000
Bootstrap 12
Run TT with 155 training and 78 tests
Run CD with 256 training and 129 tests
Run FKW with 107 training and 54 tests
Run KW with 126 training and 63 tests
Run LPLT with 55 training and 28 tests
Run RD with 193 training and 97 tests
Run WBD with 6 training and 4 tests
Run WSD with 186 training and 94 tests
Confusion Matrix 13.0
0.9231; 0.0000; 0.0128; 0.0000; 0.0000; 0.0385; 0.0128; 0.0128; 0.0000
0.1163; 0.4884; 0.0000; 0.0000; 0.0000; 0.1395; 0.2093; 0.0465; 0.0000
0.0000; 0.0000; 0.9074; 0.0370; 0.0185; 0.0185; 0.0000; 0.0185; 0.0000
0.0000; 0.0000; 0.1111; 0.6508; 0.1905; 0.0000; 0.0476; 0.0000; 0.0000
0.0000; 0.0000; 0.0000; 0.4286; 0.5714; 0.0000; 0.0000; 0.0000; 0.0000
0.0515; 0.0515; 0.0206; 0.0000; 0.0103; 0.4639; 0.0309; 0.3711; 0.0000
0.0000; 0.0000; 0.0000; 0.0000; 0.0000; 0.2500; 0.7500; 0.0000; 0.0000
0.1170; 0.0319; 0.0000; 0.0000; 0.0000; 0.3298; 0.0426; 0.4787; 0.0000
Bootstrap 13
Run TT with 155 training and 78 tests
Run CD with 256 training and 129 tests
Run FKW with 107 training and 54 tests
Run KW with 126 training and 63 tests
Run LPLT with 55 training and 28 tests
Run RD with 193 training and 97 tests
Run WBD with 6 training and 4 tests
Run WSD with 186 training and 94 tests
Confusion Matrix 14.0
0.8974; 0.0128; 0.0128; 0.0000; 0.0000; 0.0000; 0.0000; 0.0769; 0.0000
0.1318; 0.3798; 0.0078; 0.0000; 0.0000; 0.2558; 0.1085; 0.1163; 0.0000
0.0000; 0.0370; 0.8889; 0.0000; 0.0556; 0.0000; 0.0185; 0.0000; 0.0000
0.0000; 0.0000; 0.0159; 0.8730; 0.1111; 0.0000; 0.0000; 0.0000; 0.0000
0.0000; 0.0000; 0.0357; 0.2500; 0.7143; 0.0000; 0.0000; 0.0000; 0.0000
0.0206; 0.0206; 0.0000; 0.0000; 0.0000; 0.6804; 0.0000; 0.2784; 0.0000
0.0000; 0.0000; 0.0000; 0.0000; 0.0000; 0.2500; 0.7500; 0.0000; 0.0000
0.0851; 0.0213; 0.0000; 0.0000; 0.0106; 0.2553; 0.0426; 0.5851; 0.0000
Bootstrap 14
Run TT with 155 training and 78 tests
Run CD with 256 training and 129 tests
Run FKW with 107 training and 54 tests
Run KW with 126 training and 63 tests
Run LPLT with 55 training and 28 tests
Run RD with 193 training and 97 tests
Run WBD with 6 training and 4 tests
Run WSD with 186 training and 94 tests
Confusion Matrix 15.0
0.6923; 0.1410; 0.0128; 0.0000; 0.0000; 0.0769; 0.0128; 0.0641; 0.0000
0.0930; 0.3566; 0.0155; 0.0000; 0.0000; 0.2791; 0.1473; 0.1085; 0.0000
0.0185; 0.0185; 0.9444; 0.0000; 0.0185; 0.0000; 0.0000; 0.0000; 0.0000
0.0000; 0.0000; 0.1270; 0.5397; 0.3175; 0.0000; 0.0159; 0.0000; 0.0000
0.0000; 0.0000; 0.0714; 0.2143; 0.7143; 0.0000; 0.0000; 0.0000; 0.0000
0.1340; 0.1753; 0.0103; 0.0000; 0.0412; 0.4639; 0.0619; 0.1134; 0.0000
0.0000; 0.0000; 0.0000; 0.0000; 0.0000; 0.0000; 1.0000; 0.0000; 0.0000
0.0532; 0.0319; 0.0106; 0.0000; 0.0106; 0.3404; 0.0426; 0.5106; 0.0000
Bootstrap 15
Run TT with 155 training and 78 tests
Run CD with 256 training and 129 tests
Run FKW with 107 training and 54 tests
Run KW with 126 training and 63 tests
Run LPLT with 55 training and 28 tests
Run RD with 193 training and 97 tests
Run WBD with 6 training and 4 tests
Run WSD with 186 training and 94 tests
Confusion Matrix 16.0
0.8590; 0.0513; 0.0256; 0.0000; 0.0000; 0.0128; 0.0128; 0.0385; 0.0000
0.1240; 0.3411; 0.0155; 0.0000; 0.0000; 0.2326; 0.1938; 0.0930; 0.0000
0.0000; 0.0556; 0.9259; 0.0000; 0.0000; 0.0000; 0.0185; 0.0000; 0.0000
0.0000; 0.0000; 0.0000; 0.7460; 0.2540; 0.0000; 0.0000; 0.0000; 0.0000
0.0000; 0.0000; 0.0357; 0.1786; 0.7857; 0.0000; 0.0000; 0.0000; 0.0000
0.0206; 0.0619; 0.0000; 0.0000; 0.0000; 0.7216; 0.0000; 0.1959; 0.0000
0.0000; 0.0000; 0.0000; 0.0000; 0.0000; 0.0000; 1.0000; 0.0000; 0.0000
0.1170; 0.0532; 0.0000; 0.0000; 0.0000; 0.1915; 0.0426; 0.5957; 0.0000
Bootstrap 16
Run TT with 155 training and 78 tests
Run CD with 256 training and 129 tests
Run FKW with 107 training and 54 tests
Run KW with 126 training and 63 tests
Run LPLT with 55 training and 28 tests
Run RD with 193 training and 97 tests
Run WBD with 6 training and 4 tests
Run WSD with 186 training and 94 tests
Confusion Matrix 17.0
0.9103; 0.0128; 0.0256; 0.0000; 0.0000; 0.0128; 0.0128; 0.0256; 0.0000
0.0310; 0.5736; 0.0078; 0.0000; 0.0000; 0.0930; 0.2791; 0.0155; 0.0000
0.0000; 0.0185; 0.8704; 0.0370; 0.0556; 0.0000; 0.0185; 0.0000; 0.0000
0.0000; 0.0000; 0.0317; 0.6825; 0.2063; 0.0000; 0.0794; 0.0000; 0.0000
0.0000; 0.0000; 0.0357; 0.1429; 0.7857; 0.0000; 0.0357; 0.0000; 0.0000
0.1134; 0.2165; 0.0206; 0.0000; 0.0206; 0.3402; 0.0722; 0.2165; 0.0000
0.0000; 0.2500; 0.0000; 0.0000; 0.0000; 0.0000; 0.7500; 0.0000; 0.0000
0.0851; 0.0957; 0.0000; 0.0000; 0.0000; 0.2979; 0.0319; 0.4894; 0.0000
Bootstrap 17
Run TT with 155 training and 78 tests
Run CD with 256 training and 129 tests
Run FKW with 107 training and 54 tests
Run KW with 126 training and 63 tests
Run LPLT with 55 training and 28 tests
Run RD with 193 training and 97 tests
Run WBD with 6 training and 4 tests
Run WSD with 186 training and 94 tests
Confusion Matrix 18.0
0.7179; 0.0513; 0.0256; 0.0000; 0.0128; 0.0256; 0.0641; 0.1026; 0.0000
0.1318; 0.4341; 0.0155; 0.0000; 0.0000; 0.1938; 0.1318; 0.0930; 0.0000
0.0000; 0.0185; 0.9444; 0.0185; 0.0185; 0.0000; 0.0000; 0.0000; 0.0000
0.0000; 0.0000; 0.0317; 0.7778; 0.1746; 0.0000; 0.0159; 0.0000; 0.0000
0.0000; 0.0000; 0.0000; 0.4286; 0.5714; 0.0000; 0.0000; 0.0000; 0.0000
0.1237; 0.1546; 0.0103; 0.0000; 0.0515; 0.4330; 0.0619; 0.1649; 0.0000
0.0000; 0.5000; 0.0000; 0.0000; 0.0000; 0.0000; 0.5000; 0.0000; 0.0000
0.1064; 0.0532; 0.0106; 0.0000; 0.0000; 0.2660; 0.0319; 0.5319; 0.0000
Bootstrap 18
Run TT with 155 training and 78 tests
Run CD with 256 training and 129 tests
Run FKW with 107 training and 54 tests
Run KW with 126 training and 63 tests
Run LPLT with 55 training and 28 tests
Run RD with 193 training and 97 tests
Run WBD with 6 training and 4 tests
Run WSD with 186 training and 94 tests
Confusion Matrix 19.0
0.7436; 0.0385; 0.0128; 0.0000; 0.0000; 0.0000; 0.1282; 0.0769; 0.0000
0.0155; 0.5194; 0.0078; 0.0000; 0.0000; 0.0698; 0.3178; 0.0698; 0.0000
0.0000; 0.0000; 0.9074; 0.0000; 0.0556; 0.0185; 0.0185; 0.0000; 0.0000
0.0000; 0.0000; 0.1429; 0.6825; 0.1429; 0.0000; 0.0317; 0.0000; 0.0000
0.0000; 0.0000; 0.0000; 0.6071; 0.3929; 0.0000; 0.0000; 0.0000; 0.0000
0.1031; 0.1959; 0.0206; 0.0000; 0.0412; 0.3608; 0.0928; 0.1856; 0.0000
0.0000; 0.2500; 0.0000; 0.0000; 0.0000; 0.0000; 0.7500; 0.0000; 0.0000
0.0957; 0.0745; 0.0000; 0.0000; 0.0106; 0.2979; 0.0319; 0.4894; 0.0000
Bootstrap 19
Run TT with 155 training and 78 tests
Run CD with 256 training and 129 tests
Run FKW with 107 training and 54 tests
Run KW with 126 training and 63 tests
Run LPLT with 55 training and 28 tests
Run RD with 193 training and 97 tests
Run WBD with 6 training and 4 tests
Run WSD with 186 training and 94 tests
Confusion Matrix 20.0
0.3846; 0.2179; 0.0385; 0.0000; 0.0000; 0.0128; 0.1667; 0.1795; 0.0000
0.0078; 0.4496; 0.0000; 0.0000; 0.0000; 0.1008; 0.3953; 0.0465; 0.0000
0.0000; 0.0000; 0.8704; 0.0741; 0.0185; 0.0000; 0.0370; 0.0000; 0.0000
0.0000; 0.0000; 0.0317; 0.8571; 0.0952; 0.0000; 0.0159; 0.0000; 0.0000
0.0000; 0.0000; 0.0000; 0.5000; 0.5000; 0.0000; 0.0000; 0.0000; 0.0000
0.0309; 0.0309; 0.0103; 0.0000; 0.0309; 0.4845; 0.0412; 0.3711; 0.0000
0.0000; 0.5000; 0.0000; 0.0000; 0.0000; 0.0000; 0.5000; 0.0000; 0.0000
0.0851; 0.0532; 0.0000; 0.0000; 0.0106; 0.3191; 0.0745; 0.4574; 0.0000
Bootstrap 20
Run TT with 155 training and 78 tests
Run CD with 256 training and 129 tests
Run FKW with 107 training and 54 tests
Run KW with 126 training and 63 tests
Run LPLT with 55 training and 28 tests
Run RD with 193 training and 97 tests
Run WBD with 6 training and 4 tests
Run WSD with 186 training and 94 tests
Confusion Matrix 21.0
0.7564; 0.0641; 0.0128; 0.0000; 0.0000; 0.0385; 0.0385; 0.0897; 0.0000
0.1318; 0.3798; 0.0155; 0.0000; 0.0000; 0.2558; 0.1008; 0.1163; 0.0000
0.0185; 0.0370; 0.9074; 0.0370; 0.0000; 0.0000; 0.0000; 0.0000; 0.0000
0.0000; 0.0000; 0.0317; 0.6032; 0.3333; 0.0000; 0.0317; 0.0000; 0.0000
0.0000; 0.0000; 0.2143; 0.1429; 0.6071; 0.0000; 0.0357; 0.0000; 0.0000
0.1443; 0.2062; 0.0000; 0.0000; 0.0515; 0.4639; 0.0515; 0.0825; 0.0000
0.0000; 0.7500; 0.0000; 0.0000; 0.0000; 0.0000; 0.2500; 0.0000; 0.0000
0.0638; 0.0638; 0.0000; 0.0000; 0.0000; 0.3511; 0.0532; 0.4681; 0.0000
Bootstrap 21
Run TT with 155 training and 78 tests
Run CD with 256 training and 129 tests
Run FKW with 107 training and 54 tests
Run KW with 126 training and 63 tests
Run LPLT with 55 training and 28 tests
Run RD with 193 training and 97 tests
Run WBD with 6 training and 4 tests
Run WSD with 186 training and 94 tests
Confusion Matrix 22.0
0.4872; 0.2051; 0.0385; 0.0000; 0.0000; 0.0256; 0.1410; 0.1026; 0.0000
0.0310; 0.4884; 0.0000; 0.0000; 0.0000; 0.1318; 0.3333; 0.0155; 0.0000
0.0000; 0.0000; 0.9259; 0.0000; 0.0370; 0.0000; 0.0370; 0.0000; 0.0000
0.0000; 0.0000; 0.0317; 0.7778; 0.1905; 0.0000; 0.0000; 0.0000; 0.0000
0.0000; 0.0000; 0.0357; 0.0714; 0.8571; 0.0000; 0.0357; 0.0000; 0.0000
0.0103; 0.1031; 0.0000; 0.0000; 0.0000; 0.6289; 0.0000; 0.2577; 0.0000
0.0000; 0.0000; 0.0000; 0.0000; 0.0000; 0.0000; 1.0000; 0.0000; 0.0000
0.0638; 0.1170; 0.0000; 0.0000; 0.0000; 0.2234; 0.0745; 0.5213; 0.0000
Bootstrap 22
Run TT with 155 training and 78 tests
Run CD with 256 training and 129 tests
Run FKW with 107 training and 54 tests
Run KW with 126 training and 63 tests
Run LPLT with 55 training and 28 tests
Run RD with 193 training and 97 tests
Run WBD with 6 training and 4 tests
Run WSD with 186 training and 94 tests
Confusion Matrix 23.0
0.3974; 0.2692; 0.0385; 0.0000; 0.0000; 0.0769; 0.1410; 0.0769; 0.0000
0.0310; 0.5426; 0.0078; 0.0000; 0.0000; 0.1163; 0.2946; 0.0078; 0.0000
0.0000; 0.0185; 0.9259; 0.0185; 0.0370; 0.0000; 0.0000; 0.0000; 0.0000
0.0000; 0.0000; 0.1746; 0.6349; 0.1429; 0.0000; 0.0476; 0.0000; 0.0000
0.0000; 0.0000; 0.0000; 0.1786; 0.8214; 0.0000; 0.0000; 0.0000; 0.0000
0.0515; 0.1443; 0.0103; 0.0000; 0.0515; 0.4948; 0.0722; 0.1753; 0.0000
0.0000; 0.0000; 0.0000; 0.0000; 0.0000; 0.2500; 0.7500; 0.0000; 0.0000
0.0745; 0.0426; 0.0106; 0.0000; 0.0106; 0.2979; 0.0213; 0.5426; 0.0000
Bootstrap 23
Run TT with 155 training and 78 tests
Run CD with 256 training and 129 tests
Run FKW with 107 training and 54 tests
Run KW with 126 training and 63 tests
Run LPLT with 55 training and 28 tests
Run RD with 193 training and 97 tests
Run WBD with 6 training and 4 tests
Run WSD with 186 training and 94 tests
Confusion Matrix 24.0
0.4359; 0.2436; 0.0385; 0.0000; 0.0000; 0.0513; 0.1923; 0.0385; 0.0000
0.0388; 0.5891; 0.0155; 0.0000; 0.0000; 0.0853; 0.2713; 0.0000; 0.0000
0.0185; 0.0370; 0.8889; 0.0000; 0.0370; 0.0000; 0.0185; 0.0000; 0.0000
0.0000; 0.0000; 0.0317; 0.7778; 0.1587; 0.0000; 0.0317; 0.0000; 0.0000
0.0000; 0.0000; 0.0000; 0.6071; 0.3929; 0.0000; 0.0000; 0.0000; 0.0000
0.0928; 0.2062; 0.0103; 0.0000; 0.0309; 0.3608; 0.1237; 0.1753; 0.0000
0.0000; 0.5000; 0.0000; 0.0000; 0.0000; 0.0000; 0.5000; 0.0000; 0.0000
0.1064; 0.0851; 0.0000; 0.0000; 0.0000; 0.3085; 0.0319; 0.4681; 0.0000
Bootstrap 24
Run TT with 155 training and 78 tests
Run CD with 256 training and 129 tests
Run FKW with 107 training and 54 tests
Run KW with 126 training and 63 tests
Run LPLT with 55 training and 28 tests
Run RD with 193 training and 97 tests
Run WBD with 6 training and 4 tests
Run WSD with 186 training and 94 tests
Confusion Matrix 25.0
0.4615; 0.2949; 0.0513; 0.0000; 0.0000; 0.0641; 0.0385; 0.0897; 0.0000
0.1318; 0.4031; 0.0078; 0.0000; 0.0000; 0.2713; 0.0930; 0.0930; 0.0000
0.0000; 0.0370; 0.9259; 0.0000; 0.0185; 0.0000; 0.0185; 0.0000; 0.0000
0.0000; 0.0000; 0.0476; 0.7302; 0.1905; 0.0000; 0.0317; 0.0000; 0.0000
0.0000; 0.0000; 0.0357; 0.1071; 0.8571; 0.0000; 0.0000; 0.0000; 0.0000
0.0722; 0.1856; 0.0103; 0.0000; 0.0309; 0.3814; 0.1134; 0.2062; 0.0000
0.0000; 0.7500; 0.0000; 0.0000; 0.0000; 0.0000; 0.2500; 0.0000; 0.0000
0.0851; 0.0957; 0.0000; 0.0000; 0.0000; 0.2872; 0.0532; 0.4787; 0.0000
Bootstrap 25
Run TT with 155 training and 78 tests
Run CD with 256 training and 129 tests
Run FKW with 107 training and 54 tests
Run KW with 126 training and 63 tests
Run LPLT with 55 training and 28 tests
Run RD with 193 training and 97 tests
Run WBD with 6 training and 4 tests
Run WSD with 186 training and 94 tests
Confusion Matrix 26.0
0.5897; 0.1282; 0.0128; 0.0000; 0.0128; 0.0256; 0.0769; 0.1538; 0.0000
0.0388; 0.6047; 0.0078; 0.0000; 0.0000; 0.1240; 0.1860; 0.0388; 0.0000
0.0000; 0.0370; 0.9074; 0.0185; 0.0370; 0.0000; 0.0000; 0.0000; 0.0000
0.0000; 0.0000; 0.0635; 0.6508; 0.2381; 0.0000; 0.0476; 0.0000; 0.0000
0.0000; 0.0000; 0.0000; 0.3571; 0.6429; 0.0000; 0.0000; 0.0000; 0.0000
0.0103; 0.0619; 0.0000; 0.0000; 0.0000; 0.6598; 0.0000; 0.2680; 0.0000
0.0000; 0.5000; 0.0000; 0.0000; 0.0000; 0.2500; 0.0000; 0.2500; 0.0000
0.0638; 0.0319; 0.0000; 0.0000; 0.0106; 0.2766; 0.0106; 0.6064; 0.0000
Bootstrap 26
Run TT with 155 training and 78 tests
Run CD with 256 training and 129 tests
Run FKW with 107 training and 54 tests
Run KW with 126 training and 63 tests
Run LPLT with 55 training and 28 tests
Run RD with 193 training and 97 tests
Run WBD with 6 training and 4 tests
Run WSD with 186 training and 94 tests
Confusion Matrix 27.0
0.4103; 0.2564; 0.0513; 0.0000; 0.0000; 0.0769; 0.1410; 0.0641; 0.0000
0.0310; 0.5736; 0.0000; 0.0000; 0.0000; 0.1550; 0.2403; 0.0000; 0.0000
0.0000; 0.0000; 0.9259; 0.0185; 0.0370; 0.0185; 0.0000; 0.0000; 0.0000
0.0000; 0.0000; 0.0317; 0.8730; 0.0952; 0.0000; 0.0000; 0.0000; 0.0000
0.0000; 0.0000; 0.0714; 0.1429; 0.7857; 0.0000; 0.0000; 0.0000; 0.0000
0.0000; 0.0309; 0.0000; 0.0000; 0.0000; 0.5876; 0.0000; 0.3814; 0.0000
0.0000; 0.5000; 0.0000; 0.0000; 0.0000; 0.0000; 0.5000; 0.0000; 0.0000
0.0745; 0.0532; 0.0106; 0.0106; 0.0000; 0.2234; 0.0426; 0.5851; 0.0000
Bootstrap 27
Run TT with 155 training and 78 tests
Run CD with 256 training and 129 tests
Run FKW with 107 training and 54 tests
Run KW with 126 training and 63 tests
Run LPLT with 55 training and 28 tests
Run RD with 193 training and 97 tests
Run WBD with 6 training and 4 tests
Run WSD with 186 training and 94 tests
Confusion Matrix 28.0
0.3974; 0.2692; 0.0513; 0.0000; 0.0000; 0.1154; 0.0641; 0.1026; 0.0000
0.0930; 0.3798; 0.0078; 0.0000; 0.0000; 0.2636; 0.1318; 0.1240; 0.0000
0.0185; 0.0370; 0.9074; 0.0185; 0.0000; 0.0000; 0.0185; 0.0000; 0.0000
0.0000; 0.0000; 0.0317; 0.7619; 0.1746; 0.0000; 0.0317; 0.0000; 0.0000
0.0000; 0.0000; 0.0000; 0.5714; 0.4286; 0.0000; 0.0000; 0.0000; 0.0000
0.0722; 0.0722; 0.0103; 0.0000; 0.0515; 0.4742; 0.0515; 0.2680; 0.0000
0.0000; 0.0000; 0.0000; 0.0000; 0.0000; 0.0000; 1.0000; 0.0000; 0.0000
0.0851; 0.0426; 0.0106; 0.0000; 0.0000; 0.3191; 0.0745; 0.4681; 0.0000
Bootstrap 28
Run TT with 155 training and 78 tests
Run CD with 256 training and 129 tests
Run FKW with 107 training and 54 tests
Run KW with 126 training and 63 tests
Run LPLT with 55 training and 28 tests
Run RD with 193 training and 97 tests
Run WBD with 6 training and 4 tests
Run WSD with 186 training and 94 tests
Confusion Matrix 29.0
0.9231; 0.0000; 0.0128; 0.0000; 0.0000; 0.0128; 0.0000; 0.0513; 0.0000
0.0853; 0.4109; 0.0000; 0.0000; 0.0000; 0.2093; 0.2326; 0.0620; 0.0000
0.0000; 0.0185; 0.8519; 0.0556; 0.0370; 0.0000; 0.0370; 0.0000; 0.0000
0.0000; 0.0000; 0.0159; 0.8730; 0.1111; 0.0000; 0.0000; 0.0000; 0.0000
0.0000; 0.0000; 0.0000; 0.8214; 0.1786; 0.0000; 0.0000; 0.0000; 0.0000
0.0309; 0.0619; 0.0000; 0.0000; 0.0000; 0.4845; 0.0103; 0.4124; 0.0000
0.0000; 0.0000; 0.0000; 0.0000; 0.0000; 0.0000; 1.0000; 0.0000; 0.0000
0.0532; 0.0426; 0.0000; 0.0000; 0.0106; 0.2766; 0.0532; 0.5638; 0.0000
Bootstrap 29
Run TT with 155 training and 78 tests
Run CD with 256 training and 129 tests
Run FKW with 107 training and 54 tests
Run KW with 126 training and 63 tests
Run LPLT with 55 training and 28 tests
Run RD with 193 training and 97 tests
Run WBD with 6 training and 4 tests
Run WSD with 186 training and 94 tests
Confusion Matrix 30.0
0.8846; 0.0128; 0.0128; 0.0000; 0.0000; 0.0256; 0.0000; 0.0641; 0.0000
0.1395; 0.4884; 0.0000; 0.0000; 0.0000; 0.1163; 0.1628; 0.0930; 0.0000
0.0185; 0.0370; 0.9259; 0.0000; 0.0000; 0.0000; 0.0185; 0.0000; 0.0000
0.0000; 0.0000; 0.0317; 0.8095; 0.1429; 0.0000; 0.0159; 0.0000; 0.0000
0.0000; 0.0000; 0.0000; 0.1429; 0.8214; 0.0000; 0.0357; 0.0000; 0.0000
0.1031; 0.1753; 0.0000; 0.0000; 0.0103; 0.4021; 0.0619; 0.2474; 0.0000
0.0000; 0.0000; 0.0000; 0.0000; 0.0000; 0.0000; 1.0000; 0.0000; 0.0000
0.0957; 0.0851; 0.0000; 0.0000; 0.0000; 0.2766; 0.0213; 0.5213; 0.0000
Mean confusion
0.6222; 0.1556; 0.0308; 0.0000; 0.0017; 0.0457; 0.0628; 0.0812; 0.0000
0.0736; 0.4690; 0.0078; 0.0000; 0.0000; 0.1791; 0.2039; 0.0667; 0.0000
0.0031; 0.0198; 0.9136; 0.0167; 0.0302; 0.0043; 0.0117; 0.0006; 0.0000
0.0000; 0.0000; 0.0614; 0.7381; 0.1794; 0.0000; 0.0212; 0.0000; 0.0000
0.0000; 0.0000; 0.0262; 0.3714; 0.5952; 0.0000; 0.0071; 0.0000; 0.0000
0.0591; 0.1261; 0.0065; 0.0000; 0.0210; 0.4787; 0.0509; 0.2577; 0.0000
0.0000; 0.2917; 0.0000; 0.0000; 0.0000; 0.0500; 0.6417; 0.0167; 0.0000
0.0823; 0.0691; 0.0028; 0.0004; 0.0028; 0.2844; 0.0418; 0.5163; 0.0000
STD Confusion
0.2005; 0.1199; 0.0177; 0.0000; 0.0044; 0.0364; 0.0569; 0.0383; 0.0000
0.0434; 0.0842; 0.0058; 0.0000; 0.0000; 0.0713; 0.0866; 0.0443; 0.0000
0.0070; 0.0194; 0.0316; 0.0203; 0.0220; 0.0080; 0.0133; 0.0034; 0.0000
0.0000; 0.0000; 0.0557; 0.1037; 0.0710; 0.0000; 0.0197; 0.0000; 0.0000
0.0000; 0.0000; 0.0429; 0.2277; 0.2030; 0.0000; 0.0173; 0.0000; 0.0000
0.0433; 0.0728; 0.0079; 0.0000; 0.0203; 0.1052; 0.0405; 0.0945; 0.0000
0.0000; 0.2792; 0.0000; 0.0000; 0.0000; 0.1017; 0.3195; 0.0634; 0.0000
0.0223; 0.0291; 0.0048; 0.0019; 0.0048; 0.0456; 0.0209; 0.0443; 0.0000
Lower 95% CI
0.3205; 0.0000; 0.0000; 0.0000; 0.0000; 0.0000; 0.0000; 0.0128; 0.0000
0.0078; 0.3178; 0.0000; 0.0000; 0.0000; 0.0698; 0.0698; 0.0000; 0.0000
0.0000; 0.0000; 0.8519; 0.0000; 0.0000; 0.0000; 0.0000; 0.0000; 0.0000
0.0000; 0.0000; 0.0000; 0.5397; 0.0635; 0.0000; 0.0000; 0.0000; 0.0000
0.0000; 0.0000; 0.0000; 0.0714; 0.1786; 0.0000; 0.0000; 0.0000; 0.0000
0.0000; 0.0103; 0.0000; 0.0000; 0.0000; 0.3196; 0.0000; 0.0825; 0.0000
0.0000; 0.0000; 0.0000; 0.0000; 0.0000; 0.0000; 0.0000; 0.0000; 0.0000
0.0426; 0.0213; 0.0000; 0.0000; 0.0000; 0.1915; 0.0106; 0.4574; 0.0000
Upper 95% CI
0.9231; 0.3590; 0.0641; 0.0000; 0.0128; 0.1410; 0.1923; 0.1795; 0.0000
0.1395; 0.6047; 0.0155; 0.0000; 0.0000; 0.3178; 0.3953; 0.1395; 0.0000
0.0185; 0.0556; 0.9815; 0.0741; 0.0741; 0.0185; 0.0370; 0.0185; 0.0000
0.0000; 0.0000; 0.2063; 0.9206; 0.3333; 0.0000; 0.0794; 0.0000; 0.0000
0.0000; 0.0000; 0.2143; 0.8214; 0.8571; 0.0000; 0.0714; 0.0000; 0.0000
0.1443; 0.2268; 0.0206; 0.0000; 0.0515; 0.7216; 0.1340; 0.4227; 0.0000
0.0000; 0.7500; 0.0000; 0.0000; 0.0000; 0.2500; 1.0000; 0.2500; 0.0000
0.1277; 0.1170; 0.0106; 0.0106; 0.0106; 0.3511; 0.0745; 0.6064; 0.0000
Run TT with 233 training and 0 tests
Run CD with 385 training and 0 tests
Run FKW with 161 training and 0 tests
Run KW with 189 training and 0 tests
Run LPLT with 83 training and 0 tests
Run RD with 290 training and 0 tests
Run WBD with 10 training and 0 tests
Run WSD with 280 training and 0 tests