Total Bootstraps 30
Num Species 8
FragmentLength 28; Section Length 55
TT; CD; FKW; KW; LPLT; RD; WBD; WSD
Bootstrap 0
Run TT with 98 training and 50 tests
Run CD with 163 training and 82 tests
Run FKW with 68 training and 35 tests
Run KW with 80 training and 40 tests
Run LPLT with 34 training and 18 tests
Run RD with 122 training and 62 tests
Run WBD with 4 training and 2 tests
Run WSD with 118 training and 60 tests
Confusion Matrix 1.0
0.9600; 0.0000; 0.0200; 0.0000; 0.0000; 0.0000; 0.0000; 0.0200; 0.0000
0.0488; 0.6585; 0.0000; 0.0000; 0.0000; 0.0244; 0.2561; 0.0122; 0.0000
0.0000; 0.0286; 0.9429; 0.0000; 0.0286; 0.0000; 0.0000; 0.0000; 0.0000
0.0000; 0.0000; 0.0250; 0.7750; 0.2000; 0.0000; 0.0000; 0.0000; 0.0000
0.0000; 0.0000; 0.0556; 0.3333; 0.6111; 0.0000; 0.0000; 0.0000; 0.0000
0.0806; 0.2097; 0.0000; 0.0000; 0.0000; 0.4355; 0.0323; 0.2419; 0.0000
0.0000; 0.5000; 0.0000; 0.0000; 0.0000; 0.0000; 0.5000; 0.0000; 0.0000
0.1333; 0.0833; 0.0000; 0.0000; 0.0000; 0.1833; 0.0333; 0.5667; 0.0000
Bootstrap 1
Run TT with 98 training and 50 tests
Run CD with 163 training and 82 tests
Run FKW with 68 training and 35 tests
Run KW with 80 training and 40 tests
Run LPLT with 34 training and 18 tests
Run RD with 122 training and 62 tests
Run WBD with 4 training and 2 tests
Run WSD with 118 training and 60 tests
Confusion Matrix 2.0
0.5400; 0.2400; 0.0400; 0.0000; 0.0000; 0.0200; 0.1000; 0.0600; 0.0000
0.0366; 0.6220; 0.0000; 0.0000; 0.0000; 0.1463; 0.1220; 0.0732; 0.0000
0.0000; 0.0000; 0.9714; 0.0000; 0.0286; 0.0000; 0.0000; 0.0000; 0.0000
0.0000; 0.0000; 0.0250; 0.8000; 0.1750; 0.0000; 0.0000; 0.0000; 0.0000
0.0000; 0.0000; 0.0000; 0.2778; 0.7222; 0.0000; 0.0000; 0.0000; 0.0000
0.0000; 0.0000; 0.0000; 0.0000; 0.0000; 0.5484; 0.0000; 0.4516; 0.0000
0.0000; 0.0000; 0.0000; 0.0000; 0.0000; 0.0000; 1.0000; 0.0000; 0.0000
0.0500; 0.0500; 0.0000; 0.0000; 0.0000; 0.3167; 0.0167; 0.5667; 0.0000
Bootstrap 2
Run TT with 98 training and 50 tests
Run CD with 163 training and 82 tests
Run FKW with 68 training and 35 tests
Run KW with 80 training and 40 tests
Run LPLT with 34 training and 18 tests
Run RD with 122 training and 62 tests
Run WBD with 4 training and 2 tests
Run WSD with 118 training and 60 tests
Confusion Matrix 3.0
0.7200; 0.1800; 0.0000; 0.0000; 0.0000; 0.0200; 0.0400; 0.0400; 0.0000
0.0610; 0.6098; 0.0000; 0.0000; 0.0000; 0.0244; 0.3049; 0.0000; 0.0000
0.0000; 0.0000; 1.0000; 0.0000; 0.0000; 0.0000; 0.0000; 0.0000; 0.0000
0.0000; 0.0000; 0.0000; 0.8250; 0.1750; 0.0000; 0.0000; 0.0000; 0.0000
0.0000; 0.0000; 0.0000; 0.3333; 0.6667; 0.0000; 0.0000; 0.0000; 0.0000
0.0968; 0.2097; 0.0000; 0.0000; 0.0484; 0.3871; 0.0645; 0.1935; 0.0000
0.0000; 0.5000; 0.0000; 0.0000; 0.0000; 0.0000; 0.5000; 0.0000; 0.0000
0.0333; 0.0667; 0.0000; 0.0000; 0.0167; 0.3500; 0.0333; 0.5000; 0.0000
Bootstrap 3
Run TT with 98 training and 50 tests
Run CD with 163 training and 82 tests
Run FKW with 68 training and 35 tests
Run KW with 80 training and 40 tests
Run LPLT with 34 training and 18 tests
Run RD with 122 training and 62 tests
Run WBD with 4 training and 2 tests
Run WSD with 118 training and 60 tests
Confusion Matrix 4.0
0.3600; 0.3000; 0.0400; 0.0000; 0.0000; 0.1200; 0.0400; 0.1400; 0.0000
0.0244; 0.4634; 0.0000; 0.0000; 0.0000; 0.1585; 0.2683; 0.0854; 0.0000
0.0000; 0.0571; 0.9429; 0.0000; 0.0000; 0.0000; 0.0000; 0.0000; 0.0000
0.0000; 0.0000; 0.0000; 0.7250; 0.2750; 0.0000; 0.0000; 0.0000; 0.0000
0.0000; 0.0000; 0.0556; 0.2222; 0.7222; 0.0000; 0.0000; 0.0000; 0.0000
0.0000; 0.0000; 0.0000; 0.0000; 0.0000; 0.6290; 0.0000; 0.3710; 0.0000
0.0000; 1.0000; 0.0000; 0.0000; 0.0000; 0.0000; 0.0000; 0.0000; 0.0000
0.0500; 0.0833; 0.0000; 0.0000; 0.0000; 0.1833; 0.0000; 0.6833; 0.0000
Bootstrap 4
Run TT with 98 training and 50 tests
Run CD with 163 training and 82 tests
Run FKW with 68 training and 35 tests
Run KW with 80 training and 40 tests
Run LPLT with 34 training and 18 tests
Run RD with 122 training and 62 tests
Run WBD with 4 training and 2 tests
Run WSD with 118 training and 60 tests
Confusion Matrix 5.0
0.8800; 0.0200; 0.0200; 0.0000; 0.0000; 0.0200; 0.0200; 0.0400; 0.0000
0.0610; 0.6098; 0.0000; 0.0000; 0.0000; 0.1707; 0.1220; 0.0366; 0.0000
0.0000; 0.0286; 0.9143; 0.0286; 0.0286; 0.0000; 0.0000; 0.0000; 0.0000
0.0000; 0.0000; 0.0000; 0.8000; 0.2000; 0.0000; 0.0000; 0.0000; 0.0000
0.0000; 0.0000; 0.0000; 0.0000; 1.0000; 0.0000; 0.0000; 0.0000; 0.0000
0.0161; 0.0161; 0.0000; 0.0000; 0.0000; 0.5484; 0.0000; 0.4194; 0.0000
0.0000; 1.0000; 0.0000; 0.0000; 0.0000; 0.0000; 0.0000; 0.0000; 0.0000
0.1000; 0.0500; 0.0000; 0.0000; 0.0000; 0.2833; 0.0167; 0.5500; 0.0000
Bootstrap 5
Run TT with 98 training and 50 tests
Run CD with 163 training and 82 tests
Run FKW with 68 training and 35 tests
Run KW with 80 training and 40 tests
Run LPLT with 34 training and 18 tests
Run RD with 122 training and 62 tests
Run WBD with 4 training and 2 tests
Run WSD with 118 training and 60 tests
Confusion Matrix 6.0
0.9200; 0.0000; 0.0200; 0.0000; 0.0000; 0.0400; 0.0200; 0.0000; 0.0000
0.0000; 0.4634; 0.0000; 0.0000; 0.0000; 0.1220; 0.3659; 0.0488; 0.0000
0.0000; 0.0286; 0.8571; 0.0286; 0.0571; 0.0000; 0.0000; 0.0286; 0.0000
0.0000; 0.0000; 0.0250; 0.7750; 0.1750; 0.0000; 0.0250; 0.0000; 0.0000
0.0000; 0.0000; 0.0556; 0.0556; 0.8889; 0.0000; 0.0000; 0.0000; 0.0000
0.0000; 0.0161; 0.0000; 0.0000; 0.0000; 0.6290; 0.0000; 0.3548; 0.0000
0.0000; 0.5000; 0.0000; 0.0000; 0.0000; 0.0000; 0.5000; 0.0000; 0.0000
0.0500; 0.0500; 0.0000; 0.0000; 0.0167; 0.2833; 0.0000; 0.6000; 0.0000
Bootstrap 6
Run TT with 98 training and 50 tests
Run CD with 163 training and 82 tests
Run FKW with 68 training and 35 tests
Run KW with 80 training and 40 tests
Run LPLT with 34 training and 18 tests
Run RD with 122 training and 62 tests
Run WBD with 4 training and 2 tests
Run WSD with 118 training and 60 tests
Confusion Matrix 7.0
0.9200; 0.0000; 0.0200; 0.0000; 0.0000; 0.0200; 0.0000; 0.0400; 0.0000
0.0366; 0.4878; 0.0000; 0.0000; 0.0000; 0.0732; 0.3780; 0.0244; 0.0000
0.0000; 0.0286; 0.9429; 0.0286; 0.0000; 0.0000; 0.0000; 0.0000; 0.0000
0.0000; 0.0000; 0.0250; 0.7500; 0.2250; 0.0000; 0.0000; 0.0000; 0.0000
0.0000; 0.0000; 0.0000; 0.1667; 0.8333; 0.0000; 0.0000; 0.0000; 0.0000
0.0806; 0.1774; 0.0323; 0.0000; 0.0484; 0.3871; 0.0968; 0.1774; 0.0000
0.0000; 0.5000; 0.0000; 0.0000; 0.0000; 0.0000; 0.5000; 0.0000; 0.0000
0.1000; 0.1000; 0.0000; 0.0000; 0.0000; 0.2833; 0.0000; 0.5167; 0.0000
Bootstrap 7
Run TT with 98 training and 50 tests
Run CD with 163 training and 82 tests
Run FKW with 68 training and 35 tests
Run KW with 80 training and 40 tests
Run LPLT with 34 training and 18 tests
Run RD with 122 training and 62 tests
Run WBD with 4 training and 2 tests
Run WSD with 118 training and 60 tests
Confusion Matrix 8.0
0.4400; 0.3800; 0.0000; 0.0000; 0.0000; 0.0000; 0.1000; 0.0800; 0.0000
0.0488; 0.7073; 0.0000; 0.0000; 0.0000; 0.0488; 0.1829; 0.0122; 0.0000
0.0000; 0.0286; 0.9429; 0.0286; 0.0000; 0.0000; 0.0000; 0.0000; 0.0000
0.0000; 0.0000; 0.0250; 0.8750; 0.1000; 0.0000; 0.0000; 0.0000; 0.0000
0.0000; 0.0000; 0.0000; 0.5556; 0.4444; 0.0000; 0.0000; 0.0000; 0.0000
0.0645; 0.2097; 0.0161; 0.0161; 0.0323; 0.4355; 0.0968; 0.1290; 0.0000
0.0000; 1.0000; 0.0000; 0.0000; 0.0000; 0.0000; 0.0000; 0.0000; 0.0000
0.0667; 0.0333; 0.0000; 0.0000; 0.0167; 0.3167; 0.0333; 0.5333; 0.0000
Bootstrap 8
Run TT with 98 training and 50 tests
Run CD with 163 training and 82 tests
Run FKW with 68 training and 35 tests
Run KW with 80 training and 40 tests
Run LPLT with 34 training and 18 tests
Run RD with 122 training and 62 tests
Run WBD with 4 training and 2 tests
Run WSD with 118 training and 60 tests
Confusion Matrix 9.0
0.4000; 0.3800; 0.0000; 0.0000; 0.0000; 0.0200; 0.0800; 0.1200; 0.0000
0.1220; 0.4512; 0.0000; 0.0000; 0.0000; 0.2561; 0.0610; 0.1098; 0.0000
0.0000; 0.0571; 0.9143; 0.0000; 0.0000; 0.0000; 0.0000; 0.0286; 0.0000
0.0000; 0.0000; 0.0000; 0.9750; 0.0250; 0.0000; 0.0000; 0.0000; 0.0000
0.0000; 0.0000; 0.0000; 0.7222; 0.2778; 0.0000; 0.0000; 0.0000; 0.0000
0.0968; 0.1290; 0.0161; 0.0000; 0.0323; 0.4677; 0.0806; 0.1774; 0.0000
0.0000; 1.0000; 0.0000; 0.0000; 0.0000; 0.0000; 0.0000; 0.0000; 0.0000
0.0500; 0.0833; 0.0000; 0.0000; 0.0000; 0.3167; 0.0167; 0.5333; 0.0000
Bootstrap 9
Run TT with 98 training and 50 tests
Run CD with 163 training and 82 tests
Run FKW with 68 training and 35 tests
Run KW with 80 training and 40 tests
Run LPLT with 34 training and 18 tests
Run RD with 122 training and 62 tests
Run WBD with 4 training and 2 tests
Run WSD with 118 training and 60 tests
Confusion Matrix 10.0
0.2800; 0.4400; 0.0000; 0.0000; 0.0000; 0.1000; 0.0800; 0.1000; 0.0000
0.0244; 0.4756; 0.0000; 0.0000; 0.0000; 0.1220; 0.3293; 0.0488; 0.0000
0.0000; 0.0571; 0.9143; 0.0000; 0.0286; 0.0000; 0.0000; 0.0000; 0.0000
0.0000; 0.0000; 0.0000; 0.8500; 0.1500; 0.0000; 0.0000; 0.0000; 0.0000
0.0000; 0.0000; 0.0556; 0.1111; 0.8333; 0.0000; 0.0000; 0.0000; 0.0000
0.0645; 0.2581; 0.0000; 0.0000; 0.0000; 0.4032; 0.0484; 0.2258; 0.0000
0.0000; 0.0000; 0.0000; 0.0000; 0.0000; 0.0000; 1.0000; 0.0000; 0.0000
0.0333; 0.0500; 0.0000; 0.0000; 0.0000; 0.2500; 0.0833; 0.5833; 0.0000
Bootstrap 10
Run TT with 98 training and 50 tests
Run CD with 163 training and 82 tests
Run FKW with 68 training and 35 tests
Run KW with 80 training and 40 tests
Run LPLT with 34 training and 18 tests
Run RD with 122 training and 62 tests
Run WBD with 4 training and 2 tests
Run WSD with 118 training and 60 tests
Confusion Matrix 11.0
0.9200; 0.0000; 0.0200; 0.0000; 0.0000; 0.0000; 0.0000; 0.0600; 0.0000
0.0488; 0.5488; 0.0000; 0.0000; 0.0000; 0.1220; 0.2683; 0.0122; 0.0000
0.0000; 0.0000; 0.9143; 0.0000; 0.0571; 0.0000; 0.0286; 0.0000; 0.0000
0.0000; 0.0000; 0.0250; 0.7000; 0.2500; 0.0000; 0.0250; 0.0000; 0.0000
0.0000; 0.0000; 0.0000; 0.7778; 0.2222; 0.0000; 0.0000; 0.0000; 0.0000
0.0000; 0.0161; 0.0000; 0.0000; 0.0000; 0.5323; 0.0000; 0.4516; 0.0000
0.0000; 0.5000; 0.0000; 0.0000; 0.0000; 0.0000; 0.5000; 0.0000; 0.0000
0.0500; 0.0333; 0.0000; 0.0000; 0.0000; 0.3000; 0.0167; 0.6000; 0.0000
Bootstrap 11
Run TT with 98 training and 50 tests
Run CD with 163 training and 82 tests
Run FKW with 68 training and 35 tests
Run KW with 80 training and 40 tests
Run LPLT with 34 training and 18 tests
Run RD with 122 training and 62 tests
Run WBD with 4 training and 2 tests
Run WSD with 118 training and 60 tests
Confusion Matrix 12.0
0.9200; 0.0000; 0.0200; 0.0000; 0.0000; 0.0400; 0.0000; 0.0200; 0.0000
0.0488; 0.4878; 0.0000; 0.0000; 0.0000; 0.0854; 0.3171; 0.0610; 0.0000
0.0000; 0.0286; 0.9429; 0.0000; 0.0286; 0.0000; 0.0000; 0.0000; 0.0000
0.0000; 0.0000; 0.0250; 0.8750; 0.1000; 0.0000; 0.0000; 0.0000; 0.0000
0.0000; 0.0000; 0.0000; 0.2222; 0.7778; 0.0000; 0.0000; 0.0000; 0.0000
0.0000; 0.0161; 0.0000; 0.0000; 0.0000; 0.5000; 0.0000; 0.4839; 0.0000
0.0000; 0.5000; 0.0000; 0.0000; 0.0000; 0.0000; 0.5000; 0.0000; 0.0000
0.0333; 0.0500; 0.0000; 0.0000; 0.0000; 0.2167; 0.0000; 0.7000; 0.0000
Bootstrap 12
Run TT with 98 training and 50 tests
Run CD with 163 training and 82 tests
Run FKW with 68 training and 35 tests
Run KW with 80 training and 40 tests
Run LPLT with 34 training and 18 tests
Run RD with 122 training and 62 tests
Run WBD with 4 training and 2 tests
Run WSD with 118 training and 60 tests
Confusion Matrix 13.0
0.3800; 0.3800; 0.0600; 0.0000; 0.0000; 0.0600; 0.0400; 0.0800; 0.0000
0.0244; 0.6098; 0.0000; 0.0000; 0.0000; 0.0976; 0.2561; 0.0122; 0.0000
0.0000; 0.0000; 1.0000; 0.0000; 0.0000; 0.0000; 0.0000; 0.0000; 0.0000
0.0000; 0.0000; 0.0250; 0.8500; 0.1250; 0.0000; 0.0000; 0.0000; 0.0000
0.0000; 0.0000; 0.0000; 0.6111; 0.3889; 0.0000; 0.0000; 0.0000; 0.0000
0.0000; 0.1613; 0.0000; 0.0000; 0.0000; 0.4839; 0.0323; 0.3226; 0.0000
0.0000; 0.0000; 0.0000; 0.0000; 0.0000; 0.0000; 1.0000; 0.0000; 0.0000
0.0167; 0.0833; 0.0000; 0.0000; 0.0167; 0.2667; 0.0167; 0.6000; 0.0000
Bootstrap 13
Run TT with 98 training and 50 tests
Run CD with 163 training and 82 tests
Run FKW with 68 training and 35 tests
Run KW with 80 training and 40 tests
Run LPLT with 34 training and 18 tests
Run RD with 122 training and 62 tests
Run WBD with 4 training and 2 tests
Run WSD with 118 training and 60 tests
Confusion Matrix 14.0
0.6000; 0.3000; 0.0200; 0.0000; 0.0000; 0.0400; 0.0000; 0.0400; 0.0000
0.0488; 0.6098; 0.0000; 0.0000; 0.0000; 0.1341; 0.1463; 0.0610; 0.0000
0.0000; 0.0000; 0.9429; 0.0000; 0.0571; 0.0000; 0.0000; 0.0000; 0.0000
0.0000; 0.0000; 0.1250; 0.6750; 0.2000; 0.0000; 0.0000; 0.0000; 0.0000
0.0000; 0.0000; 0.0000; 0.4444; 0.5556; 0.0000; 0.0000; 0.0000; 0.0000
0.0968; 0.1452; 0.0000; 0.0000; 0.0645; 0.4355; 0.0968; 0.1613; 0.0000
0.0000; 0.5000; 0.0000; 0.0000; 0.0000; 0.0000; 0.5000; 0.0000; 0.0000
0.0167; 0.1000; 0.0000; 0.0000; 0.0000; 0.3667; 0.0167; 0.5000; 0.0000
Bootstrap 14
Run TT with 98 training and 50 tests
Run CD with 163 training and 82 tests
Run FKW with 68 training and 35 tests
Run KW with 80 training and 40 tests
Run LPLT with 34 training and 18 tests
Run RD with 122 training and 62 tests
Run WBD with 4 training and 2 tests
Run WSD with 118 training and 60 tests
Confusion Matrix 15.0
0.9000; 0.0000; 0.0200; 0.0000; 0.0000; 0.0000; 0.0000; 0.0800; 0.0000
0.1098; 0.5732; 0.0000; 0.0000; 0.0000; 0.1220; 0.1098; 0.0854; 0.0000
0.0000; 0.0571; 0.9429; 0.0000; 0.0000; 0.0000; 0.0000; 0.0000; 0.0000
0.0000; 0.0000; 0.0000; 0.7500; 0.2500; 0.0000; 0.0000; 0.0000; 0.0000
0.0000; 0.0000; 0.0000; 0.1111; 0.8889; 0.0000; 0.0000; 0.0000; 0.0000
0.0968; 0.1774; 0.0323; 0.0161; 0.0161; 0.4839; 0.0806; 0.0968; 0.0000
0.0000; 1.0000; 0.0000; 0.0000; 0.0000; 0.0000; 0.0000; 0.0000; 0.0000
0.0833; 0.0833; 0.0000; 0.0000; 0.0000; 0.3667; 0.0333; 0.4333; 0.0000
Bootstrap 15
Run TT with 98 training and 50 tests
Run CD with 163 training and 82 tests
Run FKW with 68 training and 35 tests
Run KW with 80 training and 40 tests
Run LPLT with 34 training and 18 tests
Run RD with 122 training and 62 tests
Run WBD with 4 training and 2 tests
Run WSD with 118 training and 60 tests
Confusion Matrix 16.0
0.8600; 0.0600; 0.0000; 0.0000; 0.0000; 0.0400; 0.0000; 0.0400; 0.0000
0.0488; 0.6341; 0.0000; 0.0000; 0.0000; 0.1098; 0.1707; 0.0366; 0.0000
0.0000; 0.0000; 0.9143; 0.0000; 0.0571; 0.0286; 0.0000; 0.0000; 0.0000
0.0000; 0.0000; 0.0000; 0.9500; 0.0500; 0.0000; 0.0000; 0.0000; 0.0000
0.0000; 0.0000; 0.0556; 0.1111; 0.8333; 0.0000; 0.0000; 0.0000; 0.0000
0.1290; 0.1290; 0.0161; 0.0000; 0.0323; 0.5323; 0.0645; 0.0968; 0.0000
0.0000; 0.0000; 0.0000; 0.0000; 0.0000; 0.0000; 1.0000; 0.0000; 0.0000
0.1167; 0.0667; 0.0000; 0.0167; 0.0000; 0.3167; 0.0000; 0.4833; 0.0000
Bootstrap 16
Run TT with 98 training and 50 tests
Run CD with 163 training and 82 tests
Run FKW with 68 training and 35 tests
Run KW with 80 training and 40 tests
Run LPLT with 34 training and 18 tests
Run RD with 122 training and 62 tests
Run WBD with 4 training and 2 tests
Run WSD with 118 training and 60 tests
Confusion Matrix 17.0
0.7200; 0.0800; 0.0200; 0.0000; 0.0000; 0.0200; 0.1000; 0.0600; 0.0000
0.0610; 0.5976; 0.0000; 0.0000; 0.0000; 0.1341; 0.1463; 0.0610; 0.0000
0.0000; 0.0286; 0.9429; 0.0286; 0.0000; 0.0000; 0.0000; 0.0000; 0.0000
0.0000; 0.0000; 0.0250; 0.8500; 0.1250; 0.0000; 0.0000; 0.0000; 0.0000
0.0000; 0.0000; 0.0556; 0.0556; 0.8889; 0.0000; 0.0000; 0.0000; 0.0000
0.0161; 0.0645; 0.0161; 0.0000; 0.0161; 0.5968; 0.0161; 0.2742; 0.0000
0.0000; 0.5000; 0.0000; 0.0000; 0.0000; 0.0000; 0.5000; 0.0000; 0.0000
0.0333; 0.0667; 0.0000; 0.0000; 0.0000; 0.2667; 0.0000; 0.6333; 0.0000
Bootstrap 17
Run TT with 98 training and 50 tests
Run CD with 163 training and 82 tests
Run FKW with 68 training and 35 tests
Run KW with 80 training and 40 tests
Run LPLT with 34 training and 18 tests
Run RD with 122 training and 62 tests
Run WBD with 4 training and 2 tests
Run WSD with 118 training and 60 tests
Confusion Matrix 18.0
0.4000; 0.2800; 0.0400; 0.0000; 0.0000; 0.0000; 0.2000; 0.0800; 0.0000
0.0366; 0.6341; 0.0000; 0.0000; 0.0000; 0.1220; 0.2073; 0.0000; 0.0000
0.0000; 0.0000; 0.9429; 0.0000; 0.0286; 0.0286; 0.0000; 0.0000; 0.0000
0.0000; 0.0000; 0.1750; 0.6500; 0.1750; 0.0000; 0.0000; 0.0000; 0.0000
0.0000; 0.0000; 0.0000; 0.3889; 0.6111; 0.0000; 0.0000; 0.0000; 0.0000
0.0645; 0.1452; 0.0323; 0.0000; 0.0484; 0.4516; 0.0968; 0.1613; 0.0000
0.0000; 0.5000; 0.0000; 0.0000; 0.0000; 0.0000; 0.5000; 0.0000; 0.0000
0.0333; 0.0500; 0.0000; 0.0000; 0.0167; 0.3333; 0.0167; 0.5500; 0.0000
Bootstrap 18
Run TT with 98 training and 50 tests
Run CD with 163 training and 82 tests
Run FKW with 68 training and 35 tests
Run KW with 80 training and 40 tests
Run LPLT with 34 training and 18 tests
Run RD with 122 training and 62 tests
Run WBD with 4 training and 2 tests
Run WSD with 118 training and 60 tests
Confusion Matrix 19.0
0.8200; 0.0800; 0.0000; 0.0000; 0.0000; 0.0400; 0.0000; 0.0600; 0.0000
0.0610; 0.5732; 0.0000; 0.0000; 0.0000; 0.1829; 0.1463; 0.0366; 0.0000
0.0000; 0.0000; 1.0000; 0.0000; 0.0000; 0.0000; 0.0000; 0.0000; 0.0000
0.0000; 0.0000; 0.0250; 0.8500; 0.1250; 0.0000; 0.0000; 0.0000; 0.0000
0.0000; 0.0000; 0.0000; 0.5000; 0.5000; 0.0000; 0.0000; 0.0000; 0.0000
0.0000; 0.0161; 0.0000; 0.0000; 0.0000; 0.6129; 0.0000; 0.3710; 0.0000
0.0000; 0.0000; 0.0000; 0.0000; 0.0000; 0.0000; 1.0000; 0.0000; 0.0000
0.0833; 0.0333; 0.0000; 0.0000; 0.0000; 0.3000; 0.0333; 0.5500; 0.0000
Bootstrap 19
Run TT with 98 training and 50 tests
Run CD with 163 training and 82 tests
Run FKW with 68 training and 35 tests
Run KW with 80 training and 40 tests
Run LPLT with 34 training and 18 tests
Run RD with 122 training and 62 tests
Run WBD with 4 training and 2 tests
Run WSD with 118 training and 60 tests
Confusion Matrix 20.0
0.4400; 0.3800; 0.0000; 0.0000; 0.0000; 0.1000; 0.0200; 0.0600; 0.0000
0.0976; 0.3780; 0.0122; 0.0000; 0.0000; 0.3293; 0.0610; 0.1220; 0.0000
0.0000; 0.0286; 0.8857; 0.0000; 0.0857; 0.0000; 0.0000; 0.0000; 0.0000
0.0000; 0.0000; 0.0750; 0.8000; 0.1000; 0.0000; 0.0250; 0.0000; 0.0000
0.0000; 0.0000; 0.0000; 0.7222; 0.2778; 0.0000; 0.0000; 0.0000; 0.0000
0.0000; 0.0484; 0.0000; 0.0000; 0.0000; 0.5968; 0.0000; 0.3548; 0.0000
0.0000; 0.5000; 0.0000; 0.0000; 0.0000; 0.0000; 0.5000; 0.0000; 0.0000
0.0500; 0.0167; 0.0000; 0.0000; 0.0167; 0.3500; 0.0000; 0.5667; 0.0000
Bootstrap 20
Run TT with 98 training and 50 tests
Run CD with 163 training and 82 tests
Run FKW with 68 training and 35 tests
Run KW with 80 training and 40 tests
Run LPLT with 34 training and 18 tests
Run RD with 122 training and 62 tests
Run WBD with 4 training and 2 tests
Run WSD with 118 training and 60 tests
Confusion Matrix 21.0
0.7000; 0.2000; 0.0000; 0.0000; 0.0000; 0.0200; 0.0200; 0.0600; 0.0000
0.0488; 0.6585; 0.0122; 0.0000; 0.0000; 0.1098; 0.1585; 0.0122; 0.0000
0.0000; 0.0000; 0.8571; 0.0286; 0.0857; 0.0286; 0.0000; 0.0000; 0.0000
0.0000; 0.0000; 0.0750; 0.6500; 0.2750; 0.0000; 0.0000; 0.0000; 0.0000
0.0000; 0.0000; 0.0000; 0.1111; 0.8889; 0.0000; 0.0000; 0.0000; 0.0000
0.0000; 0.0161; 0.0000; 0.0000; 0.0000; 0.7742; 0.0000; 0.2097; 0.0000
0.0000; 1.0000; 0.0000; 0.0000; 0.0000; 0.0000; 0.0000; 0.0000; 0.0000
0.0333; 0.0667; 0.0000; 0.0000; 0.0000; 0.3167; 0.0167; 0.5667; 0.0000
Bootstrap 21
Run TT with 98 training and 50 tests
Run CD with 163 training and 82 tests
Run FKW with 68 training and 35 tests
Run KW with 80 training and 40 tests
Run LPLT with 34 training and 18 tests
Run RD with 122 training and 62 tests
Run WBD with 4 training and 2 tests
Run WSD with 118 training and 60 tests
Confusion Matrix 22.0
0.4400; 0.4000; 0.0000; 0.0000; 0.0000; 0.0200; 0.1200; 0.0200; 0.0000
0.0366; 0.5488; 0.0000; 0.0000; 0.0000; 0.0610; 0.2927; 0.0610; 0.0000
0.0000; 0.0571; 0.9429; 0.0000; 0.0000; 0.0000; 0.0000; 0.0000; 0.0000
0.0000; 0.0000; 0.0000; 0.8250; 0.1500; 0.0000; 0.0250; 0.0000; 0.0000
0.0000; 0.0000; 0.0556; 0.0000; 0.9444; 0.0000; 0.0000; 0.0000; 0.0000
0.0968; 0.1935; 0.0000; 0.0000; 0.0161; 0.3548; 0.0645; 0.2742; 0.0000
0.0000; 0.0000; 0.0000; 0.0000; 0.0000; 0.0000; 1.0000; 0.0000; 0.0000
0.0667; 0.0667; 0.0000; 0.0000; 0.0000; 0.2833; 0.0333; 0.5500; 0.0000
Bootstrap 22
Run TT with 98 training and 50 tests
Run CD with 163 training and 82 tests
Run FKW with 68 training and 35 tests
Run KW with 80 training and 40 tests
Run LPLT with 34 training and 18 tests
Run RD with 122 training and 62 tests
Run WBD with 4 training and 2 tests
Run WSD with 118 training and 60 tests
Confusion Matrix 23.0
0.4400; 0.2800; 0.0400; 0.0000; 0.0000; 0.0200; 0.1400; 0.0800; 0.0000
0.0488; 0.6220; 0.0000; 0.0000; 0.0000; 0.1585; 0.1707; 0.0000; 0.0000
0.0000; 0.0571; 0.9143; 0.0000; 0.0286; 0.0000; 0.0000; 0.0000; 0.0000
0.0000; 0.0000; 0.0500; 0.8500; 0.1000; 0.0000; 0.0000; 0.0000; 0.0000
0.0000; 0.0000; 0.0000; 0.7222; 0.2778; 0.0000; 0.0000; 0.0000; 0.0000
0.0000; 0.0000; 0.0000; 0.0000; 0.0000; 0.6129; 0.0000; 0.3871; 0.0000
0.0000; 0.5000; 0.0000; 0.0000; 0.0000; 0.0000; 0.5000; 0.0000; 0.0000
0.0333; 0.0667; 0.0000; 0.0000; 0.0167; 0.3167; 0.0000; 0.5667; 0.0000
Bootstrap 23
Run TT with 98 training and 50 tests
Run CD with 163 training and 82 tests
Run FKW with 68 training and 35 tests
Run KW with 80 training and 40 tests
Run LPLT with 34 training and 18 tests
Run RD with 122 training and 62 tests
Run WBD with 4 training and 2 tests
Run WSD with 118 training and 60 tests
Confusion Matrix 24.0
0.9400; 0.0000; 0.0200; 0.0000; 0.0000; 0.0200; 0.0000; 0.0200; 0.0000
0.0610; 0.5122; 0.0000; 0.0000; 0.0000; 0.1585; 0.2195; 0.0488; 0.0000
0.0000; 0.0000; 0.9143; 0.0571; 0.0286; 0.0000; 0.0000; 0.0000; 0.0000
0.0000; 0.0000; 0.1500; 0.6750; 0.1750; 0.0000; 0.0000; 0.0000; 0.0000
0.0000; 0.0000; 0.0000; 0.5000; 0.5000; 0.0000; 0.0000; 0.0000; 0.0000
0.0000; 0.0161; 0.0000; 0.0000; 0.0000; 0.5323; 0.0000; 0.4516; 0.0000
0.0000; 0.0000; 0.0000; 0.0000; 0.0000; 0.0000; 1.0000; 0.0000; 0.0000
0.0667; 0.0833; 0.0000; 0.0000; 0.0000; 0.2500; 0.0167; 0.5833; 0.0000
Bootstrap 24
Run TT with 98 training and 50 tests
Run CD with 163 training and 82 tests
Run FKW with 68 training and 35 tests
Run KW with 80 training and 40 tests
Run LPLT with 34 training and 18 tests
Run RD with 122 training and 62 tests
Run WBD with 4 training and 2 tests
Run WSD with 118 training and 60 tests
Confusion Matrix 25.0
0.5400; 0.3200; 0.0200; 0.0000; 0.0000; 0.0800; 0.0200; 0.0200; 0.0000
0.0610; 0.5122; 0.0122; 0.0000; 0.0000; 0.2317; 0.0488; 0.1341; 0.0000
0.0000; 0.0571; 0.9143; 0.0286; 0.0000; 0.0000; 0.0000; 0.0000; 0.0000
0.0000; 0.0000; 0.0000; 0.9250; 0.0750; 0.0000; 0.0000; 0.0000; 0.0000
0.0000; 0.0000; 0.0000; 0.7778; 0.2222; 0.0000; 0.0000; 0.0000; 0.0000
0.0645; 0.1935; 0.0000; 0.0000; 0.0000; 0.4355; 0.0645; 0.2419; 0.0000
0.0000; 0.5000; 0.0000; 0.0000; 0.0000; 0.0000; 0.5000; 0.0000; 0.0000
0.0333; 0.0833; 0.0000; 0.0000; 0.0000; 0.3333; 0.0000; 0.5500; 0.0000
Bootstrap 25
Run TT with 98 training and 50 tests
Run CD with 163 training and 82 tests
Run FKW with 68 training and 35 tests
Run KW with 80 training and 40 tests
Run LPLT with 34 training and 18 tests
Run RD with 122 training and 62 tests
Run WBD with 4 training and 2 tests
Run WSD with 118 training and 60 tests
Confusion Matrix 26.0
0.9400; 0.0000; 0.0200; 0.0000; 0.0000; 0.0200; 0.0000; 0.0200; 0.0000
0.0610; 0.3293; 0.0122; 0.0000; 0.0000; 0.2805; 0.2683; 0.0488; 0.0000
0.0000; 0.0000; 0.9714; 0.0000; 0.0000; 0.0000; 0.0286; 0.0000; 0.0000
0.0000; 0.0000; 0.1000; 0.7250; 0.1750; 0.0000; 0.0000; 0.0000; 0.0000
0.0000; 0.0000; 0.0000; 0.6111; 0.3889; 0.0000; 0.0000; 0.0000; 0.0000
0.0161; 0.0161; 0.0000; 0.0000; 0.0000; 0.5161; 0.0000; 0.4516; 0.0000
0.0000; 0.0000; 0.0000; 0.0000; 0.0000; 0.0000; 1.0000; 0.0000; 0.0000
0.0500; 0.0000; 0.0000; 0.0000; 0.0167; 0.2667; 0.0167; 0.6500; 0.0000
Bootstrap 26
Run TT with 98 training and 50 tests
Run CD with 163 training and 82 tests
Run FKW with 68 training and 35 tests
Run KW with 80 training and 40 tests
Run LPLT with 34 training and 18 tests
Run RD with 122 training and 62 tests
Run WBD with 4 training and 2 tests
Run WSD with 118 training and 60 tests
Confusion Matrix 27.0
0.7600; 0.1200; 0.0000; 0.0000; 0.0000; 0.0400; 0.0400; 0.0400; 0.0000
0.0488; 0.5488; 0.0000; 0.0000; 0.0000; 0.1220; 0.2805; 0.0000; 0.0000
0.0000; 0.0286; 0.9429; 0.0000; 0.0286; 0.0000; 0.0000; 0.0000; 0.0000
0.0000; 0.0000; 0.0500; 0.8250; 0.1250; 0.0000; 0.0000; 0.0000; 0.0000
0.0000; 0.0000; 0.0000; 0.7222; 0.2778; 0.0000; 0.0000; 0.0000; 0.0000
0.0000; 0.0484; 0.0000; 0.0000; 0.0000; 0.7419; 0.0000; 0.2097; 0.0000
0.0000; 0.0000; 0.0000; 0.0000; 0.0000; 0.0000; 1.0000; 0.0000; 0.0000
0.0500; 0.0833; 0.0000; 0.0000; 0.0000; 0.2500; 0.0500; 0.5667; 0.0000
Bootstrap 27
Run TT with 98 training and 50 tests
Run CD with 163 training and 82 tests
Run FKW with 68 training and 35 tests
Run KW with 80 training and 40 tests
Run LPLT with 34 training and 18 tests
Run RD with 122 training and 62 tests
Run WBD with 4 training and 2 tests
Run WSD with 118 training and 60 tests
Confusion Matrix 28.0
0.7600; 0.1000; 0.0000; 0.0000; 0.0000; 0.0400; 0.0000; 0.1000; 0.0000
0.0976; 0.5122; 0.0122; 0.0000; 0.0000; 0.1829; 0.0488; 0.1463; 0.0000
0.0000; 0.0286; 0.8857; 0.0571; 0.0286; 0.0000; 0.0000; 0.0000; 0.0000
0.0000; 0.0000; 0.0000; 0.7750; 0.2250; 0.0000; 0.0000; 0.0000; 0.0000
0.0000; 0.0000; 0.0556; 0.0000; 0.9444; 0.0000; 0.0000; 0.0000; 0.0000
0.1129; 0.1452; 0.0161; 0.0161; 0.0323; 0.4677; 0.0806; 0.1290; 0.0000
0.0000; 1.0000; 0.0000; 0.0000; 0.0000; 0.0000; 0.0000; 0.0000; 0.0000
0.0000; 0.1333; 0.0000; 0.0000; 0.0167; 0.3000; 0.0000; 0.5500; 0.0000
Bootstrap 28
Run TT with 98 training and 50 tests
Run CD with 163 training and 82 tests
Run FKW with 68 training and 35 tests
Run KW with 80 training and 40 tests
Run LPLT with 34 training and 18 tests
Run RD with 122 training and 62 tests
Run WBD with 4 training and 2 tests
Run WSD with 118 training and 60 tests
Confusion Matrix 29.0
0.9400; 0.0000; 0.0200; 0.0000; 0.0000; 0.0000; 0.0000; 0.0400; 0.0000
0.1098; 0.4512; 0.0000; 0.0000; 0.0000; 0.1829; 0.1463; 0.1098; 0.0000
0.0000; 0.0000; 1.0000; 0.0000; 0.0000; 0.0000; 0.0000; 0.0000; 0.0000
0.0000; 0.0000; 0.0250; 0.8000; 0.1500; 0.0000; 0.0250; 0.0000; 0.0000
0.0000; 0.0000; 0.0000; 0.2778; 0.7222; 0.0000; 0.0000; 0.0000; 0.0000
0.1290; 0.1290; 0.0161; 0.0000; 0.0484; 0.4839; 0.0968; 0.0968; 0.0000
0.0000; 0.0000; 0.0000; 0.0000; 0.0000; 0.0000; 1.0000; 0.0000; 0.0000
0.0500; 0.0500; 0.0000; 0.0000; 0.0167; 0.3333; 0.0167; 0.5333; 0.0000
Bootstrap 29
Run TT with 98 training and 50 tests
Run CD with 163 training and 82 tests
Run FKW with 68 training and 35 tests
Run KW with 80 training and 40 tests
Run LPLT with 34 training and 18 tests
Run RD with 122 training and 62 tests
Run WBD with 4 training and 2 tests
Run WSD with 118 training and 60 tests
Confusion Matrix 30.0
0.7000; 0.2200; 0.0000; 0.0000; 0.0000; 0.0400; 0.0000; 0.0400; 0.0000
0.0732; 0.6463; 0.0000; 0.0000; 0.0000; 0.1098; 0.0976; 0.0732; 0.0000
0.0000; 0.0000; 0.9143; 0.0000; 0.0571; 0.0286; 0.0000; 0.0000; 0.0000
0.0000; 0.0000; 0.0500; 0.9000; 0.0500; 0.0000; 0.0000; 0.0000; 0.0000
0.0000; 0.0000; 0.0000; 0.6111; 0.3889; 0.0000; 0.0000; 0.0000; 0.0000
0.0968; 0.2258; 0.0161; 0.0000; 0.0484; 0.4516; 0.0323; 0.1290; 0.0000
0.0000; 0.5000; 0.0000; 0.0000; 0.0000; 0.0000; 0.5000; 0.0000; 0.0000
0.0667; 0.0833; 0.0000; 0.0000; 0.0167; 0.3333; 0.0000; 0.5000; 0.0000
Mean confusion
0.6847; 0.1713; 0.0160; 0.0000; 0.0000; 0.0333; 0.0393; 0.0553; 0.0000
0.0565; 0.5512; 0.0020; 0.0000; 0.0000; 0.1394; 0.1984; 0.0524; 0.0000
0.0000; 0.0229; 0.9343; 0.0105; 0.0248; 0.0038; 0.0019; 0.0019; 0.0000
0.0000; 0.0000; 0.0375; 0.8017; 0.1567; 0.0000; 0.0042; 0.0000; 0.0000
0.0000; 0.0000; 0.0148; 0.3685; 0.6167; 0.0000; 0.0000; 0.0000; 0.0000
0.0473; 0.1043; 0.0070; 0.0016; 0.0161; 0.5156; 0.0382; 0.2699; 0.0000
0.0000; 0.4500; 0.0000; 0.0000; 0.0000; 0.0000; 0.5500; 0.0000; 0.0000
0.0544; 0.0650; 0.0000; 0.0006; 0.0061; 0.2944; 0.0172; 0.5622; 0.0000
STD Confusion
0.2239; 0.1564; 0.0161; 0.0000; 0.0000; 0.0312; 0.0521; 0.0327; 0.0000
0.0276; 0.0891; 0.0046; 0.0000; 0.0000; 0.0696; 0.0959; 0.0419; 0.0000
0.0000; 0.0230; 0.0376; 0.0176; 0.0268; 0.0099; 0.0072; 0.0072; 0.0000
0.0000; 0.0000; 0.0463; 0.0848; 0.0660; 0.0000; 0.0095; 0.0000; 0.0000
0.0000; 0.0000; 0.0250; 0.2664; 0.2524; 0.0000; 0.0000; 0.0000; 0.0000
0.0475; 0.0853; 0.0110; 0.0049; 0.0212; 0.1004; 0.0394; 0.1257; 0.0000
0.0000; 0.3794; 0.0000; 0.0000; 0.0000; 0.0000; 0.3794; 0.0000; 0.0000
0.0300; 0.0271; 0.0000; 0.0030; 0.0082; 0.0474; 0.0188; 0.0562; 0.0000
Lower 95% CI
0.2800; 0.0000; 0.0000; 0.0000; 0.0000; 0.0000; 0.0000; 0.0000; 0.0000
0.0000; 0.3293; 0.0000; 0.0000; 0.0000; 0.0244; 0.0488; 0.0000; 0.0000
0.0000; 0.0000; 0.8571; 0.0000; 0.0000; 0.0000; 0.0000; 0.0000; 0.0000
0.0000; 0.0000; 0.0000; 0.6500; 0.0250; 0.0000; 0.0000; 0.0000; 0.0000
0.0000; 0.0000; 0.0000; 0.0000; 0.2222; 0.0000; 0.0000; 0.0000; 0.0000
0.0000; 0.0000; 0.0000; 0.0000; 0.0000; 0.3548; 0.0000; 0.0968; 0.0000
0.0000; 0.0000; 0.0000; 0.0000; 0.0000; 0.0000; 0.0000; 0.0000; 0.0000
0.0000; 0.0000; 0.0000; 0.0000; 0.0000; 0.1833; 0.0000; 0.4333; 0.0000
Upper 95% CI
0.9600; 0.4400; 0.0600; 0.0000; 0.0000; 0.1200; 0.2000; 0.1400; 0.0000
0.1220; 0.7073; 0.0122; 0.0000; 0.0000; 0.3293; 0.3780; 0.1463; 0.0000
0.0000; 0.0571; 1.0000; 0.0571; 0.0857; 0.0286; 0.0286; 0.0286; 0.0000
0.0000; 0.0000; 0.1750; 0.9750; 0.2750; 0.0000; 0.0250; 0.0000; 0.0000
0.0000; 0.0000; 0.0556; 0.7778; 1.0000; 0.0000; 0.0000; 0.0000; 0.0000
0.1290; 0.2581; 0.0323; 0.0161; 0.0645; 0.7742; 0.0968; 0.4839; 0.0000
0.0000; 1.0000; 0.0000; 0.0000; 0.0000; 0.0000; 1.0000; 0.0000; 0.0000
0.1333; 0.1333; 0.0000; 0.0167; 0.0167; 0.3667; 0.0833; 0.7000; 0.0000
Run TT with 148 training and 0 tests
Run CD with 245 training and 0 tests
Run FKW with 103 training and 0 tests
Run KW with 120 training and 0 tests
Run LPLT with 52 training and 0 tests
Run RD with 184 training and 0 tests
Run WBD with 6 training and 0 tests
Run WSD with 178 training and 0 tests