Total Bootstraps 30
Num Species 4
FragmentLength 20; Section Length 35
BEL; LPLT; WBD; WSD
Bootstrap 0
Run BEL with 16 training and 9 tests
Run LPLT with 101 training and 51 tests
Run WBD with 10 training and 6 tests
Run WSD with 342 training and 171 tests
Confusion Matrix 1.0
0.6667; 0.1111; 0.1111; 0.1111; 0.0000
0.3333; 0.6667; 0.0000; 0.0000; 0.0000
0.0000; 0.0000; 1.0000; 0.0000; 0.0000
0.0117; 0.0117; 0.1345; 0.8421; 0.0000
Bootstrap 1
Run BEL with 16 training and 9 tests
Run LPLT with 101 training and 51 tests
Run WBD with 10 training and 6 tests
Run WSD with 342 training and 171 tests
Confusion Matrix 2.0
0.5556; 0.3333; 0.0000; 0.1111; 0.0000
0.0000; 0.9804; 0.0000; 0.0196; 0.0000
0.0000; 0.0000; 0.8333; 0.1667; 0.0000
0.0175; 0.0175; 0.0468; 0.9181; 0.0000
Bootstrap 2
Run BEL with 16 training and 9 tests
Run LPLT with 101 training and 51 tests
Run WBD with 10 training and 6 tests
Run WSD with 342 training and 171 tests
Confusion Matrix 3.0
0.8889; 0.1111; 0.0000; 0.0000; 0.0000
0.1373; 0.8627; 0.0000; 0.0000; 0.0000
0.0000; 0.0000; 1.0000; 0.0000; 0.0000
0.0175; 0.0117; 0.1111; 0.8596; 0.0000
Bootstrap 3
Run BEL with 16 training and 9 tests
Run LPLT with 101 training and 51 tests
Run WBD with 10 training and 6 tests
Run WSD with 342 training and 171 tests
Confusion Matrix 4.0
0.6667; 0.3333; 0.0000; 0.0000; 0.0000
0.1765; 0.8235; 0.0000; 0.0000; 0.0000
0.0000; 0.0000; 0.8333; 0.1667; 0.0000
0.0000; 0.0000; 0.0877; 0.9123; 0.0000
Bootstrap 4
Run BEL with 16 training and 9 tests
Run LPLT with 101 training and 51 tests
Run WBD with 10 training and 6 tests
Run WSD with 342 training and 171 tests
Confusion Matrix 5.0
0.8889; 0.0000; 0.1111; 0.0000; 0.0000
0.0588; 0.9216; 0.0196; 0.0000; 0.0000
0.0000; 0.0000; 1.0000; 0.0000; 0.0000
0.0000; 0.0000; 0.1053; 0.8947; 0.0000
Bootstrap 5
Run BEL with 16 training and 9 tests
Run LPLT with 101 training and 51 tests
Run WBD with 10 training and 6 tests
Run WSD with 342 training and 171 tests
Confusion Matrix 6.0
0.6667; 0.2222; 0.0000; 0.1111; 0.0000
0.1569; 0.8431; 0.0000; 0.0000; 0.0000
0.0000; 0.0000; 0.8333; 0.1667; 0.0000
0.0175; 0.0117; 0.0468; 0.9240; 0.0000
Bootstrap 6
Run BEL with 16 training and 9 tests
Run LPLT with 101 training and 51 tests
Run WBD with 10 training and 6 tests
Run WSD with 342 training and 171 tests
Confusion Matrix 7.0
0.7778; 0.1111; 0.0000; 0.1111; 0.0000
0.1569; 0.8431; 0.0000; 0.0000; 0.0000
0.1667; 0.0000; 0.8333; 0.0000; 0.0000
0.0117; 0.0175; 0.0994; 0.8713; 0.0000
Bootstrap 7
Run BEL with 16 training and 9 tests
Run LPLT with 101 training and 51 tests
Run WBD with 10 training and 6 tests
Run WSD with 342 training and 171 tests
Confusion Matrix 8.0
0.8889; 0.1111; 0.0000; 0.0000; 0.0000
0.1765; 0.8235; 0.0000; 0.0000; 0.0000
0.0000; 0.0000; 0.8333; 0.1667; 0.0000
0.0058; 0.0058; 0.0994; 0.8889; 0.0000
Bootstrap 8
Run BEL with 16 training and 9 tests
Run LPLT with 101 training and 51 tests
Run WBD with 10 training and 6 tests
Run WSD with 342 training and 171 tests
Confusion Matrix 9.0
0.4444; 0.2222; 0.3333; 0.0000; 0.0000
0.2157; 0.7843; 0.0000; 0.0000; 0.0000
0.0000; 0.0000; 1.0000; 0.0000; 0.0000
0.0000; 0.0000; 0.1111; 0.8889; 0.0000
Bootstrap 9
Run BEL with 16 training and 9 tests
Run LPLT with 101 training and 51 tests
Run WBD with 10 training and 6 tests
Run WSD with 342 training and 171 tests
Confusion Matrix 10.0
0.8889; 0.1111; 0.0000; 0.0000; 0.0000
0.1176; 0.8824; 0.0000; 0.0000; 0.0000
0.0000; 0.0000; 1.0000; 0.0000; 0.0000
0.0000; 0.0000; 0.1228; 0.8772; 0.0000
Bootstrap 10
Run BEL with 16 training and 9 tests
Run LPLT with 101 training and 51 tests
Run WBD with 10 training and 6 tests
Run WSD with 342 training and 171 tests
Confusion Matrix 11.0
0.8889; 0.0000; 0.1111; 0.0000; 0.0000
0.1765; 0.8235; 0.0000; 0.0000; 0.0000
0.0000; 0.0000; 1.0000; 0.0000; 0.0000
0.0058; 0.0000; 0.0936; 0.9006; 0.0000
Bootstrap 11
Run BEL with 16 training and 9 tests
Run LPLT with 101 training and 51 tests
Run WBD with 10 training and 6 tests
Run WSD with 342 training and 171 tests
Confusion Matrix 12.0
0.4444; 0.2222; 0.3333; 0.0000; 0.0000
0.1961; 0.7647; 0.0000; 0.0392; 0.0000
0.0000; 0.0000; 1.0000; 0.0000; 0.0000
0.0058; 0.0000; 0.0936; 0.9006; 0.0000
Bootstrap 12
Run BEL with 16 training and 9 tests
Run LPLT with 101 training and 51 tests
Run WBD with 10 training and 6 tests
Run WSD with 342 training and 171 tests
Confusion Matrix 13.0
1.0000; 0.0000; 0.0000; 0.0000; 0.0000
0.0392; 0.9608; 0.0000; 0.0000; 0.0000
0.0000; 0.0000; 0.8333; 0.1667; 0.0000
0.0000; 0.0058; 0.0643; 0.9298; 0.0000
Bootstrap 13
Run BEL with 16 training and 9 tests
Run LPLT with 101 training and 51 tests
Run WBD with 10 training and 6 tests
Run WSD with 342 training and 171 tests
Confusion Matrix 14.0
0.6667; 0.1111; 0.2222; 0.0000; 0.0000
0.1569; 0.7843; 0.0196; 0.0392; 0.0000
0.0000; 0.0000; 0.8333; 0.1667; 0.0000
0.0000; 0.0000; 0.0409; 0.9591; 0.0000
Bootstrap 14
Run BEL with 16 training and 9 tests
Run LPLT with 101 training and 51 tests
Run WBD with 10 training and 6 tests
Run WSD with 342 training and 171 tests
Confusion Matrix 15.0
0.5556; 0.2222; 0.2222; 0.0000; 0.0000
0.0588; 0.9216; 0.0000; 0.0196; 0.0000
0.0000; 0.0000; 0.8333; 0.1667; 0.0000
0.0000; 0.0058; 0.0936; 0.9006; 0.0000
Bootstrap 15
Run BEL with 16 training and 9 tests
Run LPLT with 101 training and 51 tests
Run WBD with 10 training and 6 tests
Run WSD with 342 training and 171 tests
Confusion Matrix 16.0
0.4444; 0.2222; 0.2222; 0.1111; 0.0000
0.0980; 0.9020; 0.0000; 0.0000; 0.0000
0.0000; 0.0000; 0.8333; 0.1667; 0.0000
0.0058; 0.0058; 0.0526; 0.9357; 0.0000
Bootstrap 16
Run BEL with 16 training and 9 tests
Run LPLT with 101 training and 51 tests
Run WBD with 10 training and 6 tests
Run WSD with 342 training and 171 tests
Confusion Matrix 17.0
0.4444; 0.2222; 0.3333; 0.0000; 0.0000
0.0980; 0.9020; 0.0000; 0.0000; 0.0000
0.0000; 0.0000; 0.6667; 0.3333; 0.0000
0.0000; 0.0058; 0.0760; 0.9181; 0.0000
Bootstrap 17
Run BEL with 16 training and 9 tests
Run LPLT with 101 training and 51 tests
Run WBD with 10 training and 6 tests
Run WSD with 342 training and 171 tests
Confusion Matrix 18.0
0.8889; 0.1111; 0.0000; 0.0000; 0.0000
0.1961; 0.7451; 0.0588; 0.0000; 0.0000
0.0000; 0.0000; 0.6667; 0.3333; 0.0000
0.0058; 0.0000; 0.0994; 0.8947; 0.0000
Bootstrap 18
Run BEL with 16 training and 9 tests
Run LPLT with 101 training and 51 tests
Run WBD with 10 training and 6 tests
Run WSD with 342 training and 171 tests
Confusion Matrix 19.0
0.6667; 0.2222; 0.0000; 0.1111; 0.0000
0.1569; 0.8431; 0.0000; 0.0000; 0.0000
0.0000; 0.0000; 1.0000; 0.0000; 0.0000
0.0000; 0.0000; 0.1345; 0.8655; 0.0000
Bootstrap 19
Run BEL with 16 training and 9 tests
Run LPLT with 101 training and 51 tests
Run WBD with 10 training and 6 tests
Run WSD with 342 training and 171 tests
Confusion Matrix 20.0
0.7778; 0.1111; 0.1111; 0.0000; 0.0000
0.2157; 0.7255; 0.0196; 0.0392; 0.0000
0.0000; 0.0000; 1.0000; 0.0000; 0.0000
0.0000; 0.0000; 0.1404; 0.8596; 0.0000
Bootstrap 20
Run BEL with 16 training and 9 tests
Run LPLT with 101 training and 51 tests
Run WBD with 10 training and 6 tests
Run WSD with 342 training and 171 tests
Confusion Matrix 21.0
0.5556; 0.3333; 0.0000; 0.1111; 0.0000
0.0980; 0.9020; 0.0000; 0.0000; 0.0000
0.1667; 0.0000; 0.8333; 0.0000; 0.0000
0.0058; 0.0117; 0.1170; 0.8655; 0.0000
Bootstrap 21
Run BEL with 16 training and 9 tests
Run LPLT with 101 training and 51 tests
Run WBD with 10 training and 6 tests
Run WSD with 342 training and 171 tests
Confusion Matrix 22.0
0.4444; 0.2222; 0.3333; 0.0000; 0.0000
0.1373; 0.8039; 0.0588; 0.0000; 0.0000
0.0000; 0.0000; 1.0000; 0.0000; 0.0000
0.0000; 0.0000; 0.1462; 0.8538; 0.0000
Bootstrap 22
Run BEL with 16 training and 9 tests
Run LPLT with 101 training and 51 tests
Run WBD with 10 training and 6 tests
Run WSD with 342 training and 171 tests
Confusion Matrix 23.0
0.4444; 0.4444; 0.0000; 0.1111; 0.0000
0.0980; 0.8431; 0.0588; 0.0000; 0.0000
0.0000; 0.0000; 0.8333; 0.1667; 0.0000
0.0000; 0.0058; 0.0585; 0.9357; 0.0000
Bootstrap 23
Run BEL with 16 training and 9 tests
Run LPLT with 101 training and 51 tests
Run WBD with 10 training and 6 tests
Run WSD with 342 training and 171 tests
Confusion Matrix 24.0
0.2222; 0.3333; 0.4444; 0.0000; 0.0000
0.1373; 0.8627; 0.0000; 0.0000; 0.0000
0.0000; 0.0000; 1.0000; 0.0000; 0.0000
0.0000; 0.0058; 0.1053; 0.8889; 0.0000
Bootstrap 24
Run BEL with 16 training and 9 tests
Run LPLT with 101 training and 51 tests
Run WBD with 10 training and 6 tests
Run WSD with 342 training and 171 tests
Confusion Matrix 25.0
0.5556; 0.2222; 0.2222; 0.0000; 0.0000
0.2745; 0.7255; 0.0000; 0.0000; 0.0000
0.0000; 0.0000; 1.0000; 0.0000; 0.0000
0.0000; 0.0117; 0.0877; 0.9006; 0.0000
Bootstrap 25
Run BEL with 16 training and 9 tests
Run LPLT with 101 training and 51 tests
Run WBD with 10 training and 6 tests
Run WSD with 342 training and 171 tests
Confusion Matrix 26.0
0.5556; 0.2222; 0.2222; 0.0000; 0.0000
0.0392; 0.9608; 0.0000; 0.0000; 0.0000
0.0000; 0.0000; 1.0000; 0.0000; 0.0000
0.0000; 0.0000; 0.0585; 0.9415; 0.0000
Bootstrap 26
Run BEL with 16 training and 9 tests
Run LPLT with 101 training and 51 tests
Run WBD with 10 training and 6 tests
Run WSD with 342 training and 171 tests
Confusion Matrix 27.0
0.5556; 0.3333; 0.0000; 0.1111; 0.0000
0.0980; 0.8627; 0.0392; 0.0000; 0.0000
0.1667; 0.0000; 0.8333; 0.0000; 0.0000
0.0058; 0.0058; 0.0936; 0.8947; 0.0000
Bootstrap 27
Run BEL with 16 training and 9 tests
Run LPLT with 101 training and 51 tests
Run WBD with 10 training and 6 tests
Run WSD with 342 training and 171 tests
Confusion Matrix 28.0
0.3333; 0.5556; 0.0000; 0.1111; 0.0000
0.0784; 0.8824; 0.0392; 0.0000; 0.0000
0.0000; 0.0000; 1.0000; 0.0000; 0.0000
0.0058; 0.0117; 0.1111; 0.8713; 0.0000
Bootstrap 28
Run BEL with 16 training and 9 tests
Run LPLT with 101 training and 51 tests
Run WBD with 10 training and 6 tests
Run WSD with 342 training and 171 tests
Confusion Matrix 29.0
0.5556; 0.2222; 0.2222; 0.0000; 0.0000
0.1765; 0.8235; 0.0000; 0.0000; 0.0000
0.0000; 0.0000; 1.0000; 0.0000; 0.0000
0.0058; 0.0000; 0.0994; 0.8947; 0.0000
Bootstrap 29
Run BEL with 16 training and 9 tests
Run LPLT with 101 training and 51 tests
Run WBD with 10 training and 6 tests
Run WSD with 342 training and 171 tests
Confusion Matrix 30.0
0.5556; 0.3333; 0.0000; 0.1111; 0.0000
0.1176; 0.8235; 0.0588; 0.0000; 0.0000
0.0000; 0.0000; 1.0000; 0.0000; 0.0000
0.0058; 0.0000; 0.0760; 0.9181; 0.0000
Mean confusion
0.6296; 0.2111; 0.1185; 0.0407; 0.0000
0.1392; 0.8431; 0.0124; 0.0052; 0.0000
0.0167; 0.0000; 0.9111; 0.0722; 0.0000
0.0045; 0.0051; 0.0936; 0.8969; 0.0000
STD Confusion
0.1943; 0.1284; 0.1397; 0.0545; 0.0000
0.0710; 0.0739; 0.0215; 0.0125; 0.0000
0.0509; 0.0000; 0.1048; 0.1043; 0.0000
0.0057; 0.0057; 0.0287; 0.0287; 0.0000
Lower 95% CI
0.2222; 0.0000; 0.0000; 0.0000; 0.0000
0.0000; 0.6667; 0.0000; 0.0000; 0.0000
0.0000; 0.0000; 0.6667; 0.0000; 0.0000
0.0000; 0.0000; 0.0409; 0.8421; 0.0000
Upper 95% CI
1.0000; 0.5556; 0.4444; 0.1111; 0.0000
0.3333; 0.9804; 0.0588; 0.0392; 0.0000
0.1667; 0.0000; 1.0000; 0.3333; 0.0000
0.0175; 0.0175; 0.1462; 0.9591; 0.0000
Run BEL with 25 training and 0 tests
Run LPLT with 152 training and 0 tests
Run WBD with 16 training and 0 tests
Run WSD with 513 training and 0 tests