Total Bootstraps 30
Num Species 8
FragmentLength 26; Section Length 35
TT; CD; FKW; KW; LPLT; RD; WBD; WSD
Bootstrap 0
Run TT with 176 training and 89 tests
Run CD with 290 training and 146 tests
Run FKW with 119 training and 60 tests
Run KW with 144 training and 72 tests
Run LPLT with 63 training and 32 tests
Run RD with 224 training and 112 tests
Run WBD with 7 training and 4 tests
Run WSD with 214 training and 108 tests
Confusion Matrix 1.0
0.4607; 0.2360; 0.0337; 0.0000; 0.0112; 0.0449; 0.1348; 0.0787; 0.0000
0.1164; 0.3904; 0.0068; 0.0000; 0.0000; 0.2808; 0.0685; 0.1370; 0.0000
0.0000; 0.0000; 0.9500; 0.0167; 0.0167; 0.0000; 0.0167; 0.0000; 0.0000
0.0000; 0.0000; 0.1250; 0.7083; 0.1389; 0.0000; 0.0278; 0.0000; 0.0000
0.0000; 0.0000; 0.0000; 0.6563; 0.3438; 0.0000; 0.0000; 0.0000; 0.0000
0.0089; 0.0179; 0.0000; 0.0000; 0.0000; 0.6339; 0.0089; 0.3304; 0.0000
0.0000; 0.2500; 0.0000; 0.0000; 0.0000; 0.0000; 0.7500; 0.0000; 0.0000
0.0741; 0.0463; 0.0093; 0.0000; 0.0093; 0.2870; 0.0833; 0.4907; 0.0000
Bootstrap 1
Run TT with 176 training and 89 tests
Run CD with 290 training and 146 tests
Run FKW with 119 training and 60 tests
Run KW with 144 training and 72 tests
Run LPLT with 63 training and 32 tests
Run RD with 224 training and 112 tests
Run WBD with 7 training and 4 tests
Run WSD with 214 training and 108 tests
Confusion Matrix 2.0
0.7528; 0.0787; 0.0112; 0.0000; 0.0225; 0.0562; 0.0337; 0.0449; 0.0000
0.0479; 0.5205; 0.0068; 0.0000; 0.0000; 0.1301; 0.2808; 0.0137; 0.0000
0.0167; 0.0167; 0.9333; 0.0000; 0.0333; 0.0000; 0.0000; 0.0000; 0.0000
0.0000; 0.0000; 0.0278; 0.8194; 0.1250; 0.0000; 0.0278; 0.0000; 0.0000
0.0000; 0.0000; 0.0000; 0.3125; 0.6875; 0.0000; 0.0000; 0.0000; 0.0000
0.0804; 0.0446; 0.0179; 0.0000; 0.0536; 0.4643; 0.0625; 0.2768; 0.0000
0.0000; 0.2500; 0.0000; 0.0000; 0.0000; 0.2500; 0.5000; 0.0000; 0.0000
0.0741; 0.1296; 0.0000; 0.0000; 0.0000; 0.2500; 0.0463; 0.5000; 0.0000
Bootstrap 2
Run TT with 176 training and 89 tests
Run CD with 290 training and 146 tests
Run FKW with 119 training and 60 tests
Run KW with 144 training and 72 tests
Run LPLT with 63 training and 32 tests
Run RD with 224 training and 112 tests
Run WBD with 7 training and 4 tests
Run WSD with 214 training and 108 tests
Confusion Matrix 3.0
0.6854; 0.1011; 0.0225; 0.0000; 0.0225; 0.0112; 0.0449; 0.1124; 0.0000
0.0548; 0.5753; 0.0137; 0.0000; 0.0000; 0.1233; 0.1986; 0.0342; 0.0000
0.0000; 0.0000; 0.8833; 0.0000; 0.0667; 0.0000; 0.0500; 0.0000; 0.0000
0.0000; 0.0000; 0.0833; 0.6806; 0.2083; 0.0000; 0.0278; 0.0000; 0.0000
0.0000; 0.0000; 0.0000; 0.5313; 0.4688; 0.0000; 0.0000; 0.0000; 0.0000
0.1071; 0.1875; 0.0268; 0.0000; 0.0179; 0.4196; 0.0893; 0.1518; 0.0000
0.0000; 0.2500; 0.0000; 0.0000; 0.0000; 0.0000; 0.7500; 0.0000; 0.0000
0.0648; 0.0926; 0.0000; 0.0000; 0.0000; 0.3981; 0.0278; 0.4167; 0.0000
Bootstrap 3
Run TT with 176 training and 89 tests
Run CD with 290 training and 146 tests
Run FKW with 119 training and 60 tests
Run KW with 144 training and 72 tests
Run LPLT with 63 training and 32 tests
Run RD with 224 training and 112 tests
Run WBD with 7 training and 4 tests
Run WSD with 214 training and 108 tests
Confusion Matrix 4.0
0.7640; 0.0449; 0.0112; 0.0112; 0.0112; 0.0674; 0.0225; 0.0674; 0.0000
0.0959; 0.5753; 0.0205; 0.0000; 0.0000; 0.0822; 0.1712; 0.0548; 0.0000
0.0000; 0.0000; 0.9333; 0.0000; 0.0167; 0.0000; 0.0500; 0.0000; 0.0000
0.0000; 0.0000; 0.0278; 0.8472; 0.1250; 0.0000; 0.0000; 0.0000; 0.0000
0.0000; 0.0000; 0.0313; 0.0938; 0.8438; 0.0000; 0.0313; 0.0000; 0.0000
0.1339; 0.1607; 0.0089; 0.0089; 0.0357; 0.4464; 0.0893; 0.1161; 0.0000
0.0000; 0.7500; 0.0000; 0.0000; 0.0000; 0.0000; 0.0000; 0.2500; 0.0000
0.0926; 0.1204; 0.0000; 0.0000; 0.0000; 0.2870; 0.0185; 0.4815; 0.0000
Bootstrap 4
Run TT with 176 training and 89 tests
Run CD with 290 training and 146 tests
Run FKW with 119 training and 60 tests
Run KW with 144 training and 72 tests
Run LPLT with 63 training and 32 tests
Run RD with 224 training and 112 tests
Run WBD with 7 training and 4 tests
Run WSD with 214 training and 108 tests
Confusion Matrix 5.0
0.8090; 0.0337; 0.0449; 0.0000; 0.0112; 0.0225; 0.0000; 0.0787; 0.0000
0.0753; 0.4247; 0.0000; 0.0000; 0.0000; 0.1301; 0.3630; 0.0068; 0.0000
0.0000; 0.0000; 0.9833; 0.0000; 0.0000; 0.0167; 0.0000; 0.0000; 0.0000
0.0000; 0.0000; 0.0139; 0.8194; 0.1389; 0.0000; 0.0278; 0.0000; 0.0000
0.0000; 0.0000; 0.0938; 0.1563; 0.7188; 0.0000; 0.0313; 0.0000; 0.0000
0.0179; 0.1518; 0.0000; 0.0000; 0.0000; 0.4643; 0.0625; 0.3036; 0.0000
0.0000; 0.0000; 0.0000; 0.0000; 0.0000; 0.0000; 1.0000; 0.0000; 0.0000
0.0926; 0.0648; 0.0000; 0.0000; 0.0000; 0.2778; 0.0556; 0.5093; 0.0000
Bootstrap 5
Run TT with 176 training and 89 tests
Run CD with 290 training and 146 tests
Run FKW with 119 training and 60 tests
Run KW with 144 training and 72 tests
Run LPLT with 63 training and 32 tests
Run RD with 224 training and 112 tests
Run WBD with 7 training and 4 tests
Run WSD with 214 training and 108 tests
Confusion Matrix 6.0
0.7416; 0.0562; 0.0112; 0.0000; 0.0112; 0.0225; 0.0562; 0.1011; 0.0000
0.0616; 0.3973; 0.0000; 0.0000; 0.0000; 0.1233; 0.3356; 0.0822; 0.0000
0.0000; 0.0167; 0.8167; 0.0167; 0.1167; 0.0000; 0.0333; 0.0000; 0.0000
0.0000; 0.0000; 0.0694; 0.7778; 0.1528; 0.0000; 0.0000; 0.0000; 0.0000
0.0000; 0.0000; 0.0313; 0.2813; 0.6875; 0.0000; 0.0000; 0.0000; 0.0000
0.0268; 0.0625; 0.0000; 0.0000; 0.0000; 0.6875; 0.0000; 0.2232; 0.0000
0.0000; 0.5000; 0.0000; 0.0000; 0.0000; 0.0000; 0.2500; 0.2500; 0.0000
0.0926; 0.0833; 0.0000; 0.0000; 0.0000; 0.3241; 0.0185; 0.4815; 0.0000
Bootstrap 6
Run TT with 176 training and 89 tests
Run CD with 290 training and 146 tests
Run FKW with 119 training and 60 tests
Run KW with 144 training and 72 tests
Run LPLT with 63 training and 32 tests
Run RD with 224 training and 112 tests
Run WBD with 7 training and 4 tests
Run WSD with 214 training and 108 tests
Confusion Matrix 7.0
0.3258; 0.2921; 0.0562; 0.0000; 0.0000; 0.1236; 0.1236; 0.0787; 0.0000
0.0068; 0.3836; 0.0000; 0.0000; 0.0000; 0.1096; 0.4041; 0.0959; 0.0000
0.0000; 0.0000; 0.8333; 0.0167; 0.1500; 0.0000; 0.0000; 0.0000; 0.0000
0.0000; 0.0000; 0.0833; 0.6667; 0.2222; 0.0000; 0.0278; 0.0000; 0.0000
0.0000; 0.0000; 0.0313; 0.4375; 0.5313; 0.0000; 0.0000; 0.0000; 0.0000
0.0179; 0.1250; 0.0000; 0.0000; 0.0000; 0.6071; 0.0089; 0.2411; 0.0000
0.0000; 0.5000; 0.0000; 0.0000; 0.0000; 0.0000; 0.5000; 0.0000; 0.0000
0.0833; 0.1204; 0.0000; 0.0000; 0.0000; 0.2500; 0.0556; 0.4907; 0.0000
Bootstrap 7
Run TT with 176 training and 89 tests
Run CD with 290 training and 146 tests
Run FKW with 119 training and 60 tests
Run KW with 144 training and 72 tests
Run LPLT with 63 training and 32 tests
Run RD with 224 training and 112 tests
Run WBD with 7 training and 4 tests
Run WSD with 214 training and 108 tests
Confusion Matrix 8.0
0.8652; 0.0225; 0.0225; 0.0000; 0.0225; 0.0000; 0.0112; 0.0562; 0.0000
0.1096; 0.4932; 0.0205; 0.0000; 0.0000; 0.1027; 0.2123; 0.0616; 0.0000
0.0000; 0.0000; 0.9167; 0.0333; 0.0333; 0.0167; 0.0000; 0.0000; 0.0000
0.0000; 0.0000; 0.0556; 0.8056; 0.1111; 0.0000; 0.0278; 0.0000; 0.0000
0.0000; 0.0000; 0.0000; 0.5000; 0.5000; 0.0000; 0.0000; 0.0000; 0.0000
0.1161; 0.1607; 0.0268; 0.0000; 0.0446; 0.4018; 0.0982; 0.1518; 0.0000
0.0000; 0.5000; 0.0000; 0.0000; 0.0000; 0.0000; 0.2500; 0.2500; 0.0000
0.0833; 0.0741; 0.0000; 0.0000; 0.0093; 0.3333; 0.0370; 0.4630; 0.0000
Bootstrap 8
Run TT with 176 training and 89 tests
Run CD with 290 training and 146 tests
Run FKW with 119 training and 60 tests
Run KW with 144 training and 72 tests
Run LPLT with 63 training and 32 tests
Run RD with 224 training and 112 tests
Run WBD with 7 training and 4 tests
Run WSD with 214 training and 108 tests
Confusion Matrix 9.0
0.4045; 0.3146; 0.0674; 0.0000; 0.0000; 0.0562; 0.0787; 0.0787; 0.0000
0.0137; 0.4863; 0.0274; 0.0000; 0.0000; 0.1027; 0.2945; 0.0753; 0.0000
0.0000; 0.0000; 0.9000; 0.0333; 0.0500; 0.0167; 0.0000; 0.0000; 0.0000
0.0000; 0.0000; 0.0833; 0.7500; 0.1250; 0.0000; 0.0417; 0.0000; 0.0000
0.0000; 0.0000; 0.0000; 0.6563; 0.3438; 0.0000; 0.0000; 0.0000; 0.0000
0.0893; 0.2321; 0.0179; 0.0089; 0.0446; 0.3661; 0.0804; 0.1607; 0.0000
0.0000; 0.5000; 0.0000; 0.0000; 0.0000; 0.0000; 0.5000; 0.0000; 0.0000
0.0833; 0.1574; 0.0000; 0.0000; 0.0000; 0.3148; 0.0000; 0.4444; 0.0000
Bootstrap 9
Run TT with 176 training and 89 tests
Run CD with 290 training and 146 tests
Run FKW with 119 training and 60 tests
Run KW with 144 training and 72 tests
Run LPLT with 63 training and 32 tests
Run RD with 224 training and 112 tests
Run WBD with 7 training and 4 tests
Run WSD with 214 training and 108 tests
Confusion Matrix 10.0
0.8427; 0.0000; 0.0337; 0.0000; 0.0112; 0.0337; 0.0000; 0.0787; 0.0000
0.0616; 0.4315; 0.0068; 0.0000; 0.0000; 0.1096; 0.3425; 0.0479; 0.0000
0.0000; 0.0000; 0.9167; 0.0167; 0.0667; 0.0000; 0.0000; 0.0000; 0.0000
0.0000; 0.0000; 0.0556; 0.7778; 0.1528; 0.0000; 0.0139; 0.0000; 0.0000
0.0000; 0.0000; 0.0625; 0.3125; 0.6250; 0.0000; 0.0000; 0.0000; 0.0000
0.0268; 0.0357; 0.0000; 0.0000; 0.0268; 0.5536; 0.0000; 0.3571; 0.0000
0.0000; 0.5000; 0.0000; 0.0000; 0.0000; 0.0000; 0.5000; 0.0000; 0.0000
0.0833; 0.0833; 0.0093; 0.0000; 0.0000; 0.2685; 0.0370; 0.5185; 0.0000
Bootstrap 10
Run TT with 176 training and 89 tests
Run CD with 290 training and 146 tests
Run FKW with 119 training and 60 tests
Run KW with 144 training and 72 tests
Run LPLT with 63 training and 32 tests
Run RD with 224 training and 112 tests
Run WBD with 7 training and 4 tests
Run WSD with 214 training and 108 tests
Confusion Matrix 11.0
0.8652; 0.0112; 0.0337; 0.0000; 0.0112; 0.0112; 0.0112; 0.0562; 0.0000
0.0890; 0.3699; 0.0068; 0.0000; 0.0000; 0.2192; 0.2466; 0.0685; 0.0000
0.0000; 0.0333; 0.8167; 0.0333; 0.1167; 0.0000; 0.0000; 0.0000; 0.0000
0.0000; 0.0000; 0.0139; 0.7639; 0.1806; 0.0000; 0.0417; 0.0000; 0.0000
0.0000; 0.0000; 0.0000; 0.2813; 0.7188; 0.0000; 0.0000; 0.0000; 0.0000
0.0268; 0.0536; 0.0179; 0.0000; 0.0268; 0.4732; 0.0089; 0.3929; 0.0000
0.0000; 0.2500; 0.0000; 0.0000; 0.0000; 0.2500; 0.5000; 0.0000; 0.0000
0.1204; 0.0833; 0.0000; 0.0000; 0.0000; 0.2407; 0.0648; 0.4907; 0.0000
Bootstrap 11
Run TT with 176 training and 89 tests
Run CD with 290 training and 146 tests
Run FKW with 119 training and 60 tests
Run KW with 144 training and 72 tests
Run LPLT with 63 training and 32 tests
Run RD with 224 training and 112 tests
Run WBD with 7 training and 4 tests
Run WSD with 214 training and 108 tests
Confusion Matrix 12.0
0.4494; 0.2697; 0.0449; 0.0000; 0.0000; 0.1236; 0.0449; 0.0674; 0.0000
0.0822; 0.4110; 0.0068; 0.0000; 0.0000; 0.3288; 0.0890; 0.0822; 0.0000
0.0000; 0.0167; 0.9500; 0.0167; 0.0167; 0.0000; 0.0000; 0.0000; 0.0000
0.0000; 0.0000; 0.0139; 0.7639; 0.2222; 0.0000; 0.0000; 0.0000; 0.0000
0.0000; 0.0000; 0.1250; 0.1250; 0.7188; 0.0000; 0.0313; 0.0000; 0.0000
0.0179; 0.0268; 0.0000; 0.0089; 0.0089; 0.5714; 0.0446; 0.3214; 0.0000
0.0000; 0.0000; 0.0000; 0.0000; 0.0000; 0.2500; 0.7500; 0.0000; 0.0000
0.0648; 0.0926; 0.0000; 0.0000; 0.0000; 0.2963; 0.0278; 0.5185; 0.0000
Bootstrap 12
Run TT with 176 training and 89 tests
Run CD with 290 training and 146 tests
Run FKW with 119 training and 60 tests
Run KW with 144 training and 72 tests
Run LPLT with 63 training and 32 tests
Run RD with 224 training and 112 tests
Run WBD with 7 training and 4 tests
Run WSD with 214 training and 108 tests
Confusion Matrix 13.0
0.3258; 0.3258; 0.0674; 0.0000; 0.0000; 0.1573; 0.0562; 0.0674; 0.0000
0.0822; 0.4315; 0.0068; 0.0000; 0.0000; 0.2534; 0.1164; 0.1096; 0.0000
0.0000; 0.0000; 0.9500; 0.0000; 0.0167; 0.0000; 0.0333; 0.0000; 0.0000
0.0000; 0.0000; 0.0139; 0.6667; 0.2500; 0.0000; 0.0694; 0.0000; 0.0000
0.0000; 0.0000; 0.1563; 0.1250; 0.6563; 0.0000; 0.0625; 0.0000; 0.0000
0.0089; 0.0179; 0.0000; 0.0000; 0.0000; 0.7054; 0.0179; 0.2500; 0.0000
0.0000; 0.5000; 0.0000; 0.0000; 0.0000; 0.0000; 0.5000; 0.0000; 0.0000
0.0926; 0.0463; 0.0000; 0.0000; 0.0000; 0.2407; 0.0278; 0.5926; 0.0000
Bootstrap 13
Run TT with 176 training and 89 tests
Run CD with 290 training and 146 tests
Run FKW with 119 training and 60 tests
Run KW with 144 training and 72 tests
Run LPLT with 63 training and 32 tests
Run RD with 224 training and 112 tests
Run WBD with 7 training and 4 tests
Run WSD with 214 training and 108 tests
Confusion Matrix 14.0
0.2697; 0.3034; 0.0562; 0.0000; 0.0112; 0.1348; 0.0899; 0.1348; 0.0000
0.0479; 0.4589; 0.0137; 0.0000; 0.0000; 0.1918; 0.2260; 0.0616; 0.0000
0.0000; 0.0000; 0.9000; 0.0167; 0.0333; 0.0000; 0.0500; 0.0000; 0.0000
0.0000; 0.0000; 0.0417; 0.8194; 0.1389; 0.0000; 0.0000; 0.0000; 0.0000
0.0000; 0.0000; 0.0313; 0.4375; 0.5313; 0.0000; 0.0000; 0.0000; 0.0000
0.0179; 0.0446; 0.0089; 0.0089; 0.0179; 0.5179; 0.0089; 0.3750; 0.0000
0.0000; 0.2500; 0.0000; 0.0000; 0.0000; 0.2500; 0.5000; 0.0000; 0.0000
0.1111; 0.0370; 0.0000; 0.0000; 0.0000; 0.2778; 0.0185; 0.5556; 0.0000
Bootstrap 14
Run TT with 176 training and 89 tests
Run CD with 290 training and 146 tests
Run FKW with 119 training and 60 tests
Run KW with 144 training and 72 tests
Run LPLT with 63 training and 32 tests
Run RD with 224 training and 112 tests
Run WBD with 7 training and 4 tests
Run WSD with 214 training and 108 tests
Confusion Matrix 15.0
0.6292; 0.1236; 0.0112; 0.0000; 0.0337; 0.0112; 0.0449; 0.1461; 0.0000
0.0685; 0.5000; 0.0068; 0.0000; 0.0000; 0.0959; 0.2877; 0.0411; 0.0000
0.0000; 0.0167; 0.8333; 0.0000; 0.1167; 0.0000; 0.0333; 0.0000; 0.0000
0.0000; 0.0000; 0.0833; 0.7778; 0.1250; 0.0000; 0.0139; 0.0000; 0.0000
0.0000; 0.0000; 0.0000; 0.6875; 0.3125; 0.0000; 0.0000; 0.0000; 0.0000
0.1071; 0.1786; 0.0089; 0.0000; 0.0714; 0.3839; 0.0625; 0.1875; 0.0000
0.0000; 0.0000; 0.0000; 0.0000; 0.0000; 0.0000; 1.0000; 0.0000; 0.0000
0.0833; 0.0926; 0.0000; 0.0000; 0.0093; 0.2870; 0.0648; 0.4630; 0.0000
Bootstrap 15
Run TT with 176 training and 89 tests
Run CD with 290 training and 146 tests
Run FKW with 119 training and 60 tests
Run KW with 144 training and 72 tests
Run LPLT with 63 training and 32 tests
Run RD with 224 training and 112 tests
Run WBD with 7 training and 4 tests
Run WSD with 214 training and 108 tests
Confusion Matrix 16.0
0.7753; 0.0787; 0.0449; 0.0000; 0.0112; 0.0337; 0.0000; 0.0562; 0.0000
0.1164; 0.3630; 0.0137; 0.0000; 0.0000; 0.2740; 0.1370; 0.0959; 0.0000
0.0000; 0.0333; 0.8833; 0.0000; 0.0667; 0.0000; 0.0167; 0.0000; 0.0000
0.0000; 0.0000; 0.0278; 0.8333; 0.0972; 0.0000; 0.0417; 0.0000; 0.0000
0.0000; 0.0000; 0.0313; 0.5625; 0.4063; 0.0000; 0.0000; 0.0000; 0.0000
0.0000; 0.0089; 0.0000; 0.0000; 0.0000; 0.6786; 0.0179; 0.2946; 0.0000
0.0000; 0.0000; 0.0000; 0.0000; 0.0000; 0.0000; 1.0000; 0.0000; 0.0000
0.1204; 0.0463; 0.0000; 0.0000; 0.0093; 0.1944; 0.0370; 0.5926; 0.0000
Bootstrap 16
Run TT with 176 training and 89 tests
Run CD with 290 training and 146 tests
Run FKW with 119 training and 60 tests
Run KW with 144 training and 72 tests
Run LPLT with 63 training and 32 tests
Run RD with 224 training and 112 tests
Run WBD with 7 training and 4 tests
Run WSD with 214 training and 108 tests
Confusion Matrix 17.0
0.5618; 0.1573; 0.0337; 0.0112; 0.0225; 0.0225; 0.0337; 0.1573; 0.0000
0.0753; 0.4863; 0.0205; 0.0000; 0.0000; 0.1781; 0.1575; 0.0822; 0.0000
0.0000; 0.0000; 0.9167; 0.0333; 0.0333; 0.0167; 0.0000; 0.0000; 0.0000
0.0000; 0.0000; 0.0278; 0.8750; 0.0972; 0.0000; 0.0000; 0.0000; 0.0000
0.0000; 0.0000; 0.0000; 0.6875; 0.3125; 0.0000; 0.0000; 0.0000; 0.0000
0.1161; 0.1607; 0.0268; 0.0179; 0.0357; 0.4286; 0.0893; 0.1250; 0.0000
0.0000; 0.2500; 0.0000; 0.0000; 0.0000; 0.0000; 0.7500; 0.0000; 0.0000
0.0648; 0.0463; 0.0000; 0.0000; 0.0000; 0.3611; 0.0185; 0.5093; 0.0000
Bootstrap 17
Run TT with 176 training and 89 tests
Run CD with 290 training and 146 tests
Run FKW with 119 training and 60 tests
Run KW with 144 training and 72 tests
Run LPLT with 63 training and 32 tests
Run RD with 224 training and 112 tests
Run WBD with 7 training and 4 tests
Run WSD with 214 training and 108 tests
Confusion Matrix 18.0
0.8989; 0.0112; 0.0337; 0.0000; 0.0000; 0.0112; 0.0000; 0.0449; 0.0000
0.0616; 0.4247; 0.0137; 0.0000; 0.0000; 0.0959; 0.3630; 0.0411; 0.0000
0.0000; 0.0000; 0.9500; 0.0167; 0.0000; 0.0167; 0.0167; 0.0000; 0.0000
0.0000; 0.0000; 0.1250; 0.6250; 0.2222; 0.0000; 0.0278; 0.0000; 0.0000
0.0000; 0.0000; 0.0938; 0.2188; 0.6563; 0.0000; 0.0313; 0.0000; 0.0000
0.0893; 0.2054; 0.0357; 0.0089; 0.0357; 0.4286; 0.0714; 0.1250; 0.0000
0.0000; 0.2500; 0.0000; 0.0000; 0.0000; 0.0000; 0.7500; 0.0000; 0.0000
0.1019; 0.1019; 0.0000; 0.0000; 0.0000; 0.3426; 0.0185; 0.4352; 0.0000
Bootstrap 18
Run TT with 176 training and 89 tests
Run CD with 290 training and 146 tests
Run FKW with 119 training and 60 tests
Run KW with 144 training and 72 tests
Run LPLT with 63 training and 32 tests
Run RD with 224 training and 112 tests
Run WBD with 7 training and 4 tests
Run WSD with 214 training and 108 tests
Confusion Matrix 19.0
0.3820; 0.2135; 0.0449; 0.0000; 0.0000; 0.1011; 0.1685; 0.0899; 0.0000
0.0479; 0.5137; 0.0068; 0.0000; 0.0000; 0.1301; 0.2945; 0.0068; 0.0000
0.0000; 0.0000; 0.8833; 0.0000; 0.0833; 0.0000; 0.0333; 0.0000; 0.0000
0.0000; 0.0000; 0.0278; 0.6389; 0.2778; 0.0000; 0.0556; 0.0000; 0.0000
0.0000; 0.0000; 0.0625; 0.1875; 0.7188; 0.0000; 0.0313; 0.0000; 0.0000
0.0179; 0.1071; 0.0000; 0.0000; 0.0000; 0.5446; 0.0268; 0.3036; 0.0000
0.0000; 0.2500; 0.0000; 0.0000; 0.0000; 0.2500; 0.5000; 0.0000; 0.0000
0.0926; 0.0741; 0.0000; 0.0000; 0.0000; 0.2593; 0.0463; 0.5278; 0.0000
Bootstrap 19
Run TT with 176 training and 89 tests
Run CD with 290 training and 146 tests
Run FKW with 119 training and 60 tests
Run KW with 144 training and 72 tests
Run LPLT with 63 training and 32 tests
Run RD with 224 training and 112 tests
Run WBD with 7 training and 4 tests
Run WSD with 214 training and 108 tests
Confusion Matrix 20.0
0.6292; 0.1461; 0.0112; 0.0000; 0.0000; 0.1011; 0.0225; 0.0899; 0.0000
0.1027; 0.3219; 0.0068; 0.0000; 0.0000; 0.3356; 0.1438; 0.0890; 0.0000
0.0000; 0.0167; 0.9000; 0.0333; 0.0500; 0.0000; 0.0000; 0.0000; 0.0000
0.0000; 0.0000; 0.0139; 0.8472; 0.1250; 0.0000; 0.0139; 0.0000; 0.0000
0.0000; 0.0000; 0.0000; 0.6563; 0.3438; 0.0000; 0.0000; 0.0000; 0.0000
0.0446; 0.0536; 0.0089; 0.0089; 0.0536; 0.4732; 0.0446; 0.3125; 0.0000
0.0000; 0.0000; 0.0000; 0.0000; 0.0000; 0.0000; 1.0000; 0.0000; 0.0000
0.0648; 0.0926; 0.0093; 0.0000; 0.0093; 0.2407; 0.0278; 0.5556; 0.0000
Bootstrap 20
Run TT with 176 training and 89 tests
Run CD with 290 training and 146 tests
Run FKW with 119 training and 60 tests
Run KW with 144 training and 72 tests
Run LPLT with 63 training and 32 tests
Run RD with 224 training and 112 tests
Run WBD with 7 training and 4 tests
Run WSD with 214 training and 108 tests
Confusion Matrix 21.0
0.5618; 0.1573; 0.0337; 0.0000; 0.0337; 0.0337; 0.0449; 0.1348; 0.0000
0.0822; 0.4658; 0.0137; 0.0000; 0.0000; 0.1370; 0.1918; 0.1096; 0.0000
0.0000; 0.0000; 0.9333; 0.0000; 0.0500; 0.0167; 0.0000; 0.0000; 0.0000
0.0000; 0.0000; 0.0417; 0.7778; 0.1806; 0.0000; 0.0000; 0.0000; 0.0000
0.0000; 0.0000; 0.0313; 0.3125; 0.6563; 0.0000; 0.0000; 0.0000; 0.0000
0.0179; 0.0179; 0.0089; 0.0000; 0.0268; 0.5714; 0.0268; 0.3304; 0.0000
0.0000; 0.0000; 0.0000; 0.0000; 0.0000; 0.2500; 0.7500; 0.0000; 0.0000
0.0463; 0.0463; 0.0000; 0.0000; 0.0093; 0.2407; 0.0278; 0.6296; 0.0000
Bootstrap 21
Run TT with 176 training and 89 tests
Run CD with 290 training and 146 tests
Run FKW with 119 training and 60 tests
Run KW with 144 training and 72 tests
Run LPLT with 63 training and 32 tests
Run RD with 224 training and 112 tests
Run WBD with 7 training and 4 tests
Run WSD with 214 training and 108 tests
Confusion Matrix 22.0
0.3371; 0.3034; 0.0562; 0.0000; 0.0000; 0.0674; 0.1461; 0.0899; 0.0000
0.0548; 0.4726; 0.0000; 0.0000; 0.0000; 0.1575; 0.2808; 0.0342; 0.0000
0.0000; 0.0333; 0.9167; 0.0167; 0.0167; 0.0000; 0.0167; 0.0000; 0.0000
0.0000; 0.0000; 0.0833; 0.7222; 0.1528; 0.0000; 0.0417; 0.0000; 0.0000
0.0000; 0.0000; 0.0000; 0.3125; 0.6875; 0.0000; 0.0000; 0.0000; 0.0000
0.0268; 0.0714; 0.0000; 0.0000; 0.0000; 0.5625; 0.0000; 0.3393; 0.0000
0.0000; 0.0000; 0.0000; 0.0000; 0.0000; 0.0000; 1.0000; 0.0000; 0.0000
0.0463; 0.1111; 0.0093; 0.0000; 0.0093; 0.2315; 0.0556; 0.5370; 0.0000
Bootstrap 22
Run TT with 176 training and 89 tests
Run CD with 290 training and 146 tests
Run FKW with 119 training and 60 tests
Run KW with 144 training and 72 tests
Run LPLT with 63 training and 32 tests
Run RD with 224 training and 112 tests
Run WBD with 7 training and 4 tests
Run WSD with 214 training and 108 tests
Confusion Matrix 23.0
0.6966; 0.1011; 0.0112; 0.0000; 0.0112; 0.0674; 0.0337; 0.0787; 0.0000
0.1027; 0.4795; 0.0068; 0.0000; 0.0000; 0.1986; 0.1438; 0.0685; 0.0000
0.0167; 0.0167; 0.9167; 0.0000; 0.0333; 0.0000; 0.0167; 0.0000; 0.0000
0.0000; 0.0000; 0.1111; 0.5833; 0.2917; 0.0000; 0.0139; 0.0000; 0.0000
0.0000; 0.0000; 0.0938; 0.2188; 0.6875; 0.0000; 0.0000; 0.0000; 0.0000
0.1071; 0.1429; 0.0268; 0.0089; 0.0268; 0.4018; 0.1250; 0.1607; 0.0000
0.0000; 0.5000; 0.0000; 0.0000; 0.0000; 0.0000; 0.2500; 0.2500; 0.0000
0.0556; 0.0926; 0.0093; 0.0000; 0.0000; 0.3241; 0.0278; 0.4907; 0.0000
Bootstrap 23
Run TT with 176 training and 89 tests
Run CD with 290 training and 146 tests
Run FKW with 119 training and 60 tests
Run KW with 144 training and 72 tests
Run LPLT with 63 training and 32 tests
Run RD with 224 training and 112 tests
Run WBD with 7 training and 4 tests
Run WSD with 214 training and 108 tests
Confusion Matrix 24.0
0.3371; 0.3034; 0.0562; 0.0000; 0.0112; 0.1124; 0.1011; 0.0787; 0.0000
0.0479; 0.6370; 0.0000; 0.0000; 0.0000; 0.0959; 0.2123; 0.0068; 0.0000
0.0000; 0.0333; 0.8833; 0.0000; 0.0500; 0.0000; 0.0333; 0.0000; 0.0000
0.0000; 0.0000; 0.0000; 0.8056; 0.1528; 0.0000; 0.0417; 0.0000; 0.0000
0.0000; 0.0000; 0.0000; 0.1875; 0.8125; 0.0000; 0.0000; 0.0000; 0.0000
0.0000; 0.0179; 0.0000; 0.0000; 0.0000; 0.7054; 0.0089; 0.2679; 0.0000
0.0000; 0.5000; 0.0000; 0.0000; 0.0000; 0.0000; 0.5000; 0.0000; 0.0000
0.0463; 0.0648; 0.0000; 0.0000; 0.0000; 0.3981; 0.0185; 0.4722; 0.0000
Bootstrap 24
Run TT with 176 training and 89 tests
Run CD with 290 training and 146 tests
Run FKW with 119 training and 60 tests
Run KW with 144 training and 72 tests
Run LPLT with 63 training and 32 tests
Run RD with 224 training and 112 tests
Run WBD with 7 training and 4 tests
Run WSD with 214 training and 108 tests
Confusion Matrix 25.0
0.4270; 0.2697; 0.0337; 0.0000; 0.0000; 0.1011; 0.1236; 0.0449; 0.0000
0.0548; 0.5479; 0.0000; 0.0000; 0.0000; 0.1575; 0.2055; 0.0342; 0.0000
0.0000; 0.0667; 0.7500; 0.0333; 0.1333; 0.0000; 0.0167; 0.0000; 0.0000
0.0000; 0.0000; 0.0417; 0.8611; 0.0972; 0.0000; 0.0000; 0.0000; 0.0000
0.0000; 0.0000; 0.0000; 0.7188; 0.2813; 0.0000; 0.0000; 0.0000; 0.0000
0.0089; 0.0536; 0.0000; 0.0000; 0.0000; 0.6786; 0.0000; 0.2589; 0.0000
0.0000; 0.0000; 0.0000; 0.0000; 0.0000; 0.2500; 0.7500; 0.0000; 0.0000
0.1019; 0.0833; 0.0000; 0.0000; 0.0000; 0.2500; 0.0463; 0.5185; 0.0000
Bootstrap 25
Run TT with 176 training and 89 tests
Run CD with 290 training and 146 tests
Run FKW with 119 training and 60 tests
Run KW with 144 training and 72 tests
Run LPLT with 63 training and 32 tests
Run RD with 224 training and 112 tests
Run WBD with 7 training and 4 tests
Run WSD with 214 training and 108 tests
Confusion Matrix 26.0
0.3258; 0.2921; 0.0337; 0.0112; 0.0112; 0.0787; 0.1124; 0.1348; 0.0000
0.0342; 0.3973; 0.0000; 0.0000; 0.0000; 0.1301; 0.4178; 0.0205; 0.0000
0.0000; 0.0000; 0.8000; 0.0500; 0.1000; 0.0000; 0.0500; 0.0000; 0.0000
0.0000; 0.0000; 0.0278; 0.9028; 0.0694; 0.0000; 0.0000; 0.0000; 0.0000
0.0000; 0.0000; 0.0313; 0.5938; 0.3750; 0.0000; 0.0000; 0.0000; 0.0000
0.0089; 0.0446; 0.0000; 0.0000; 0.0000; 0.5536; 0.0000; 0.3929; 0.0000
0.0000; 0.0000; 0.0000; 0.0000; 0.0000; 0.0000; 1.0000; 0.0000; 0.0000
0.0463; 0.1019; 0.0000; 0.0000; 0.0000; 0.2500; 0.0463; 0.5556; 0.0000
Bootstrap 26
Run TT with 176 training and 89 tests
Run CD with 290 training and 146 tests
Run FKW with 119 training and 60 tests
Run KW with 144 training and 72 tests
Run LPLT with 63 training and 32 tests
Run RD with 224 training and 112 tests
Run WBD with 7 training and 4 tests
Run WSD with 214 training and 108 tests
Confusion Matrix 27.0
0.3596; 0.2809; 0.0674; 0.0000; 0.0000; 0.0337; 0.1236; 0.1348; 0.0000
0.0411; 0.4315; 0.0000; 0.0000; 0.0000; 0.2055; 0.3014; 0.0205; 0.0000
0.0000; 0.0333; 0.8500; 0.0167; 0.0500; 0.0000; 0.0500; 0.0000; 0.0000
0.0000; 0.0000; 0.0278; 0.8056; 0.1389; 0.0000; 0.0278; 0.0000; 0.0000
0.0000; 0.0000; 0.1250; 0.0938; 0.7500; 0.0000; 0.0313; 0.0000; 0.0000
0.0000; 0.0089; 0.0000; 0.0000; 0.0000; 0.6607; 0.0089; 0.3214; 0.0000
0.0000; 0.2500; 0.0000; 0.0000; 0.0000; 0.2500; 0.5000; 0.0000; 0.0000
0.1019; 0.1019; 0.0000; 0.0000; 0.0000; 0.2500; 0.0463; 0.5000; 0.0000
Bootstrap 27
Run TT with 176 training and 89 tests
Run CD with 290 training and 146 tests
Run FKW with 119 training and 60 tests
Run KW with 144 training and 72 tests
Run LPLT with 63 training and 32 tests
Run RD with 224 training and 112 tests
Run WBD with 7 training and 4 tests
Run WSD with 214 training and 108 tests
Confusion Matrix 28.0
0.5730; 0.1348; 0.0337; 0.0000; 0.0000; 0.0449; 0.0899; 0.1236; 0.0000
0.0753; 0.4110; 0.0000; 0.0000; 0.0000; 0.1233; 0.2945; 0.0959; 0.0000
0.0000; 0.0167; 0.9500; 0.0167; 0.0167; 0.0000; 0.0000; 0.0000; 0.0000
0.0000; 0.0000; 0.0417; 0.6389; 0.2639; 0.0000; 0.0556; 0.0000; 0.0000
0.0000; 0.0000; 0.0938; 0.0625; 0.8125; 0.0000; 0.0313; 0.0000; 0.0000
0.0000; 0.0179; 0.0000; 0.0000; 0.0000; 0.6250; 0.0089; 0.3482; 0.0000
0.0000; 0.5000; 0.0000; 0.0000; 0.0000; 0.0000; 0.2500; 0.2500; 0.0000
0.1204; 0.0648; 0.0000; 0.0000; 0.0000; 0.2500; 0.0463; 0.5185; 0.0000
Bootstrap 28
Run TT with 176 training and 89 tests
Run CD with 290 training and 146 tests
Run FKW with 119 training and 60 tests
Run KW with 144 training and 72 tests
Run LPLT with 63 training and 32 tests
Run RD with 224 training and 112 tests
Run WBD with 7 training and 4 tests
Run WSD with 214 training and 108 tests
Confusion Matrix 29.0
0.4494; 0.2135; 0.0562; 0.0000; 0.0225; 0.0449; 0.0899; 0.1236; 0.0000
0.0205; 0.4589; 0.0000; 0.0000; 0.0000; 0.0685; 0.3904; 0.0616; 0.0000
0.0000; 0.0333; 0.8000; 0.0000; 0.1167; 0.0000; 0.0500; 0.0000; 0.0000
0.0000; 0.0000; 0.0694; 0.7222; 0.1806; 0.0000; 0.0278; 0.0000; 0.0000
0.0000; 0.0000; 0.0313; 0.5625; 0.4063; 0.0000; 0.0000; 0.0000; 0.0000
0.0982; 0.1518; 0.0179; 0.0089; 0.0446; 0.4196; 0.0893; 0.1696; 0.0000
0.0000; 0.5000; 0.0000; 0.0000; 0.0000; 0.0000; 0.5000; 0.0000; 0.0000
0.0556; 0.0926; 0.0093; 0.0000; 0.0093; 0.2778; 0.0463; 0.5093; 0.0000
Bootstrap 29
Run TT with 176 training and 89 tests
Run CD with 290 training and 146 tests
Run FKW with 119 training and 60 tests
Run KW with 144 training and 72 tests
Run LPLT with 63 training and 32 tests
Run RD with 224 training and 112 tests
Run WBD with 7 training and 4 tests
Run WSD with 214 training and 108 tests
Confusion Matrix 30.0
0.8202; 0.0112; 0.0562; 0.0000; 0.0000; 0.0562; 0.0000; 0.0562; 0.0000
0.1164; 0.4110; 0.0068; 0.0000; 0.0000; 0.2260; 0.1507; 0.0890; 0.0000
0.0000; 0.0000; 0.9833; 0.0167; 0.0000; 0.0000; 0.0000; 0.0000; 0.0000
0.0000; 0.0000; 0.1944; 0.4861; 0.3194; 0.0000; 0.0000; 0.0000; 0.0000
0.0000; 0.0000; 0.0625; 0.0938; 0.8438; 0.0000; 0.0000; 0.0000; 0.0000
0.1250; 0.1518; 0.0357; 0.0000; 0.0446; 0.4286; 0.0714; 0.1429; 0.0000
0.0000; 0.2500; 0.0000; 0.0000; 0.0000; 0.0000; 0.7500; 0.0000; 0.0000
0.1019; 0.0741; 0.0000; 0.0000; 0.0000; 0.2963; 0.0278; 0.5000; 0.0000
Mean confusion
0.5775; 0.1629; 0.0378; 0.0011; 0.0101; 0.0596; 0.0614; 0.0895; 0.0000
0.0683; 0.4557; 0.0078; 0.0000; 0.0000; 0.1632; 0.2441; 0.0610; 0.0000
0.0011; 0.0128; 0.8944; 0.0144; 0.0550; 0.0033; 0.0189; 0.0000; 0.0000
0.0000; 0.0000; 0.0551; 0.7523; 0.1694; 0.0000; 0.0231; 0.0000; 0.0000
0.0000; 0.0000; 0.0406; 0.3687; 0.5812; 0.0000; 0.0094; 0.0000; 0.0000
0.0488; 0.0905; 0.0098; 0.0030; 0.0205; 0.5286; 0.0411; 0.2577; 0.0000
0.0000; 0.2750; 0.0000; 0.0000; 0.0000; 0.0667; 0.6167; 0.0417; 0.0000
0.0821; 0.0840; 0.0019; 0.0000; 0.0025; 0.2833; 0.0373; 0.5090; 0.0000
STD Confusion
0.2034; 0.1131; 0.0183; 0.0034; 0.0104; 0.0425; 0.0501; 0.0331; 0.0000
0.0301; 0.0704; 0.0076; 0.0000; 0.0000; 0.0730; 0.0968; 0.0347; 0.0000
0.0042; 0.0168; 0.0584; 0.0143; 0.0431; 0.0068; 0.0199; 0.0000; 0.0000
0.0000; 0.0000; 0.0432; 0.0954; 0.0639; 0.0000; 0.0198; 0.0000; 0.0000
0.0000; 0.0000; 0.0458; 0.2178; 0.1805; 0.0000; 0.0167; 0.0000; 0.0000
0.0465; 0.0692; 0.0120; 0.0049; 0.0216; 0.1079; 0.0379; 0.0884; 0.0000
0.0000; 0.2212; 0.0000; 0.0000; 0.0000; 0.1124; 0.2686; 0.0948; 0.0000
0.0229; 0.0281; 0.0038; 0.0000; 0.0042; 0.0486; 0.0179; 0.0467; 0.0000
Lower 95% CI
0.2697; 0.0000; 0.0112; 0.0000; 0.0000; 0.0000; 0.0000; 0.0449; 0.0000
0.0068; 0.3219; 0.0000; 0.0000; 0.0000; 0.0685; 0.0685; 0.0068; 0.0000
0.0000; 0.0000; 0.7500; 0.0000; 0.0000; 0.0000; 0.0000; 0.0000; 0.0000
0.0000; 0.0000; 0.0000; 0.4861; 0.0694; 0.0000; 0.0000; 0.0000; 0.0000
0.0000; 0.0000; 0.0000; 0.0625; 0.2813; 0.0000; 0.0000; 0.0000; 0.0000
0.0000; 0.0089; 0.0000; 0.0000; 0.0000; 0.3661; 0.0000; 0.1161; 0.0000
0.0000; 0.0000; 0.0000; 0.0000; 0.0000; 0.0000; 0.0000; 0.0000; 0.0000
0.0463; 0.0370; 0.0000; 0.0000; 0.0000; 0.1944; 0.0000; 0.4167; 0.0000
Upper 95% CI
0.8989; 0.3258; 0.0674; 0.0112; 0.0337; 0.1573; 0.1685; 0.1573; 0.0000
0.1164; 0.6370; 0.0274; 0.0000; 0.0000; 0.3356; 0.4178; 0.1370; 0.0000
0.0167; 0.0667; 0.9833; 0.0500; 0.1500; 0.0167; 0.0500; 0.0000; 0.0000
0.0000; 0.0000; 0.1944; 0.9028; 0.3194; 0.0000; 0.0694; 0.0000; 0.0000
0.0000; 0.0000; 0.1563; 0.7188; 0.8438; 0.0000; 0.0625; 0.0000; 0.0000
0.1339; 0.2321; 0.0357; 0.0179; 0.0714; 0.7054; 0.1250; 0.3929; 0.0000
0.0000; 0.7500; 0.0000; 0.0000; 0.0000; 0.2500; 1.0000; 0.2500; 0.0000
0.1204; 0.1574; 0.0093; 0.0000; 0.0093; 0.3981; 0.0833; 0.6296; 0.0000
Run TT with 265 training and 0 tests
Run CD with 436 training and 0 tests
Run FKW with 179 training and 0 tests
Run KW with 216 training and 0 tests
Run LPLT with 95 training and 0 tests
Run RD with 336 training and 0 tests
Run WBD with 11 training and 0 tests
Run WSD with 322 training and 0 tests