Total Bootstraps 30
Num Species 8
FragmentLength 28; Section Length 40
TT; CD; FKW; KW; LPLT; RD; WBD; WSD
Bootstrap 0
Run TT with 136 training and 68 tests
Run CD with 224 training and 113 tests
Run FKW with 94 training and 47 tests
Run KW with 110 training and 55 tests
Run LPLT with 48 training and 24 tests
Run RD with 169 training and 85 tests
Run WBD with 5 training and 3 tests
Run WSD with 163 training and 82 tests
Confusion Matrix 1.0
0.9118; 0.0000; 0.0147; 0.0000; 0.0147; 0.0000; 0.0147; 0.0441; 0.0000
0.2124; 0.3363; 0.0088; 0.0000; 0.0000; 0.2566; 0.0708; 0.1150; 0.0000
0.0000; 0.0000; 0.9149; 0.0000; 0.0638; 0.0213; 0.0000; 0.0000; 0.0000
0.0000; 0.0000; 0.1455; 0.6364; 0.2182; 0.0000; 0.0000; 0.0000; 0.0000
0.0000; 0.0000; 0.0000; 0.8333; 0.1667; 0.0000; 0.0000; 0.0000; 0.0000
0.1176; 0.1882; 0.0118; 0.0000; 0.0588; 0.4000; 0.0588; 0.1647; 0.0000
0.0000; 0.6667; 0.0000; 0.0000; 0.0000; 0.0000; 0.3333; 0.0000; 0.0000
0.1341; 0.0366; 0.0000; 0.0000; 0.0000; 0.3171; 0.0244; 0.4878; 0.0000
Bootstrap 1
Run TT with 136 training and 68 tests
Run CD with 224 training and 113 tests
Run FKW with 94 training and 47 tests
Run KW with 110 training and 55 tests
Run LPLT with 48 training and 24 tests
Run RD with 169 training and 85 tests
Run WBD with 5 training and 3 tests
Run WSD with 163 training and 82 tests
Confusion Matrix 2.0
0.8971; 0.0147; 0.0294; 0.0000; 0.0000; 0.0000; 0.0147; 0.0441; 0.0000
0.1239; 0.3982; 0.0088; 0.0000; 0.0000; 0.2389; 0.1239; 0.1062; 0.0000
0.0000; 0.0000; 0.9362; 0.0213; 0.0426; 0.0000; 0.0000; 0.0000; 0.0000
0.0000; 0.0000; 0.0909; 0.7636; 0.1273; 0.0000; 0.0182; 0.0000; 0.0000
0.0000; 0.0000; 0.0000; 0.4167; 0.5833; 0.0000; 0.0000; 0.0000; 0.0000
0.0941; 0.2000; 0.0235; 0.0000; 0.0471; 0.4118; 0.0588; 0.1647; 0.0000
0.0000; 0.0000; 0.0000; 0.0000; 0.0000; 0.0000; 1.0000; 0.0000; 0.0000
0.0732; 0.0976; 0.0000; 0.0000; 0.0000; 0.3293; 0.0244; 0.4756; 0.0000
Bootstrap 2
Run TT with 136 training and 68 tests
Run CD with 224 training and 113 tests
Run FKW with 94 training and 47 tests
Run KW with 110 training and 55 tests
Run LPLT with 48 training and 24 tests
Run RD with 169 training and 85 tests
Run WBD with 5 training and 3 tests
Run WSD with 163 training and 82 tests
Confusion Matrix 3.0
0.8676; 0.0147; 0.0294; 0.0000; 0.0000; 0.0147; 0.0000; 0.0735; 0.0000
0.0708; 0.4867; 0.0000; 0.0000; 0.0000; 0.0885; 0.3363; 0.0177; 0.0000
0.0000; 0.0213; 0.9574; 0.0213; 0.0000; 0.0000; 0.0000; 0.0000; 0.0000
0.0000; 0.0000; 0.0909; 0.7091; 0.1818; 0.0000; 0.0182; 0.0000; 0.0000
0.0000; 0.0000; 0.0417; 0.0417; 0.9167; 0.0000; 0.0000; 0.0000; 0.0000
0.0941; 0.2000; 0.0000; 0.0000; 0.0000; 0.3412; 0.0706; 0.2941; 0.0000
0.0000; 0.0000; 0.0000; 0.0000; 0.0000; 0.0000; 1.0000; 0.0000; 0.0000
0.1098; 0.0854; 0.0000; 0.0000; 0.0000; 0.2561; 0.0366; 0.5122; 0.0000
Bootstrap 3
Run TT with 136 training and 68 tests
Run CD with 224 training and 113 tests
Run FKW with 94 training and 47 tests
Run KW with 110 training and 55 tests
Run LPLT with 48 training and 24 tests
Run RD with 169 training and 85 tests
Run WBD with 5 training and 3 tests
Run WSD with 163 training and 82 tests
Confusion Matrix 4.0
0.8824; 0.0294; 0.0000; 0.0000; 0.0000; 0.0441; 0.0000; 0.0441; 0.0000
0.1858; 0.2920; 0.0177; 0.0000; 0.0000; 0.3451; 0.0708; 0.0885; 0.0000
0.0000; 0.0426; 0.9362; 0.0213; 0.0000; 0.0000; 0.0000; 0.0000; 0.0000
0.0000; 0.0000; 0.1091; 0.6000; 0.2727; 0.0000; 0.0182; 0.0000; 0.0000
0.0000; 0.0000; 0.0833; 0.0000; 0.8333; 0.0000; 0.0833; 0.0000; 0.0000
0.0235; 0.0353; 0.0000; 0.0000; 0.0000; 0.6471; 0.0000; 0.2941; 0.0000
0.0000; 0.0000; 0.0000; 0.0000; 0.0000; 0.0000; 1.0000; 0.0000; 0.0000
0.0976; 0.0244; 0.0000; 0.0000; 0.0122; 0.2683; 0.0244; 0.5732; 0.0000
Bootstrap 4
Run TT with 136 training and 68 tests
Run CD with 224 training and 113 tests
Run FKW with 94 training and 47 tests
Run KW with 110 training and 55 tests
Run LPLT with 48 training and 24 tests
Run RD with 169 training and 85 tests
Run WBD with 5 training and 3 tests
Run WSD with 163 training and 82 tests
Confusion Matrix 5.0
0.4118; 0.3235; 0.0441; 0.0000; 0.0000; 0.0735; 0.0882; 0.0588; 0.0000
0.0973; 0.3628; 0.0088; 0.0000; 0.0000; 0.3009; 0.1150; 0.1150; 0.0000
0.0000; 0.0000; 0.9362; 0.0213; 0.0213; 0.0213; 0.0000; 0.0000; 0.0000
0.0000; 0.0000; 0.1091; 0.6364; 0.2182; 0.0000; 0.0364; 0.0000; 0.0000
0.0000; 0.0000; 0.0000; 0.0833; 0.9167; 0.0000; 0.0000; 0.0000; 0.0000
0.0706; 0.2471; 0.0235; 0.0000; 0.0471; 0.3529; 0.0588; 0.2000; 0.0000
0.0000; 0.3333; 0.0000; 0.0000; 0.0000; 0.0000; 0.6667; 0.0000; 0.0000
0.0976; 0.0854; 0.0000; 0.0000; 0.0000; 0.2317; 0.0488; 0.5366; 0.0000
Bootstrap 5
Run TT with 136 training and 68 tests
Run CD with 224 training and 113 tests
Run FKW with 94 training and 47 tests
Run KW with 110 training and 55 tests
Run LPLT with 48 training and 24 tests
Run RD with 169 training and 85 tests
Run WBD with 5 training and 3 tests
Run WSD with 163 training and 82 tests
Confusion Matrix 6.0
0.3382; 0.3529; 0.0588; 0.0000; 0.0000; 0.0294; 0.1176; 0.1029; 0.0000
0.0442; 0.5664; 0.0000; 0.0000; 0.0000; 0.0973; 0.2566; 0.0354; 0.0000
0.0000; 0.0638; 0.9149; 0.0000; 0.0213; 0.0000; 0.0000; 0.0000; 0.0000
0.0000; 0.0000; 0.1273; 0.6000; 0.2545; 0.0000; 0.0182; 0.0000; 0.0000
0.0000; 0.0000; 0.0833; 0.0833; 0.8333; 0.0000; 0.0000; 0.0000; 0.0000
0.0000; 0.0941; 0.0000; 0.0000; 0.0000; 0.6118; 0.0118; 0.2824; 0.0000
0.0000; 0.3333; 0.0000; 0.0000; 0.0000; 0.0000; 0.6667; 0.0000; 0.0000
0.0488; 0.0732; 0.0000; 0.0000; 0.0000; 0.3171; 0.0122; 0.5488; 0.0000
Bootstrap 6
Run TT with 136 training and 68 tests
Run CD with 224 training and 113 tests
Run FKW with 94 training and 47 tests
Run KW with 110 training and 55 tests
Run LPLT with 48 training and 24 tests
Run RD with 169 training and 85 tests
Run WBD with 5 training and 3 tests
Run WSD with 163 training and 82 tests
Confusion Matrix 7.0
0.8971; 0.0000; 0.0735; 0.0000; 0.0000; 0.0000; 0.0000; 0.0294; 0.0000
0.0619; 0.6018; 0.0000; 0.0000; 0.0000; 0.0708; 0.2301; 0.0354; 0.0000
0.0000; 0.0426; 0.9574; 0.0000; 0.0000; 0.0000; 0.0000; 0.0000; 0.0000
0.0000; 0.0000; 0.0909; 0.5455; 0.3455; 0.0000; 0.0182; 0.0000; 0.0000
0.0000; 0.0000; 0.0833; 0.0833; 0.7500; 0.0000; 0.0833; 0.0000; 0.0000
0.1647; 0.2235; 0.0000; 0.0000; 0.0118; 0.4118; 0.0471; 0.1412; 0.0000
0.0000; 1.0000; 0.0000; 0.0000; 0.0000; 0.0000; 0.0000; 0.0000; 0.0000
0.0976; 0.1585; 0.0000; 0.0000; 0.0000; 0.1951; 0.0366; 0.5122; 0.0000
Bootstrap 7
Run TT with 136 training and 68 tests
Run CD with 224 training and 113 tests
Run FKW with 94 training and 47 tests
Run KW with 110 training and 55 tests
Run LPLT with 48 training and 24 tests
Run RD with 169 training and 85 tests
Run WBD with 5 training and 3 tests
Run WSD with 163 training and 82 tests
Confusion Matrix 8.0
0.7794; 0.1176; 0.0000; 0.0000; 0.0000; 0.0441; 0.0294; 0.0294; 0.0000
0.0442; 0.5487; 0.0088; 0.0000; 0.0000; 0.1416; 0.2566; 0.0000; 0.0000
0.0000; 0.0000; 0.9149; 0.0000; 0.0638; 0.0000; 0.0213; 0.0000; 0.0000
0.0000; 0.0000; 0.0182; 0.7636; 0.2182; 0.0000; 0.0000; 0.0000; 0.0000
0.0000; 0.0000; 0.0417; 0.0833; 0.8333; 0.0000; 0.0417; 0.0000; 0.0000
0.0118; 0.0118; 0.0000; 0.0000; 0.0000; 0.6000; 0.0000; 0.3765; 0.0000
0.0000; 0.3333; 0.0000; 0.0000; 0.0000; 0.0000; 0.6667; 0.0000; 0.0000
0.0732; 0.0488; 0.0000; 0.0000; 0.0000; 0.2683; 0.0244; 0.5854; 0.0000
Bootstrap 8
Run TT with 136 training and 68 tests
Run CD with 224 training and 113 tests
Run FKW with 94 training and 47 tests
Run KW with 110 training and 55 tests
Run LPLT with 48 training and 24 tests
Run RD with 169 training and 85 tests
Run WBD with 5 training and 3 tests
Run WSD with 163 training and 82 tests
Confusion Matrix 9.0
0.8676; 0.0294; 0.0000; 0.0000; 0.0000; 0.0441; 0.0294; 0.0294; 0.0000
0.0973; 0.4690; 0.0000; 0.0000; 0.0000; 0.0619; 0.3009; 0.0708; 0.0000
0.0000; 0.0213; 0.9787; 0.0000; 0.0000; 0.0000; 0.0000; 0.0000; 0.0000
0.0000; 0.0000; 0.1455; 0.5818; 0.2727; 0.0000; 0.0000; 0.0000; 0.0000
0.0000; 0.0000; 0.0833; 0.1250; 0.7917; 0.0000; 0.0000; 0.0000; 0.0000
0.1294; 0.1765; 0.0118; 0.0000; 0.0118; 0.3529; 0.0941; 0.2235; 0.0000
0.0000; 0.6667; 0.0000; 0.0000; 0.0000; 0.0000; 0.3333; 0.0000; 0.0000
0.0732; 0.0976; 0.0000; 0.0000; 0.0000; 0.3171; 0.0366; 0.4756; 0.0000
Bootstrap 9
Run TT with 136 training and 68 tests
Run CD with 224 training and 113 tests
Run FKW with 94 training and 47 tests
Run KW with 110 training and 55 tests
Run LPLT with 48 training and 24 tests
Run RD with 169 training and 85 tests
Run WBD with 5 training and 3 tests
Run WSD with 163 training and 82 tests
Confusion Matrix 10.0
0.4853; 0.2794; 0.0147; 0.0000; 0.0147; 0.0441; 0.0735; 0.0882; 0.0000
0.0796; 0.4956; 0.0088; 0.0000; 0.0000; 0.2035; 0.1062; 0.1062; 0.0000
0.0000; 0.0426; 0.8298; 0.0213; 0.0638; 0.0000; 0.0426; 0.0000; 0.0000
0.0000; 0.0000; 0.0182; 0.8182; 0.1636; 0.0000; 0.0000; 0.0000; 0.0000
0.0000; 0.0000; 0.0000; 0.6250; 0.3750; 0.0000; 0.0000; 0.0000; 0.0000
0.0000; 0.0118; 0.0000; 0.0000; 0.0000; 0.6000; 0.0118; 0.3765; 0.0000
0.0000; 0.0000; 0.0000; 0.0000; 0.0000; 0.0000; 1.0000; 0.0000; 0.0000
0.0244; 0.0732; 0.0000; 0.0000; 0.0000; 0.2561; 0.0244; 0.6220; 0.0000
Bootstrap 10
Run TT with 136 training and 68 tests
Run CD with 224 training and 113 tests
Run FKW with 94 training and 47 tests
Run KW with 110 training and 55 tests
Run LPLT with 48 training and 24 tests
Run RD with 169 training and 85 tests
Run WBD with 5 training and 3 tests
Run WSD with 163 training and 82 tests
Confusion Matrix 11.0
0.4559; 0.2941; 0.0294; 0.0000; 0.0000; 0.0882; 0.0735; 0.0588; 0.0000
0.0354; 0.5221; 0.0000; 0.0000; 0.0000; 0.1239; 0.2832; 0.0354; 0.0000
0.0000; 0.0213; 0.9362; 0.0000; 0.0426; 0.0000; 0.0000; 0.0000; 0.0000
0.0000; 0.0000; 0.0909; 0.7273; 0.1455; 0.0000; 0.0364; 0.0000; 0.0000
0.0000; 0.0000; 0.0000; 0.1250; 0.8750; 0.0000; 0.0000; 0.0000; 0.0000
0.0000; 0.0000; 0.0000; 0.0000; 0.0000; 0.6471; 0.0235; 0.3294; 0.0000
0.0000; 0.0000; 0.0000; 0.0000; 0.0000; 0.0000; 1.0000; 0.0000; 0.0000
0.0976; 0.0854; 0.0000; 0.0000; 0.0000; 0.2073; 0.0610; 0.5488; 0.0000
Bootstrap 11
Run TT with 136 training and 68 tests
Run CD with 224 training and 113 tests
Run FKW with 94 training and 47 tests
Run KW with 110 training and 55 tests
Run LPLT with 48 training and 24 tests
Run RD with 169 training and 85 tests
Run WBD with 5 training and 3 tests
Run WSD with 163 training and 82 tests
Confusion Matrix 12.0
0.3676; 0.3676; 0.0294; 0.0000; 0.0000; 0.0882; 0.0882; 0.0588; 0.0000
0.0885; 0.3894; 0.0088; 0.0000; 0.0000; 0.2743; 0.1327; 0.1062; 0.0000
0.0000; 0.0426; 0.9149; 0.0213; 0.0213; 0.0000; 0.0000; 0.0000; 0.0000
0.0000; 0.0000; 0.0182; 0.9091; 0.0727; 0.0000; 0.0000; 0.0000; 0.0000
0.0000; 0.0000; 0.0417; 0.7083; 0.2500; 0.0000; 0.0000; 0.0000; 0.0000
0.0000; 0.0824; 0.0000; 0.0000; 0.0000; 0.6118; 0.0000; 0.3059; 0.0000
0.0000; 0.0000; 0.0000; 0.0000; 0.0000; 0.0000; 1.0000; 0.0000; 0.0000
0.0488; 0.0610; 0.0122; 0.0000; 0.0000; 0.3171; 0.0732; 0.4878; 0.0000
Bootstrap 12
Run TT with 136 training and 68 tests
Run CD with 224 training and 113 tests
Run FKW with 94 training and 47 tests
Run KW with 110 training and 55 tests
Run LPLT with 48 training and 24 tests
Run RD with 169 training and 85 tests
Run WBD with 5 training and 3 tests
Run WSD with 163 training and 82 tests
Confusion Matrix 13.0
0.4118; 0.2206; 0.0735; 0.0000; 0.0000; 0.0588; 0.1324; 0.1029; 0.0000
0.0442; 0.3363; 0.0000; 0.0000; 0.0000; 0.1858; 0.3894; 0.0442; 0.0000
0.0000; 0.0000; 0.8936; 0.0213; 0.0426; 0.0213; 0.0213; 0.0000; 0.0000
0.0000; 0.0000; 0.0909; 0.7636; 0.1455; 0.0000; 0.0000; 0.0000; 0.0000
0.0000; 0.0000; 0.0000; 0.2083; 0.7917; 0.0000; 0.0000; 0.0000; 0.0000
0.0000; 0.1059; 0.0000; 0.0000; 0.0000; 0.6353; 0.0000; 0.2588; 0.0000
0.0000; 0.0000; 0.0000; 0.0000; 0.0000; 0.0000; 1.0000; 0.0000; 0.0000
0.0610; 0.0610; 0.0000; 0.0000; 0.0000; 0.2439; 0.0854; 0.5488; 0.0000
Bootstrap 13
Run TT with 136 training and 68 tests
Run CD with 224 training and 113 tests
Run FKW with 94 training and 47 tests
Run KW with 110 training and 55 tests
Run LPLT with 48 training and 24 tests
Run RD with 169 training and 85 tests
Run WBD with 5 training and 3 tests
Run WSD with 163 training and 82 tests
Confusion Matrix 14.0
0.9118; 0.0000; 0.0147; 0.0000; 0.0000; 0.0147; 0.0147; 0.0441; 0.0000
0.0708; 0.3805; 0.0088; 0.0000; 0.0000; 0.1150; 0.3982; 0.0265; 0.0000
0.0000; 0.0000; 0.9574; 0.0213; 0.0213; 0.0000; 0.0000; 0.0000; 0.0000
0.0000; 0.0000; 0.0364; 0.5455; 0.3818; 0.0000; 0.0364; 0.0000; 0.0000
0.0000; 0.0000; 0.1250; 0.1250; 0.7500; 0.0000; 0.0000; 0.0000; 0.0000
0.0471; 0.0235; 0.0000; 0.0000; 0.0118; 0.5647; 0.0471; 0.3059; 0.0000
0.0000; 0.0000; 0.0000; 0.0000; 0.0000; 0.0000; 1.0000; 0.0000; 0.0000
0.0976; 0.0488; 0.0000; 0.0000; 0.0122; 0.2439; 0.0244; 0.5732; 0.0000
Bootstrap 14
Run TT with 136 training and 68 tests
Run CD with 224 training and 113 tests
Run FKW with 94 training and 47 tests
Run KW with 110 training and 55 tests
Run LPLT with 48 training and 24 tests
Run RD with 169 training and 85 tests
Run WBD with 5 training and 3 tests
Run WSD with 163 training and 82 tests
Confusion Matrix 15.0
0.8824; 0.0147; 0.0441; 0.0000; 0.0000; 0.0000; 0.0000; 0.0588; 0.0000
0.1416; 0.3805; 0.0000; 0.0000; 0.0000; 0.2832; 0.1150; 0.0796; 0.0000
0.0000; 0.0213; 0.9362; 0.0000; 0.0426; 0.0000; 0.0000; 0.0000; 0.0000
0.0000; 0.0000; 0.0182; 0.8909; 0.0909; 0.0000; 0.0000; 0.0000; 0.0000
0.0000; 0.0000; 0.0000; 0.6667; 0.3333; 0.0000; 0.0000; 0.0000; 0.0000
0.0235; 0.1059; 0.0000; 0.0000; 0.0000; 0.5765; 0.0000; 0.2941; 0.0000
0.0000; 1.0000; 0.0000; 0.0000; 0.0000; 0.0000; 0.0000; 0.0000; 0.0000
0.0488; 0.0122; 0.0000; 0.0000; 0.0122; 0.2927; 0.0366; 0.5976; 0.0000
Bootstrap 15
Run TT with 136 training and 68 tests
Run CD with 224 training and 113 tests
Run FKW with 94 training and 47 tests
Run KW with 110 training and 55 tests
Run LPLT with 48 training and 24 tests
Run RD with 169 training and 85 tests
Run WBD with 5 training and 3 tests
Run WSD with 163 training and 82 tests
Confusion Matrix 16.0
0.5882; 0.1912; 0.0294; 0.0000; 0.0000; 0.0147; 0.0735; 0.1029; 0.0000
0.0354; 0.5575; 0.0000; 0.0000; 0.0000; 0.0885; 0.2655; 0.0531; 0.0000
0.0000; 0.0426; 0.8723; 0.0000; 0.0851; 0.0000; 0.0000; 0.0000; 0.0000
0.0000; 0.0000; 0.0909; 0.6727; 0.2364; 0.0000; 0.0000; 0.0000; 0.0000
0.0000; 0.0000; 0.0000; 0.3333; 0.6667; 0.0000; 0.0000; 0.0000; 0.0000
0.0000; 0.0353; 0.0000; 0.0000; 0.0000; 0.6706; 0.0118; 0.2824; 0.0000
0.0000; 0.6667; 0.0000; 0.0000; 0.0000; 0.0000; 0.3333; 0.0000; 0.0000
0.0732; 0.0488; 0.0000; 0.0000; 0.0122; 0.2805; 0.0244; 0.5610; 0.0000
Bootstrap 16
Run TT with 136 training and 68 tests
Run CD with 224 training and 113 tests
Run FKW with 94 training and 47 tests
Run KW with 110 training and 55 tests
Run LPLT with 48 training and 24 tests
Run RD with 169 training and 85 tests
Run WBD with 5 training and 3 tests
Run WSD with 163 training and 82 tests
Confusion Matrix 17.0
0.8382; 0.0441; 0.0147; 0.0000; 0.0000; 0.0000; 0.0294; 0.0735; 0.0000
0.1327; 0.3894; 0.0000; 0.0000; 0.0000; 0.2655; 0.0885; 0.1239; 0.0000
0.0000; 0.0213; 0.9149; 0.0426; 0.0000; 0.0213; 0.0000; 0.0000; 0.0000
0.0000; 0.0000; 0.0182; 0.9091; 0.0727; 0.0000; 0.0000; 0.0000; 0.0000
0.0000; 0.0000; 0.0000; 0.6667; 0.3333; 0.0000; 0.0000; 0.0000; 0.0000
0.0118; 0.0588; 0.0000; 0.0000; 0.0000; 0.5647; 0.0118; 0.3529; 0.0000
0.0000; 0.3333; 0.0000; 0.0000; 0.0000; 0.3333; 0.3333; 0.0000; 0.0000
0.0854; 0.0122; 0.0000; 0.0000; 0.0000; 0.2927; 0.0244; 0.5854; 0.0000
Bootstrap 17
Run TT with 136 training and 68 tests
Run CD with 224 training and 113 tests
Run FKW with 94 training and 47 tests
Run KW with 110 training and 55 tests
Run LPLT with 48 training and 24 tests
Run RD with 169 training and 85 tests
Run WBD with 5 training and 3 tests
Run WSD with 163 training and 82 tests
Confusion Matrix 18.0
0.7794; 0.0735; 0.0147; 0.0000; 0.0000; 0.0588; 0.0147; 0.0588; 0.0000
0.0531; 0.6106; 0.0000; 0.0000; 0.0000; 0.1150; 0.2212; 0.0000; 0.0000
0.0213; 0.0426; 0.8936; 0.0000; 0.0426; 0.0000; 0.0000; 0.0000; 0.0000
0.0000; 0.0000; 0.1636; 0.6727; 0.1636; 0.0000; 0.0000; 0.0000; 0.0000
0.0000; 0.0000; 0.0000; 0.5417; 0.4583; 0.0000; 0.0000; 0.0000; 0.0000
0.0000; 0.0588; 0.0000; 0.0000; 0.0000; 0.6824; 0.0118; 0.2471; 0.0000
0.0000; 0.6667; 0.0000; 0.0000; 0.0000; 0.0000; 0.3333; 0.0000; 0.0000
0.0732; 0.1220; 0.0000; 0.0000; 0.0000; 0.2561; 0.0610; 0.4878; 0.0000
Bootstrap 18
Run TT with 136 training and 68 tests
Run CD with 224 training and 113 tests
Run FKW with 94 training and 47 tests
Run KW with 110 training and 55 tests
Run LPLT with 48 training and 24 tests
Run RD with 169 training and 85 tests
Run WBD with 5 training and 3 tests
Run WSD with 163 training and 82 tests
Confusion Matrix 19.0
0.4412; 0.2794; 0.0294; 0.0000; 0.0000; 0.1029; 0.1029; 0.0441; 0.0000
0.0531; 0.5487; 0.0000; 0.0000; 0.0000; 0.1770; 0.1681; 0.0531; 0.0000
0.0000; 0.0000; 0.9149; 0.0213; 0.0213; 0.0213; 0.0213; 0.0000; 0.0000
0.0000; 0.0000; 0.1273; 0.6727; 0.1818; 0.0000; 0.0182; 0.0000; 0.0000
0.0000; 0.0000; 0.0000; 0.5417; 0.4583; 0.0000; 0.0000; 0.0000; 0.0000
0.0000; 0.0353; 0.0000; 0.0000; 0.0000; 0.6118; 0.0000; 0.3529; 0.0000
0.0000; 0.6667; 0.0000; 0.0000; 0.0000; 0.0000; 0.3333; 0.0000; 0.0000
0.0854; 0.0366; 0.0000; 0.0000; 0.0122; 0.2683; 0.0366; 0.5610; 0.0000
Bootstrap 19
Run TT with 136 training and 68 tests
Run CD with 224 training and 113 tests
Run FKW with 94 training and 47 tests
Run KW with 110 training and 55 tests
Run LPLT with 48 training and 24 tests
Run RD with 169 training and 85 tests
Run WBD with 5 training and 3 tests
Run WSD with 163 training and 82 tests
Confusion Matrix 20.0
0.5147; 0.1765; 0.0294; 0.0000; 0.0000; 0.0882; 0.1471; 0.0441; 0.0000
0.0265; 0.5841; 0.0000; 0.0000; 0.0000; 0.1416; 0.2301; 0.0177; 0.0000
0.0000; 0.0000; 0.8511; 0.0426; 0.1064; 0.0000; 0.0000; 0.0000; 0.0000
0.0000; 0.0000; 0.0182; 0.9273; 0.0545; 0.0000; 0.0000; 0.0000; 0.0000
0.0000; 0.0000; 0.0000; 0.7083; 0.2917; 0.0000; 0.0000; 0.0000; 0.0000
0.0118; 0.0353; 0.0000; 0.0000; 0.0000; 0.4941; 0.0118; 0.4471; 0.0000
0.0000; 0.0000; 0.0000; 0.0000; 0.0000; 0.0000; 1.0000; 0.0000; 0.0000
0.0732; 0.0732; 0.0000; 0.0000; 0.0000; 0.3049; 0.0366; 0.5122; 0.0000
Bootstrap 20
Run TT with 136 training and 68 tests
Run CD with 224 training and 113 tests
Run FKW with 94 training and 47 tests
Run KW with 110 training and 55 tests
Run LPLT with 48 training and 24 tests
Run RD with 169 training and 85 tests
Run WBD with 5 training and 3 tests
Run WSD with 163 training and 82 tests
Confusion Matrix 21.0
0.8235; 0.0588; 0.0000; 0.0000; 0.0000; 0.0441; 0.0000; 0.0735; 0.0000
0.1062; 0.3540; 0.0088; 0.0000; 0.0000; 0.2920; 0.1416; 0.0973; 0.0000
0.0000; 0.0426; 0.8723; 0.0213; 0.0638; 0.0000; 0.0000; 0.0000; 0.0000
0.0000; 0.0000; 0.0182; 0.7636; 0.1818; 0.0000; 0.0364; 0.0000; 0.0000
0.0000; 0.0000; 0.0417; 0.2500; 0.7083; 0.0000; 0.0000; 0.0000; 0.0000
0.0235; 0.0118; 0.0000; 0.0000; 0.0000; 0.5059; 0.0000; 0.4588; 0.0000
0.0000; 0.0000; 0.0000; 0.0000; 0.0000; 0.0000; 1.0000; 0.0000; 0.0000
0.0610; 0.0610; 0.0000; 0.0000; 0.0000; 0.2195; 0.0366; 0.6220; 0.0000
Bootstrap 21
Run TT with 136 training and 68 tests
Run CD with 224 training and 113 tests
Run FKW with 94 training and 47 tests
Run KW with 110 training and 55 tests
Run LPLT with 48 training and 24 tests
Run RD with 169 training and 85 tests
Run WBD with 5 training and 3 tests
Run WSD with 163 training and 82 tests
Confusion Matrix 22.0
0.3529; 0.3382; 0.0294; 0.0000; 0.0000; 0.0882; 0.1176; 0.0735; 0.0000
0.0531; 0.3982; 0.0000; 0.0000; 0.0000; 0.2389; 0.2566; 0.0531; 0.0000
0.0000; 0.0213; 0.9149; 0.0000; 0.0426; 0.0000; 0.0213; 0.0000; 0.0000
0.0000; 0.0000; 0.0182; 0.8000; 0.1818; 0.0000; 0.0000; 0.0000; 0.0000
0.0000; 0.0000; 0.0833; 0.2083; 0.7083; 0.0000; 0.0000; 0.0000; 0.0000
0.0000; 0.0588; 0.0000; 0.0000; 0.0000; 0.6941; 0.0000; 0.2471; 0.0000
0.0000; 0.0000; 0.0000; 0.0000; 0.0000; 0.0000; 1.0000; 0.0000; 0.0000
0.0366; 0.1098; 0.0000; 0.0000; 0.0000; 0.2805; 0.0366; 0.5366; 0.0000
Bootstrap 22
Run TT with 136 training and 68 tests
Run CD with 224 training and 113 tests
Run FKW with 94 training and 47 tests
Run KW with 110 training and 55 tests
Run LPLT with 48 training and 24 tests
Run RD with 169 training and 85 tests
Run WBD with 5 training and 3 tests
Run WSD with 163 training and 82 tests
Confusion Matrix 23.0
0.7353; 0.1471; 0.0147; 0.0000; 0.0147; 0.0735; 0.0000; 0.0147; 0.0000
0.0708; 0.6018; 0.0000; 0.0000; 0.0000; 0.1681; 0.1327; 0.0265; 0.0000
0.0000; 0.0000; 0.9574; 0.0213; 0.0000; 0.0000; 0.0213; 0.0000; 0.0000
0.0000; 0.0000; 0.0364; 0.7818; 0.1636; 0.0000; 0.0182; 0.0000; 0.0000
0.0000; 0.0000; 0.0000; 0.7083; 0.2917; 0.0000; 0.0000; 0.0000; 0.0000
0.0118; 0.0118; 0.0000; 0.0000; 0.0000; 0.5529; 0.0118; 0.4118; 0.0000
0.0000; 0.6667; 0.0000; 0.0000; 0.0000; 0.0000; 0.3333; 0.0000; 0.0000
0.0610; 0.1098; 0.0000; 0.0000; 0.0000; 0.2073; 0.0244; 0.5976; 0.0000
Bootstrap 23
Run TT with 136 training and 68 tests
Run CD with 224 training and 113 tests
Run FKW with 94 training and 47 tests
Run KW with 110 training and 55 tests
Run LPLT with 48 training and 24 tests
Run RD with 169 training and 85 tests
Run WBD with 5 training and 3 tests
Run WSD with 163 training and 82 tests
Confusion Matrix 24.0
0.3382; 0.2500; 0.0441; 0.0000; 0.0000; 0.1618; 0.1618; 0.0441; 0.0000
0.0885; 0.3982; 0.0000; 0.0000; 0.0000; 0.2389; 0.1947; 0.0796; 0.0000
0.0000; 0.0000; 0.9574; 0.0213; 0.0000; 0.0213; 0.0000; 0.0000; 0.0000
0.0000; 0.0000; 0.0182; 0.7455; 0.1818; 0.0000; 0.0545; 0.0000; 0.0000
0.0000; 0.0000; 0.0000; 0.5000; 0.5000; 0.0000; 0.0000; 0.0000; 0.0000
0.0118; 0.1294; 0.0000; 0.0000; 0.0000; 0.4706; 0.0353; 0.3529; 0.0000
0.0000; 0.3333; 0.0000; 0.0000; 0.0000; 0.0000; 0.6667; 0.0000; 0.0000
0.0610; 0.0610; 0.0000; 0.0000; 0.0000; 0.2927; 0.0366; 0.5488; 0.0000
Bootstrap 24
Run TT with 136 training and 68 tests
Run CD with 224 training and 113 tests
Run FKW with 94 training and 47 tests
Run KW with 110 training and 55 tests
Run LPLT with 48 training and 24 tests
Run RD with 169 training and 85 tests
Run WBD with 5 training and 3 tests
Run WSD with 163 training and 82 tests
Confusion Matrix 25.0
0.7941; 0.0735; 0.0000; 0.0000; 0.0000; 0.0147; 0.0147; 0.1029; 0.0000
0.1504; 0.3451; 0.0088; 0.0000; 0.0000; 0.2743; 0.1416; 0.0796; 0.0000
0.0000; 0.0213; 0.8936; 0.0000; 0.0638; 0.0000; 0.0213; 0.0000; 0.0000
0.0000; 0.0000; 0.0182; 0.8727; 0.1091; 0.0000; 0.0000; 0.0000; 0.0000
0.0000; 0.0000; 0.0417; 0.1667; 0.7917; 0.0000; 0.0000; 0.0000; 0.0000
0.1059; 0.1765; 0.0000; 0.0000; 0.0118; 0.4235; 0.0235; 0.2588; 0.0000
0.0000; 0.6667; 0.0000; 0.0000; 0.0000; 0.0000; 0.3333; 0.0000; 0.0000
0.0732; 0.0366; 0.0000; 0.0000; 0.0122; 0.3293; 0.0244; 0.5244; 0.0000
Bootstrap 25
Run TT with 136 training and 68 tests
Run CD with 224 training and 113 tests
Run FKW with 94 training and 47 tests
Run KW with 110 training and 55 tests
Run LPLT with 48 training and 24 tests
Run RD with 169 training and 85 tests
Run WBD with 5 training and 3 tests
Run WSD with 163 training and 82 tests
Confusion Matrix 26.0
0.8676; 0.0441; 0.0147; 0.0000; 0.0000; 0.0000; 0.0294; 0.0441; 0.0000
0.0442; 0.5398; 0.0000; 0.0000; 0.0000; 0.0619; 0.3540; 0.0000; 0.0000
0.0000; 0.0426; 0.8936; 0.0000; 0.0213; 0.0000; 0.0426; 0.0000; 0.0000
0.0000; 0.0000; 0.0364; 0.6182; 0.2727; 0.0000; 0.0727; 0.0000; 0.0000
0.0000; 0.0000; 0.0000; 0.3333; 0.6667; 0.0000; 0.0000; 0.0000; 0.0000
0.0941; 0.2000; 0.0235; 0.0000; 0.0118; 0.3294; 0.1176; 0.2235; 0.0000
0.0000; 0.0000; 0.0000; 0.0000; 0.0000; 0.0000; 1.0000; 0.0000; 0.0000
0.0976; 0.0366; 0.0000; 0.0000; 0.0000; 0.3293; 0.0610; 0.4756; 0.0000
Bootstrap 26
Run TT with 136 training and 68 tests
Run CD with 224 training and 113 tests
Run FKW with 94 training and 47 tests
Run KW with 110 training and 55 tests
Run LPLT with 48 training and 24 tests
Run RD with 169 training and 85 tests
Run WBD with 5 training and 3 tests
Run WSD with 163 training and 82 tests
Confusion Matrix 27.0
0.3676; 0.3971; 0.0588; 0.0000; 0.0000; 0.0294; 0.1029; 0.0441; 0.0000
0.0442; 0.5310; 0.0000; 0.0000; 0.0000; 0.0973; 0.3009; 0.0265; 0.0000
0.0000; 0.0213; 0.9149; 0.0000; 0.0426; 0.0000; 0.0213; 0.0000; 0.0000
0.0000; 0.0000; 0.1273; 0.6909; 0.1455; 0.0000; 0.0364; 0.0000; 0.0000
0.0000; 0.0000; 0.0000; 0.4167; 0.5833; 0.0000; 0.0000; 0.0000; 0.0000
0.0588; 0.2353; 0.0235; 0.0000; 0.0353; 0.3529; 0.1059; 0.1882; 0.0000
0.0000; 0.0000; 0.0000; 0.0000; 0.0000; 0.0000; 1.0000; 0.0000; 0.0000
0.0488; 0.0732; 0.0000; 0.0000; 0.0000; 0.3537; 0.0244; 0.5000; 0.0000
Bootstrap 27
Run TT with 136 training and 68 tests
Run CD with 224 training and 113 tests
Run FKW with 94 training and 47 tests
Run KW with 110 training and 55 tests
Run LPLT with 48 training and 24 tests
Run RD with 169 training and 85 tests
Run WBD with 5 training and 3 tests
Run WSD with 163 training and 82 tests
Confusion Matrix 28.0
0.8382; 0.0588; 0.0147; 0.0000; 0.0147; 0.0441; 0.0000; 0.0294; 0.0000
0.0973; 0.3451; 0.0088; 0.0000; 0.0000; 0.2478; 0.2035; 0.0973; 0.0000
0.0000; 0.0426; 0.9149; 0.0000; 0.0426; 0.0000; 0.0000; 0.0000; 0.0000
0.0000; 0.0000; 0.0364; 0.9091; 0.0545; 0.0000; 0.0000; 0.0000; 0.0000
0.0000; 0.0000; 0.0000; 0.7500; 0.2500; 0.0000; 0.0000; 0.0000; 0.0000
0.0353; 0.1647; 0.0000; 0.0000; 0.0000; 0.4941; 0.0235; 0.2824; 0.0000
0.0000; 0.0000; 0.0000; 0.0000; 0.0000; 0.0000; 1.0000; 0.0000; 0.0000
0.0732; 0.0488; 0.0000; 0.0000; 0.0000; 0.2439; 0.0488; 0.5854; 0.0000
Bootstrap 28
Run TT with 136 training and 68 tests
Run CD with 224 training and 113 tests
Run FKW with 94 training and 47 tests
Run KW with 110 training and 55 tests
Run LPLT with 48 training and 24 tests
Run RD with 169 training and 85 tests
Run WBD with 5 training and 3 tests
Run WSD with 163 training and 82 tests
Confusion Matrix 29.0
0.7941; 0.0588; 0.0000; 0.0000; 0.0000; 0.0294; 0.0588; 0.0588; 0.0000
0.0442; 0.5487; 0.0088; 0.0000; 0.0000; 0.1416; 0.2566; 0.0000; 0.0000
0.0000; 0.0426; 0.8936; 0.0213; 0.0426; 0.0000; 0.0000; 0.0000; 0.0000
0.0000; 0.0000; 0.1273; 0.7273; 0.1273; 0.0000; 0.0182; 0.0000; 0.0000
0.0000; 0.0000; 0.0000; 0.6667; 0.3333; 0.0000; 0.0000; 0.0000; 0.0000
0.0235; 0.0471; 0.0000; 0.0000; 0.0000; 0.5059; 0.0000; 0.4235; 0.0000
0.0000; 0.0000; 0.0000; 0.0000; 0.0000; 0.0000; 1.0000; 0.0000; 0.0000
0.0732; 0.0732; 0.0000; 0.0000; 0.0122; 0.2805; 0.0366; 0.5244; 0.0000
Bootstrap 29
Run TT with 136 training and 68 tests
Run CD with 224 training and 113 tests
Run FKW with 94 training and 47 tests
Run KW with 110 training and 55 tests
Run LPLT with 48 training and 24 tests
Run RD with 169 training and 85 tests
Run WBD with 5 training and 3 tests
Run WSD with 163 training and 82 tests
Confusion Matrix 30.0
0.4118; 0.3235; 0.0588; 0.0000; 0.0000; 0.0441; 0.0882; 0.0735; 0.0000
0.0973; 0.5575; 0.0088; 0.0000; 0.0000; 0.1327; 0.1327; 0.0708; 0.0000
0.0000; 0.0213; 0.9149; 0.0000; 0.0638; 0.0000; 0.0000; 0.0000; 0.0000
0.0000; 0.0000; 0.0000; 0.7091; 0.2364; 0.0000; 0.0545; 0.0000; 0.0000
0.0000; 0.0000; 0.0000; 0.2500; 0.7500; 0.0000; 0.0000; 0.0000; 0.0000
0.0941; 0.2118; 0.0000; 0.0000; 0.0471; 0.4000; 0.1176; 0.1294; 0.0000
0.0000; 0.6667; 0.0000; 0.0000; 0.0000; 0.0000; 0.3333; 0.0000; 0.0000
0.0366; 0.0976; 0.0000; 0.0000; 0.0000; 0.3049; 0.0732; 0.4878; 0.0000
Mean confusion
0.6618; 0.1525; 0.0270; 0.0000; 0.0020; 0.0446; 0.0539; 0.0583; 0.0000
0.0832; 0.4625; 0.0041; 0.0000; 0.0000; 0.1823; 0.2091; 0.0587; 0.0000
0.0007; 0.0227; 0.9163; 0.0121; 0.0362; 0.0043; 0.0078; 0.0000; 0.0000
0.0000; 0.0000; 0.0685; 0.7321; 0.1824; 0.0000; 0.0170; 0.0000; 0.0000
0.0000; 0.0000; 0.0250; 0.3750; 0.5931; 0.0000; 0.0069; 0.0000; 0.0000
0.0420; 0.1059; 0.0039; 0.0000; 0.0098; 0.5173; 0.0322; 0.2890; 0.0000
0.0000; 0.3000; 0.0000; 0.0000; 0.0000; 0.0111; 0.6889; 0.0000; 0.0000
0.0732; 0.0683; 0.0004; 0.0000; 0.0028; 0.2768; 0.0386; 0.5398; 0.0000
STD Confusion
0.2222; 0.1350; 0.0219; 0.0000; 0.0051; 0.0385; 0.0507; 0.0243; 0.0000
0.0459; 0.0999; 0.0051; 0.0000; 0.0000; 0.0831; 0.0943; 0.0394; 0.0000
0.0039; 0.0193; 0.0335; 0.0133; 0.0280; 0.0087; 0.0131; 0.0000; 0.0000
0.0000; 0.0000; 0.0509; 0.1126; 0.0804; 0.0000; 0.0202; 0.0000; 0.0000
0.0000; 0.0000; 0.0373; 0.2619; 0.2338; 0.0000; 0.0221; 0.0000; 0.0000
0.0478; 0.0816; 0.0084; 0.0000; 0.0178; 0.1158; 0.0373; 0.0885; 0.0000
0.0000; 0.3430; 0.0000; 0.0000; 0.0000; 0.0609; 0.3494; 0.0000; 0.0000
0.0242; 0.0332; 0.0022; 0.0000; 0.0052; 0.0413; 0.0179; 0.0445; 0.0000
Lower 95% CI
0.3382; 0.0000; 0.0000; 0.0000; 0.0000; 0.0000; 0.0000; 0.0147; 0.0000
0.0265; 0.2920; 0.0000; 0.0000; 0.0000; 0.0619; 0.0708; 0.0000; 0.0000
0.0000; 0.0000; 0.8298; 0.0000; 0.0000; 0.0000; 0.0000; 0.0000; 0.0000
0.0000; 0.0000; 0.0000; 0.5455; 0.0545; 0.0000; 0.0000; 0.0000; 0.0000
0.0000; 0.0000; 0.0000; 0.0000; 0.1667; 0.0000; 0.0000; 0.0000; 0.0000
0.0000; 0.0000; 0.0000; 0.0000; 0.0000; 0.3294; 0.0000; 0.1294; 0.0000
0.0000; 0.0000; 0.0000; 0.0000; 0.0000; 0.0000; 0.0000; 0.0000; 0.0000
0.0244; 0.0122; 0.0000; 0.0000; 0.0000; 0.1951; 0.0122; 0.4756; 0.0000
Upper 95% CI
0.9118; 0.3971; 0.0735; 0.0000; 0.0147; 0.1618; 0.1618; 0.1029; 0.0000
0.2124; 0.6106; 0.0177; 0.0000; 0.0000; 0.3451; 0.3982; 0.1239; 0.0000
0.0213; 0.0638; 0.9787; 0.0426; 0.1064; 0.0213; 0.0426; 0.0000; 0.0000
0.0000; 0.0000; 0.1636; 0.9273; 0.3818; 0.0000; 0.0727; 0.0000; 0.0000
0.0000; 0.0000; 0.1250; 0.8333; 0.9167; 0.0000; 0.0833; 0.0000; 0.0000
0.1647; 0.2471; 0.0235; 0.0000; 0.0588; 0.6941; 0.1176; 0.4588; 0.0000
0.0000; 1.0000; 0.0000; 0.0000; 0.0000; 0.3333; 1.0000; 0.0000; 0.0000
0.1341; 0.1585; 0.0122; 0.0000; 0.0122; 0.3537; 0.0854; 0.6220; 0.0000
Run TT with 204 training and 0 tests
Run CD with 337 training and 0 tests
Run FKW with 141 training and 0 tests
Run KW with 165 training and 0 tests
Run LPLT with 72 training and 0 tests
Run RD with 254 training and 0 tests
Run WBD with 8 training and 0 tests
Run WSD with 245 training and 0 tests