Total Bootstraps 30
Num Species 8
FragmentLength 28; Section Length 30
TT; CD; FKW; KW; LPLT; RD; WBD; WSD
Bootstrap 0
Run TT with 181 training and 91 tests
Run CD with 299 training and 150 tests
Run FKW with 125 training and 63 tests
Run KW with 146 training and 74 tests
Run LPLT with 64 training and 33 tests
Run RD with 226 training and 113 tests
Run WBD with 7 training and 4 tests
Run WSD with 218 training and 109 tests
Confusion Matrix 1.0
0.4066; 0.2857; 0.0440; 0.0110; 0.0000; 0.0879; 0.0989; 0.0659; 0.0000
0.0733; 0.4867; 0.0067; 0.0000; 0.0000; 0.1533; 0.2333; 0.0467; 0.0000
0.0000; 0.0317; 0.8730; 0.0317; 0.0317; 0.0000; 0.0317; 0.0000; 0.0000
0.0000; 0.0000; 0.0270; 0.8243; 0.1486; 0.0000; 0.0000; 0.0000; 0.0000
0.0000; 0.0000; 0.0909; 0.0606; 0.8182; 0.0000; 0.0303; 0.0000; 0.0000
0.0796; 0.2743; 0.0000; 0.0000; 0.0000; 0.3451; 0.0442; 0.2566; 0.0000
0.0000; 0.2500; 0.0000; 0.0000; 0.0000; 0.0000; 0.7500; 0.0000; 0.0000
0.0917; 0.0642; 0.0000; 0.0000; 0.0092; 0.3119; 0.0550; 0.4679; 0.0000
Bootstrap 1
Run TT with 181 training and 91 tests
Run CD with 299 training and 150 tests
Run FKW with 125 training and 63 tests
Run KW with 146 training and 74 tests
Run LPLT with 64 training and 33 tests
Run RD with 226 training and 113 tests
Run WBD with 7 training and 4 tests
Run WSD with 218 training and 109 tests
Confusion Matrix 2.0
0.8352; 0.0220; 0.0220; 0.0000; 0.0000; 0.0220; 0.0110; 0.0879; 0.0000
0.0667; 0.5067; 0.0067; 0.0000; 0.0000; 0.1133; 0.2467; 0.0600; 0.0000
0.0000; 0.0317; 0.8254; 0.0000; 0.1111; 0.0000; 0.0317; 0.0000; 0.0000
0.0000; 0.0000; 0.1486; 0.6757; 0.1081; 0.0000; 0.0676; 0.0000; 0.0000
0.0000; 0.0000; 0.0000; 0.6970; 0.3030; 0.0000; 0.0000; 0.0000; 0.0000
0.0442; 0.1504; 0.0000; 0.0000; 0.0000; 0.4690; 0.0000; 0.3363; 0.0000
0.0000; 0.7500; 0.0000; 0.0000; 0.0000; 0.0000; 0.0000; 0.2500; 0.0000
0.1101; 0.0550; 0.0000; 0.0000; 0.0092; 0.3578; 0.0275; 0.4404; 0.0000
Bootstrap 2
Run TT with 181 training and 91 tests
Run CD with 299 training and 150 tests
Run FKW with 125 training and 63 tests
Run KW with 146 training and 74 tests
Run LPLT with 64 training and 33 tests
Run RD with 226 training and 113 tests
Run WBD with 7 training and 4 tests
Run WSD with 218 training and 109 tests
Confusion Matrix 3.0
0.5385; 0.1538; 0.0549; 0.0000; 0.0110; 0.0440; 0.0769; 0.1209; 0.0000
0.0267; 0.5267; 0.0000; 0.0000; 0.0000; 0.0800; 0.3067; 0.0600; 0.0000
0.0000; 0.0000; 0.8889; 0.0159; 0.0794; 0.0000; 0.0159; 0.0000; 0.0000
0.0000; 0.0000; 0.0270; 0.8784; 0.0811; 0.0000; 0.0135; 0.0000; 0.0000
0.0000; 0.0000; 0.0303; 0.2727; 0.6970; 0.0000; 0.0000; 0.0000; 0.0000
0.0088; 0.1947; 0.0000; 0.0000; 0.0000; 0.3894; 0.0088; 0.3982; 0.0000
0.0000; 0.5000; 0.0000; 0.0000; 0.0000; 0.0000; 0.2500; 0.2500; 0.0000
0.0826; 0.0550; 0.0000; 0.0000; 0.0092; 0.2752; 0.0367; 0.5413; 0.0000
Bootstrap 3
Run TT with 181 training and 91 tests
Run CD with 299 training and 150 tests
Run FKW with 125 training and 63 tests
Run KW with 146 training and 74 tests
Run LPLT with 64 training and 33 tests
Run RD with 226 training and 113 tests
Run WBD with 7 training and 4 tests
Run WSD with 218 training and 109 tests
Confusion Matrix 4.0
0.8352; 0.0220; 0.0440; 0.0000; 0.0000; 0.0440; 0.0440; 0.0110; 0.0000
0.1067; 0.4333; 0.0133; 0.0000; 0.0000; 0.1067; 0.2733; 0.0667; 0.0000
0.0000; 0.0000; 0.9206; 0.0000; 0.0635; 0.0000; 0.0159; 0.0000; 0.0000
0.0000; 0.0000; 0.1622; 0.5676; 0.2432; 0.0000; 0.0270; 0.0000; 0.0000
0.0000; 0.0000; 0.0303; 0.3333; 0.6364; 0.0000; 0.0000; 0.0000; 0.0000
0.0796; 0.0619; 0.0265; 0.0000; 0.0442; 0.4336; 0.0796; 0.2743; 0.0000
0.0000; 0.2500; 0.0000; 0.0000; 0.0000; 0.0000; 0.7500; 0.0000; 0.0000
0.1101; 0.0550; 0.0000; 0.0000; 0.0000; 0.2936; 0.0917; 0.4495; 0.0000
Bootstrap 4
Run TT with 181 training and 91 tests
Run CD with 299 training and 150 tests
Run FKW with 125 training and 63 tests
Run KW with 146 training and 74 tests
Run LPLT with 64 training and 33 tests
Run RD with 226 training and 113 tests
Run WBD with 7 training and 4 tests
Run WSD with 218 training and 109 tests
Confusion Matrix 5.0
0.7912; 0.0220; 0.0549; 0.0000; 0.0000; 0.0220; 0.0220; 0.0879; 0.0000
0.1067; 0.3667; 0.0133; 0.0000; 0.0000; 0.1200; 0.3467; 0.0467; 0.0000
0.0000; 0.0159; 0.9048; 0.0000; 0.0317; 0.0000; 0.0476; 0.0000; 0.0000
0.0000; 0.0000; 0.0946; 0.7432; 0.1216; 0.0000; 0.0405; 0.0000; 0.0000
0.0000; 0.0000; 0.0909; 0.1212; 0.7576; 0.0000; 0.0303; 0.0000; 0.0000
0.0442; 0.0885; 0.0000; 0.0000; 0.0000; 0.5575; 0.0088; 0.3009; 0.0000
0.0000; 0.2500; 0.0000; 0.0000; 0.0000; 0.0000; 0.7500; 0.0000; 0.0000
0.1101; 0.0550; 0.0000; 0.0000; 0.0000; 0.3119; 0.0550; 0.4679; 0.0000
Bootstrap 5
Run TT with 181 training and 91 tests
Run CD with 299 training and 150 tests
Run FKW with 125 training and 63 tests
Run KW with 146 training and 74 tests
Run LPLT with 64 training and 33 tests
Run RD with 226 training and 113 tests
Run WBD with 7 training and 4 tests
Run WSD with 218 training and 109 tests
Confusion Matrix 6.0
0.4286; 0.2857; 0.0659; 0.0000; 0.0000; 0.0549; 0.0769; 0.0879; 0.0000
0.0667; 0.5733; 0.0067; 0.0000; 0.0000; 0.1533; 0.1467; 0.0533; 0.0000
0.0000; 0.0000; 0.9365; 0.0000; 0.0317; 0.0159; 0.0159; 0.0000; 0.0000
0.0000; 0.0000; 0.0270; 0.6486; 0.2973; 0.0000; 0.0270; 0.0000; 0.0000
0.0000; 0.0000; 0.0606; 0.1212; 0.7576; 0.0000; 0.0606; 0.0000; 0.0000
0.0088; 0.1062; 0.0000; 0.0000; 0.0000; 0.6549; 0.0000; 0.2301; 0.0000
0.0000; 0.7500; 0.0000; 0.0000; 0.0000; 0.0000; 0.0000; 0.2500; 0.0000
0.1009; 0.1284; 0.0000; 0.0000; 0.0000; 0.2294; 0.0642; 0.4771; 0.0000
Bootstrap 6
Run TT with 181 training and 91 tests
Run CD with 299 training and 150 tests
Run FKW with 125 training and 63 tests
Run KW with 146 training and 74 tests
Run LPLT with 64 training and 33 tests
Run RD with 226 training and 113 tests
Run WBD with 7 training and 4 tests
Run WSD with 218 training and 109 tests
Confusion Matrix 7.0
0.3077; 0.3297; 0.0330; 0.0000; 0.0110; 0.0879; 0.1538; 0.0769; 0.0000
0.0133; 0.4600; 0.0000; 0.0000; 0.0000; 0.1467; 0.3333; 0.0467; 0.0000
0.0159; 0.0317; 0.8095; 0.0000; 0.1111; 0.0000; 0.0317; 0.0000; 0.0000
0.0000; 0.0000; 0.0946; 0.6892; 0.1892; 0.0000; 0.0270; 0.0000; 0.0000
0.0000; 0.0000; 0.0000; 0.7273; 0.2727; 0.0000; 0.0000; 0.0000; 0.0000
0.0177; 0.0796; 0.0000; 0.0000; 0.0000; 0.6637; 0.0000; 0.2389; 0.0000
0.0000; 0.0000; 0.0000; 0.0000; 0.0000; 0.2500; 0.7500; 0.0000; 0.0000
0.1009; 0.0734; 0.0000; 0.0000; 0.0000; 0.3028; 0.0459; 0.4771; 0.0000
Bootstrap 7
Run TT with 181 training and 91 tests
Run CD with 299 training and 150 tests
Run FKW with 125 training and 63 tests
Run KW with 146 training and 74 tests
Run LPLT with 64 training and 33 tests
Run RD with 226 training and 113 tests
Run WBD with 7 training and 4 tests
Run WSD with 218 training and 109 tests
Confusion Matrix 8.0
0.6484; 0.1538; 0.0110; 0.0000; 0.0110; 0.0000; 0.0879; 0.0879; 0.0000
0.0467; 0.5600; 0.0067; 0.0000; 0.0000; 0.1467; 0.2333; 0.0067; 0.0000
0.0000; 0.0317; 0.8571; 0.0000; 0.0952; 0.0000; 0.0159; 0.0000; 0.0000
0.0000; 0.0000; 0.0405; 0.7027; 0.2027; 0.0000; 0.0541; 0.0000; 0.0000
0.0000; 0.0000; 0.0000; 0.6061; 0.3939; 0.0000; 0.0000; 0.0000; 0.0000
0.0619; 0.0973; 0.0088; 0.0000; 0.0531; 0.4690; 0.0531; 0.2566; 0.0000
0.0000; 0.0000; 0.0000; 0.0000; 0.0000; 0.2500; 0.7500; 0.0000; 0.0000
0.0826; 0.0734; 0.0092; 0.0000; 0.0000; 0.2936; 0.0183; 0.5229; 0.0000
Bootstrap 8
Run TT with 181 training and 91 tests
Run CD with 299 training and 150 tests
Run FKW with 125 training and 63 tests
Run KW with 146 training and 74 tests
Run LPLT with 64 training and 33 tests
Run RD with 226 training and 113 tests
Run WBD with 7 training and 4 tests
Run WSD with 218 training and 109 tests
Confusion Matrix 9.0
0.8681; 0.0110; 0.0440; 0.0000; 0.0000; 0.0440; 0.0220; 0.0110; 0.0000
0.0533; 0.5067; 0.0067; 0.0000; 0.0000; 0.1400; 0.2933; 0.0000; 0.0000
0.0317; 0.0000; 0.8730; 0.0000; 0.0635; 0.0000; 0.0317; 0.0000; 0.0000
0.0000; 0.0000; 0.0135; 0.6757; 0.3108; 0.0000; 0.0000; 0.0000; 0.0000
0.0000; 0.0000; 0.1818; 0.0909; 0.6667; 0.0000; 0.0606; 0.0000; 0.0000
0.0088; 0.0531; 0.0000; 0.0000; 0.0000; 0.5929; 0.0177; 0.3274; 0.0000
0.0000; 0.2500; 0.0000; 0.0000; 0.0000; 0.0000; 0.7500; 0.0000; 0.0000
0.1193; 0.0826; 0.0000; 0.0000; 0.0000; 0.2385; 0.0459; 0.5138; 0.0000
Bootstrap 9
Run TT with 181 training and 91 tests
Run CD with 299 training and 150 tests
Run FKW with 125 training and 63 tests
Run KW with 146 training and 74 tests
Run LPLT with 64 training and 33 tests
Run RD with 226 training and 113 tests
Run WBD with 7 training and 4 tests
Run WSD with 218 training and 109 tests
Confusion Matrix 10.0
0.7143; 0.1099; 0.0110; 0.0000; 0.0000; 0.0659; 0.0330; 0.0659; 0.0000
0.0667; 0.5333; 0.0000; 0.0000; 0.0000; 0.1067; 0.2467; 0.0467; 0.0000
0.0000; 0.0000; 0.9206; 0.0000; 0.0159; 0.0317; 0.0317; 0.0000; 0.0000
0.0000; 0.0000; 0.0676; 0.7703; 0.1486; 0.0000; 0.0135; 0.0000; 0.0000
0.0000; 0.0000; 0.1212; 0.1212; 0.7273; 0.0000; 0.0303; 0.0000; 0.0000
0.1062; 0.2124; 0.0265; 0.0088; 0.0265; 0.3982; 0.0796; 0.1416; 0.0000
0.0000; 0.5000; 0.0000; 0.0000; 0.0000; 0.2500; 0.2500; 0.0000; 0.0000
0.0826; 0.0826; 0.0000; 0.0000; 0.0000; 0.3670; 0.0000; 0.4679; 0.0000
Bootstrap 10
Run TT with 181 training and 91 tests
Run CD with 299 training and 150 tests
Run FKW with 125 training and 63 tests
Run KW with 146 training and 74 tests
Run LPLT with 64 training and 33 tests
Run RD with 226 training and 113 tests
Run WBD with 7 training and 4 tests
Run WSD with 218 training and 109 tests
Confusion Matrix 11.0
0.8242; 0.0330; 0.0330; 0.0000; 0.0000; 0.0220; 0.0330; 0.0549; 0.0000
0.0600; 0.4867; 0.0000; 0.0000; 0.0000; 0.1600; 0.2667; 0.0267; 0.0000
0.0000; 0.0159; 0.9524; 0.0000; 0.0159; 0.0000; 0.0159; 0.0000; 0.0000
0.0000; 0.0000; 0.1081; 0.6216; 0.2027; 0.0000; 0.0676; 0.0000; 0.0000
0.0000; 0.0000; 0.0303; 0.1212; 0.8182; 0.0000; 0.0303; 0.0000; 0.0000
0.0885; 0.1150; 0.0177; 0.0000; 0.0442; 0.4248; 0.0708; 0.2389; 0.0000
0.0000; 0.0000; 0.0000; 0.0000; 0.0000; 0.2500; 0.7500; 0.0000; 0.0000
0.1009; 0.0642; 0.0000; 0.0000; 0.0092; 0.3211; 0.0183; 0.4862; 0.0000
Bootstrap 11
Run TT with 181 training and 91 tests
Run CD with 299 training and 150 tests
Run FKW with 125 training and 63 tests
Run KW with 146 training and 74 tests
Run LPLT with 64 training and 33 tests
Run RD with 226 training and 113 tests
Run WBD with 7 training and 4 tests
Run WSD with 218 training and 109 tests
Confusion Matrix 12.0
0.8462; 0.0000; 0.0549; 0.0000; 0.0000; 0.0330; 0.0220; 0.0440; 0.0000
0.1200; 0.4667; 0.0133; 0.0000; 0.0000; 0.1333; 0.1867; 0.0800; 0.0000
0.0000; 0.0000; 0.9683; 0.0000; 0.0317; 0.0000; 0.0000; 0.0000; 0.0000
0.0000; 0.0000; 0.0405; 0.8243; 0.1216; 0.0000; 0.0135; 0.0000; 0.0000
0.0000; 0.0000; 0.0303; 0.2121; 0.7273; 0.0000; 0.0303; 0.0000; 0.0000
0.0442; 0.0973; 0.0000; 0.0000; 0.0000; 0.5133; 0.0177; 0.3274; 0.0000
0.0000; 0.2500; 0.0000; 0.0000; 0.0000; 0.2500; 0.5000; 0.0000; 0.0000
0.1009; 0.0367; 0.0000; 0.0000; 0.0000; 0.2844; 0.0367; 0.5413; 0.0000
Bootstrap 12
Run TT with 181 training and 91 tests
Run CD with 299 training and 150 tests
Run FKW with 125 training and 63 tests
Run KW with 146 training and 74 tests
Run LPLT with 64 training and 33 tests
Run RD with 226 training and 113 tests
Run WBD with 7 training and 4 tests
Run WSD with 218 training and 109 tests
Confusion Matrix 13.0
0.3626; 0.3516; 0.0440; 0.0000; 0.0000; 0.1099; 0.0549; 0.0769; 0.0000
0.0133; 0.4400; 0.0067; 0.0000; 0.0000; 0.1400; 0.3333; 0.0667; 0.0000
0.0000; 0.0000; 0.8730; 0.0000; 0.0952; 0.0000; 0.0317; 0.0000; 0.0000
0.0000; 0.0000; 0.0405; 0.7568; 0.1622; 0.0000; 0.0405; 0.0000; 0.0000
0.0000; 0.0000; 0.0606; 0.2727; 0.6061; 0.0000; 0.0606; 0.0000; 0.0000
0.0088; 0.0531; 0.0000; 0.0000; 0.0000; 0.5664; 0.0177; 0.3540; 0.0000
0.0000; 0.2500; 0.0000; 0.0000; 0.0000; 0.0000; 0.7500; 0.0000; 0.0000
0.0917; 0.1101; 0.0000; 0.0000; 0.0000; 0.1835; 0.0550; 0.5596; 0.0000
Bootstrap 13
Run TT with 181 training and 91 tests
Run CD with 299 training and 150 tests
Run FKW with 125 training and 63 tests
Run KW with 146 training and 74 tests
Run LPLT with 64 training and 33 tests
Run RD with 226 training and 113 tests
Run WBD with 7 training and 4 tests
Run WSD with 218 training and 109 tests
Confusion Matrix 14.0
0.6374; 0.1978; 0.0110; 0.0000; 0.0000; 0.0220; 0.0110; 0.1209; 0.0000
0.0467; 0.5467; 0.0067; 0.0000; 0.0000; 0.1533; 0.1733; 0.0733; 0.0000
0.0000; 0.0317; 0.8730; 0.0317; 0.0476; 0.0159; 0.0000; 0.0000; 0.0000
0.0000; 0.0000; 0.0405; 0.7568; 0.1892; 0.0000; 0.0135; 0.0000; 0.0000
0.0000; 0.0000; 0.0606; 0.0303; 0.8788; 0.0000; 0.0303; 0.0000; 0.0000
0.1062; 0.1947; 0.0088; 0.0000; 0.0354; 0.4159; 0.0796; 0.1593; 0.0000
0.0000; 0.7500; 0.0000; 0.0000; 0.0000; 0.2500; 0.0000; 0.0000; 0.0000
0.0826; 0.0642; 0.0000; 0.0000; 0.0000; 0.3945; 0.0092; 0.4495; 0.0000
Bootstrap 14
Run TT with 181 training and 91 tests
Run CD with 299 training and 150 tests
Run FKW with 125 training and 63 tests
Run KW with 146 training and 74 tests
Run LPLT with 64 training and 33 tests
Run RD with 226 training and 113 tests
Run WBD with 7 training and 4 tests
Run WSD with 218 training and 109 tests
Confusion Matrix 15.0
0.8352; 0.0110; 0.0330; 0.0000; 0.0000; 0.0220; 0.0000; 0.0989; 0.0000
0.1200; 0.4067; 0.0133; 0.0000; 0.0000; 0.2400; 0.1333; 0.0867; 0.0000
0.0000; 0.0000; 0.8571; 0.0635; 0.0476; 0.0159; 0.0159; 0.0000; 0.0000
0.0000; 0.0000; 0.0270; 0.8784; 0.0811; 0.0000; 0.0135; 0.0000; 0.0000
0.0000; 0.0000; 0.0303; 0.1515; 0.7879; 0.0000; 0.0303; 0.0000; 0.0000
0.0000; 0.0531; 0.0000; 0.0000; 0.0000; 0.5575; 0.0000; 0.3894; 0.0000
0.0000; 0.2500; 0.0000; 0.0000; 0.0000; 0.2500; 0.5000; 0.0000; 0.0000
0.0826; 0.0734; 0.0092; 0.0000; 0.0000; 0.2569; 0.0183; 0.5596; 0.0000
Bootstrap 15
Run TT with 181 training and 91 tests
Run CD with 299 training and 150 tests
Run FKW with 125 training and 63 tests
Run KW with 146 training and 74 tests
Run LPLT with 64 training and 33 tests
Run RD with 226 training and 113 tests
Run WBD with 7 training and 4 tests
Run WSD with 218 training and 109 tests
Confusion Matrix 16.0
0.8791; 0.0110; 0.0110; 0.0000; 0.0220; 0.0220; 0.0000; 0.0549; 0.0000
0.1800; 0.3533; 0.0133; 0.0000; 0.0000; 0.2667; 0.0600; 0.1267; 0.0000
0.0000; 0.0476; 0.8413; 0.0159; 0.0635; 0.0000; 0.0317; 0.0000; 0.0000
0.0000; 0.0000; 0.0135; 0.8243; 0.1216; 0.0000; 0.0405; 0.0000; 0.0000
0.0000; 0.0000; 0.0000; 0.7273; 0.2727; 0.0000; 0.0000; 0.0000; 0.0000
0.0265; 0.0177; 0.0000; 0.0000; 0.0000; 0.5398; 0.0088; 0.4071; 0.0000
0.0000; 0.2500; 0.0000; 0.0000; 0.0000; 0.2500; 0.5000; 0.0000; 0.0000
0.1193; 0.0459; 0.0000; 0.0000; 0.0000; 0.2936; 0.0459; 0.4954; 0.0000
Bootstrap 16
Run TT with 181 training and 91 tests
Run CD with 299 training and 150 tests
Run FKW with 125 training and 63 tests
Run KW with 146 training and 74 tests
Run LPLT with 64 training and 33 tests
Run RD with 226 training and 113 tests
Run WBD with 7 training and 4 tests
Run WSD with 218 training and 109 tests
Confusion Matrix 17.0
0.8791; 0.0220; 0.0330; 0.0000; 0.0110; 0.0220; 0.0110; 0.0220; 0.0000
0.1000; 0.5733; 0.0067; 0.0000; 0.0000; 0.1067; 0.2000; 0.0133; 0.0000
0.0000; 0.0317; 0.8889; 0.0159; 0.0635; 0.0000; 0.0000; 0.0000; 0.0000
0.0000; 0.0000; 0.0405; 0.7973; 0.1622; 0.0000; 0.0000; 0.0000; 0.0000
0.0000; 0.0000; 0.0000; 0.3333; 0.6667; 0.0000; 0.0000; 0.0000; 0.0000
0.0708; 0.0796; 0.0000; 0.0088; 0.0531; 0.4159; 0.0354; 0.3363; 0.0000
0.0000; 0.2500; 0.0000; 0.0000; 0.0000; 0.2500; 0.2500; 0.2500; 0.0000
0.1284; 0.0826; 0.0000; 0.0000; 0.0000; 0.2385; 0.0367; 0.5138; 0.0000
Bootstrap 17
Run TT with 181 training and 91 tests
Run CD with 299 training and 150 tests
Run FKW with 125 training and 63 tests
Run KW with 146 training and 74 tests
Run LPLT with 64 training and 33 tests
Run RD with 226 training and 113 tests
Run WBD with 7 training and 4 tests
Run WSD with 218 training and 109 tests
Confusion Matrix 18.0
0.6813; 0.1538; 0.0110; 0.0000; 0.0000; 0.0549; 0.0110; 0.0879; 0.0000
0.1133; 0.3533; 0.0200; 0.0000; 0.0000; 0.2467; 0.1400; 0.1267; 0.0000
0.0000; 0.0476; 0.9365; 0.0000; 0.0159; 0.0000; 0.0000; 0.0000; 0.0000
0.0000; 0.0000; 0.1892; 0.5135; 0.2838; 0.0000; 0.0135; 0.0000; 0.0000
0.0000; 0.0000; 0.0909; 0.1818; 0.7273; 0.0000; 0.0000; 0.0000; 0.0000
0.0442; 0.0885; 0.0000; 0.0000; 0.0000; 0.6018; 0.0177; 0.2478; 0.0000
0.0000; 0.2500; 0.0000; 0.0000; 0.0000; 0.0000; 0.7500; 0.0000; 0.0000
0.1009; 0.0826; 0.0000; 0.0000; 0.0000; 0.2569; 0.0642; 0.4954; 0.0000
Bootstrap 18
Run TT with 181 training and 91 tests
Run CD with 299 training and 150 tests
Run FKW with 125 training and 63 tests
Run KW with 146 training and 74 tests
Run LPLT with 64 training and 33 tests
Run RD with 226 training and 113 tests
Run WBD with 7 training and 4 tests
Run WSD with 218 training and 109 tests
Confusion Matrix 19.0
0.6813; 0.0769; 0.0110; 0.0000; 0.0110; 0.1319; 0.0440; 0.0440; 0.0000
0.1333; 0.3667; 0.0133; 0.0000; 0.0000; 0.2667; 0.1067; 0.1133; 0.0000
0.0000; 0.0635; 0.8413; 0.0159; 0.0794; 0.0000; 0.0000; 0.0000; 0.0000
0.0000; 0.0000; 0.0541; 0.8649; 0.0811; 0.0000; 0.0000; 0.0000; 0.0000
0.0000; 0.0000; 0.0000; 0.5758; 0.4242; 0.0000; 0.0000; 0.0000; 0.0000
0.0000; 0.0088; 0.0000; 0.0000; 0.0000; 0.5929; 0.0265; 0.3717; 0.0000
0.0000; 0.2500; 0.0000; 0.0000; 0.0000; 0.0000; 0.7500; 0.0000; 0.0000
0.0826; 0.0459; 0.0000; 0.0000; 0.0000; 0.1927; 0.0550; 0.6239; 0.0000
Bootstrap 19
Run TT with 181 training and 91 tests
Run CD with 299 training and 150 tests
Run FKW with 125 training and 63 tests
Run KW with 146 training and 74 tests
Run LPLT with 64 training and 33 tests
Run RD with 226 training and 113 tests
Run WBD with 7 training and 4 tests
Run WSD with 218 training and 109 tests
Confusion Matrix 20.0
0.7033; 0.0769; 0.0220; 0.0000; 0.0000; 0.0330; 0.0440; 0.1209; 0.0000
0.0533; 0.5800; 0.0067; 0.0000; 0.0000; 0.1600; 0.1933; 0.0067; 0.0000
0.0000; 0.0000; 0.9206; 0.0317; 0.0159; 0.0317; 0.0000; 0.0000; 0.0000
0.0000; 0.0000; 0.0135; 0.8784; 0.1081; 0.0000; 0.0000; 0.0000; 0.0000
0.0000; 0.0000; 0.0303; 0.4242; 0.5455; 0.0000; 0.0000; 0.0000; 0.0000
0.0000; 0.0531; 0.0000; 0.0000; 0.0000; 0.6283; 0.0000; 0.3186; 0.0000
0.0000; 0.5000; 0.0000; 0.0000; 0.0000; 0.0000; 0.2500; 0.2500; 0.0000
0.0917; 0.1101; 0.0000; 0.0000; 0.0000; 0.2018; 0.0275; 0.5688; 0.0000
Bootstrap 20
Run TT with 181 training and 91 tests
Run CD with 299 training and 150 tests
Run FKW with 125 training and 63 tests
Run KW with 146 training and 74 tests
Run LPLT with 64 training and 33 tests
Run RD with 226 training and 113 tests
Run WBD with 7 training and 4 tests
Run WSD with 218 training and 109 tests
Confusion Matrix 21.0
0.4066; 0.2637; 0.0659; 0.0000; 0.0000; 0.0879; 0.1319; 0.0440; 0.0000
0.1467; 0.3733; 0.0133; 0.0000; 0.0000; 0.2733; 0.0867; 0.1067; 0.0000
0.0159; 0.0000; 0.9206; 0.0000; 0.0317; 0.0159; 0.0159; 0.0000; 0.0000
0.0000; 0.0000; 0.0270; 0.7162; 0.2568; 0.0000; 0.0000; 0.0000; 0.0000
0.0000; 0.0000; 0.1212; 0.1515; 0.6970; 0.0000; 0.0303; 0.0000; 0.0000
0.0885; 0.2035; 0.0177; 0.0088; 0.0354; 0.3274; 0.0796; 0.2389; 0.0000
0.0000; 0.5000; 0.0000; 0.0000; 0.0000; 0.0000; 0.5000; 0.0000; 0.0000
0.0826; 0.0550; 0.0092; 0.0000; 0.0000; 0.3303; 0.0183; 0.5046; 0.0000
Bootstrap 21
Run TT with 181 training and 91 tests
Run CD with 299 training and 150 tests
Run FKW with 125 training and 63 tests
Run KW with 146 training and 74 tests
Run LPLT with 64 training and 33 tests
Run RD with 226 training and 113 tests
Run WBD with 7 training and 4 tests
Run WSD with 218 training and 109 tests
Confusion Matrix 22.0
0.8681; 0.0330; 0.0000; 0.0000; 0.0000; 0.0220; 0.0000; 0.0769; 0.0000
0.0733; 0.4333; 0.0067; 0.0000; 0.0000; 0.1933; 0.2000; 0.0933; 0.0000
0.0000; 0.0476; 0.9365; 0.0000; 0.0159; 0.0000; 0.0000; 0.0000; 0.0000
0.0000; 0.0000; 0.0405; 0.7297; 0.2027; 0.0000; 0.0270; 0.0000; 0.0000
0.0000; 0.0000; 0.0303; 0.3333; 0.6364; 0.0000; 0.0000; 0.0000; 0.0000
0.0088; 0.0354; 0.0000; 0.0000; 0.0000; 0.6106; 0.0177; 0.3274; 0.0000
0.0000; 0.2500; 0.0000; 0.0000; 0.0000; 0.0000; 0.7500; 0.0000; 0.0000
0.0826; 0.0367; 0.0092; 0.0000; 0.0092; 0.2110; 0.0459; 0.6055; 0.0000
Bootstrap 22
Run TT with 181 training and 91 tests
Run CD with 299 training and 150 tests
Run FKW with 125 training and 63 tests
Run KW with 146 training and 74 tests
Run LPLT with 64 training and 33 tests
Run RD with 226 training and 113 tests
Run WBD with 7 training and 4 tests
Run WSD with 218 training and 109 tests
Confusion Matrix 23.0
0.7692; 0.0549; 0.0220; 0.0000; 0.0110; 0.0110; 0.0549; 0.0769; 0.0000
0.1267; 0.3867; 0.0067; 0.0000; 0.0000; 0.1333; 0.2667; 0.0800; 0.0000
0.0000; 0.0317; 0.9206; 0.0317; 0.0000; 0.0000; 0.0159; 0.0000; 0.0000
0.0000; 0.0000; 0.0270; 0.8784; 0.0946; 0.0000; 0.0000; 0.0000; 0.0000
0.0000; 0.0000; 0.0000; 0.3333; 0.6667; 0.0000; 0.0000; 0.0000; 0.0000
0.1593; 0.1327; 0.0088; 0.0000; 0.0442; 0.4425; 0.0708; 0.1416; 0.0000
0.0000; 0.5000; 0.0000; 0.0000; 0.0000; 0.0000; 0.5000; 0.0000; 0.0000
0.1009; 0.0367; 0.0183; 0.0092; 0.0000; 0.3028; 0.0183; 0.5138; 0.0000
Bootstrap 23
Run TT with 181 training and 91 tests
Run CD with 299 training and 150 tests
Run FKW with 125 training and 63 tests
Run KW with 146 training and 74 tests
Run LPLT with 64 training and 33 tests
Run RD with 226 training and 113 tests
Run WBD with 7 training and 4 tests
Run WSD with 218 training and 109 tests
Confusion Matrix 24.0
0.8242; 0.0220; 0.0330; 0.0000; 0.0110; 0.0440; 0.0220; 0.0440; 0.0000
0.0533; 0.4800; 0.0000; 0.0000; 0.0000; 0.1467; 0.2933; 0.0267; 0.0000
0.0000; 0.0000; 0.9048; 0.0159; 0.0635; 0.0159; 0.0000; 0.0000; 0.0000
0.0000; 0.0000; 0.0270; 0.7568; 0.1757; 0.0000; 0.0405; 0.0000; 0.0000
0.0000; 0.0000; 0.0000; 0.2727; 0.7273; 0.0000; 0.0000; 0.0000; 0.0000
0.0265; 0.0796; 0.0000; 0.0000; 0.0000; 0.6549; 0.0088; 0.2301; 0.0000
0.0000; 0.0000; 0.0000; 0.0000; 0.0000; 0.0000; 1.0000; 0.0000; 0.0000
0.0826; 0.0459; 0.0000; 0.0000; 0.0000; 0.2936; 0.0275; 0.5505; 0.0000
Bootstrap 24
Run TT with 181 training and 91 tests
Run CD with 299 training and 150 tests
Run FKW with 125 training and 63 tests
Run KW with 146 training and 74 tests
Run LPLT with 64 training and 33 tests
Run RD with 226 training and 113 tests
Run WBD with 7 training and 4 tests
Run WSD with 218 training and 109 tests
Confusion Matrix 25.0
0.4615; 0.3077; 0.0549; 0.0000; 0.0000; 0.0440; 0.0330; 0.0989; 0.0000
0.0533; 0.6467; 0.0133; 0.0000; 0.0000; 0.1067; 0.1333; 0.0467; 0.0000
0.0159; 0.0317; 0.9206; 0.0317; 0.0000; 0.0000; 0.0000; 0.0000; 0.0000
0.0000; 0.0000; 0.0270; 0.7703; 0.1892; 0.0000; 0.0135; 0.0000; 0.0000
0.0000; 0.0000; 0.0000; 0.3333; 0.6667; 0.0000; 0.0000; 0.0000; 0.0000
0.1062; 0.2301; 0.0000; 0.0000; 0.0442; 0.3097; 0.0885; 0.2212; 0.0000
0.0000; 1.0000; 0.0000; 0.0000; 0.0000; 0.0000; 0.0000; 0.0000; 0.0000
0.1009; 0.1101; 0.0000; 0.0000; 0.0000; 0.3394; 0.0550; 0.3945; 0.0000
Bootstrap 25
Run TT with 181 training and 91 tests
Run CD with 299 training and 150 tests
Run FKW with 125 training and 63 tests
Run KW with 146 training and 74 tests
Run LPLT with 64 training and 33 tests
Run RD with 226 training and 113 tests
Run WBD with 7 training and 4 tests
Run WSD with 218 training and 109 tests
Confusion Matrix 26.0
0.3297; 0.3516; 0.0769; 0.0000; 0.0000; 0.0879; 0.0769; 0.0769; 0.0000
0.0333; 0.5067; 0.0133; 0.0000; 0.0000; 0.0933; 0.3200; 0.0333; 0.0000
0.0000; 0.0159; 0.9365; 0.0000; 0.0317; 0.0000; 0.0159; 0.0000; 0.0000
0.0000; 0.0000; 0.0135; 0.8108; 0.1486; 0.0000; 0.0270; 0.0000; 0.0000
0.0000; 0.0000; 0.1515; 0.1515; 0.6970; 0.0000; 0.0000; 0.0000; 0.0000
0.0885; 0.1858; 0.0177; 0.0000; 0.0354; 0.3805; 0.0708; 0.2212; 0.0000
0.0000; 0.5000; 0.0000; 0.0000; 0.0000; 0.0000; 0.5000; 0.0000; 0.0000
0.1009; 0.0917; 0.0000; 0.0000; 0.0092; 0.3211; 0.0459; 0.4312; 0.0000
Bootstrap 26
Run TT with 181 training and 91 tests
Run CD with 299 training and 150 tests
Run FKW with 125 training and 63 tests
Run KW with 146 training and 74 tests
Run LPLT with 64 training and 33 tests
Run RD with 226 training and 113 tests
Run WBD with 7 training and 4 tests
Run WSD with 218 training and 109 tests
Confusion Matrix 27.0
0.3846; 0.3297; 0.0549; 0.0000; 0.0000; 0.0879; 0.0879; 0.0549; 0.0000
0.0400; 0.6200; 0.0067; 0.0000; 0.0000; 0.1000; 0.2333; 0.0000; 0.0000
0.0159; 0.0317; 0.9206; 0.0159; 0.0159; 0.0000; 0.0000; 0.0000; 0.0000
0.0000; 0.0000; 0.1486; 0.6351; 0.2027; 0.0000; 0.0135; 0.0000; 0.0000
0.0000; 0.0000; 0.1515; 0.1818; 0.6364; 0.0000; 0.0303; 0.0000; 0.0000
0.0796; 0.2035; 0.0000; 0.0000; 0.0000; 0.3540; 0.0442; 0.3186; 0.0000
0.0000; 0.7500; 0.0000; 0.0000; 0.0000; 0.0000; 0.2500; 0.0000; 0.0000
0.1009; 0.0734; 0.0183; 0.0000; 0.0092; 0.3119; 0.0275; 0.4587; 0.0000
Bootstrap 27
Run TT with 181 training and 91 tests
Run CD with 299 training and 150 tests
Run FKW with 125 training and 63 tests
Run KW with 146 training and 74 tests
Run LPLT with 64 training and 33 tests
Run RD with 226 training and 113 tests
Run WBD with 7 training and 4 tests
Run WSD with 218 training and 109 tests
Confusion Matrix 28.0
0.6703; 0.1648; 0.0110; 0.0000; 0.0000; 0.0659; 0.0440; 0.0440; 0.0000
0.0400; 0.5400; 0.0000; 0.0000; 0.0000; 0.1533; 0.2533; 0.0133; 0.0000
0.0000; 0.0159; 0.9048; 0.0000; 0.0317; 0.0000; 0.0476; 0.0000; 0.0000
0.0000; 0.0000; 0.1351; 0.5946; 0.2703; 0.0000; 0.0000; 0.0000; 0.0000
0.0000; 0.0000; 0.0909; 0.2424; 0.6364; 0.0000; 0.0303; 0.0000; 0.0000
0.0265; 0.1062; 0.0000; 0.0000; 0.0000; 0.5575; 0.0000; 0.3097; 0.0000
0.0000; 0.2500; 0.0000; 0.0000; 0.0000; 0.2500; 0.5000; 0.0000; 0.0000
0.0917; 0.0734; 0.0000; 0.0000; 0.0000; 0.2936; 0.0183; 0.5229; 0.0000
Bootstrap 28
Run TT with 181 training and 91 tests
Run CD with 299 training and 150 tests
Run FKW with 125 training and 63 tests
Run KW with 146 training and 74 tests
Run LPLT with 64 training and 33 tests
Run RD with 226 training and 113 tests
Run WBD with 7 training and 4 tests
Run WSD with 218 training and 109 tests
Confusion Matrix 29.0
0.5824; 0.1758; 0.0440; 0.0000; 0.0000; 0.0440; 0.0549; 0.0989; 0.0000
0.1000; 0.4133; 0.0133; 0.0000; 0.0000; 0.2400; 0.1200; 0.1133; 0.0000
0.0000; 0.0000; 0.9524; 0.0317; 0.0159; 0.0000; 0.0000; 0.0000; 0.0000
0.0000; 0.0000; 0.0405; 0.7568; 0.2027; 0.0000; 0.0000; 0.0000; 0.0000
0.0000; 0.0000; 0.0000; 0.6667; 0.3333; 0.0000; 0.0000; 0.0000; 0.0000
0.0973; 0.1327; 0.0177; 0.0000; 0.0531; 0.4513; 0.1239; 0.1239; 0.0000
0.0000; 0.2500; 0.0000; 0.0000; 0.0000; 0.0000; 0.7500; 0.0000; 0.0000
0.0826; 0.0826; 0.0183; 0.0000; 0.0000; 0.3211; 0.0642; 0.4312; 0.0000
Bootstrap 29
Run TT with 181 training and 91 tests
Run CD with 299 training and 150 tests
Run FKW with 125 training and 63 tests
Run KW with 146 training and 74 tests
Run LPLT with 64 training and 33 tests
Run RD with 226 training and 113 tests
Run WBD with 7 training and 4 tests
Run WSD with 218 training and 109 tests
Confusion Matrix 30.0
0.3846; 0.3077; 0.0330; 0.0000; 0.0000; 0.0659; 0.1099; 0.0989; 0.0000
0.1000; 0.3933; 0.0067; 0.0000; 0.0000; 0.3000; 0.0600; 0.1400; 0.0000
0.0000; 0.0317; 0.8730; 0.0159; 0.0794; 0.0000; 0.0000; 0.0000; 0.0000
0.0000; 0.0000; 0.1622; 0.6486; 0.1351; 0.0000; 0.0541; 0.0000; 0.0000
0.0000; 0.0000; 0.0303; 0.4848; 0.4848; 0.0000; 0.0000; 0.0000; 0.0000
0.0088; 0.0265; 0.0000; 0.0000; 0.0000; 0.4867; 0.0000; 0.4779; 0.0000
0.0000; 0.7500; 0.0000; 0.0000; 0.0000; 0.2500; 0.0000; 0.0000; 0.0000
0.0917; 0.0826; 0.0092; 0.0000; 0.0000; 0.2477; 0.0183; 0.5505; 0.0000
Mean confusion
0.6462; 0.1447; 0.0348; 0.0004; 0.0033; 0.0502; 0.0491; 0.0714; 0.0000
0.0778; 0.4773; 0.0080; 0.0000; 0.0000; 0.1627; 0.2140; 0.0602; 0.0000
0.0032; 0.0196; 0.8984; 0.0122; 0.0466; 0.0048; 0.0153; 0.0000; 0.0000
0.0000; 0.0000; 0.0640; 0.7396; 0.1748; 0.0000; 0.0216; 0.0000; 0.0000
0.0000; 0.0000; 0.0505; 0.3111; 0.6222; 0.0000; 0.0162; 0.0000; 0.0000
0.0513; 0.1139; 0.0050; 0.0009; 0.0156; 0.4935; 0.0357; 0.2841; 0.0000
0.0000; 0.3750; 0.0000; 0.0000; 0.0000; 0.0917; 0.4917; 0.0417; 0.0000
0.0963; 0.0709; 0.0034; 0.0003; 0.0021; 0.2859; 0.0382; 0.5028; 0.0000
STD Confusion
0.1955; 0.1258; 0.0202; 0.0020; 0.0059; 0.0318; 0.0400; 0.0301; 0.0000
0.0413; 0.0826; 0.0054; 0.0000; 0.0000; 0.0613; 0.0836; 0.0403; 0.0000
0.0077; 0.0190; 0.0401; 0.0160; 0.0323; 0.0095; 0.0153; 0.0000; 0.0000
0.0000; 0.0000; 0.0536; 0.0985; 0.0655; 0.0000; 0.0209; 0.0000; 0.0000
0.0000; 0.0000; 0.0536; 0.2107; 0.1684; 0.0000; 0.0206; 0.0000; 0.0000
0.0422; 0.0701; 0.0086; 0.0027; 0.0215; 0.1060; 0.0352; 0.0848; 0.0000
0.0000; 0.2606; 0.0000; 0.0000; 0.0000; 0.1225; 0.2971; 0.0948; 0.0000
0.0129; 0.0235; 0.0061; 0.0017; 0.0039; 0.0518; 0.0205; 0.0537; 0.0000
Lower 95% CI
0.3077; 0.0000; 0.0000; 0.0000; 0.0000; 0.0000; 0.0000; 0.0110; 0.0000
0.0133; 0.3533; 0.0000; 0.0000; 0.0000; 0.0800; 0.0600; 0.0000; 0.0000
0.0000; 0.0000; 0.8095; 0.0000; 0.0000; 0.0000; 0.0000; 0.0000; 0.0000
0.0000; 0.0000; 0.0135; 0.5135; 0.0811; 0.0000; 0.0000; 0.0000; 0.0000
0.0000; 0.0000; 0.0000; 0.0303; 0.2727; 0.0000; 0.0000; 0.0000; 0.0000
0.0000; 0.0088; 0.0000; 0.0000; 0.0000; 0.3097; 0.0000; 0.1239; 0.0000
0.0000; 0.0000; 0.0000; 0.0000; 0.0000; 0.0000; 0.0000; 0.0000; 0.0000
0.0826; 0.0367; 0.0000; 0.0000; 0.0000; 0.1835; 0.0000; 0.3945; 0.0000
Upper 95% CI
0.8791; 0.3516; 0.0769; 0.0110; 0.0220; 0.1319; 0.1538; 0.1209; 0.0000
0.1800; 0.6467; 0.0200; 0.0000; 0.0000; 0.3000; 0.3467; 0.1400; 0.0000
0.0317; 0.0635; 0.9683; 0.0635; 0.1111; 0.0317; 0.0476; 0.0000; 0.0000
0.0000; 0.0000; 0.1892; 0.8784; 0.3108; 0.0000; 0.0676; 0.0000; 0.0000
0.0000; 0.0000; 0.1818; 0.7273; 0.8788; 0.0000; 0.0606; 0.0000; 0.0000
0.1593; 0.2743; 0.0265; 0.0088; 0.0531; 0.6637; 0.1239; 0.4779; 0.0000
0.0000; 1.0000; 0.0000; 0.0000; 0.0000; 0.2500; 1.0000; 0.2500; 0.0000
0.1284; 0.1284; 0.0183; 0.0092; 0.0092; 0.3945; 0.0917; 0.6239; 0.0000
Run TT with 272 training and 0 tests
Run CD with 449 training and 0 tests
Run FKW with 188 training and 0 tests
Run KW with 220 training and 0 tests
Run LPLT with 97 training and 0 tests
Run RD with 339 training and 0 tests
Run WBD with 11 training and 0 tests
Run WSD with 327 training and 0 tests