Total Bootstraps 30
Num Species 8
FragmentLength 26; Section Length 30
TT; CD; FKW; KW; LPLT; RD; WBD; WSD
Bootstrap 0
Run TT with 206 training and 103 tests
Run CD with 339 training and 170 tests
Run FKW with 138 training and 70 tests
Run KW with 168 training and 84 tests
Run LPLT with 74 training and 37 tests
Run RD with 261 training and 131 tests
Run WBD with 8 training and 5 tests
Run WSD with 250 training and 126 tests
Confusion Matrix 1.0
0.3981; 0.2524; 0.0388; 0.0000; 0.0291; 0.0874; 0.0777; 0.1165; 0.0000
0.0353; 0.4353; 0.0118; 0.0000; 0.0000; 0.1706; 0.3059; 0.0412; 0.0000
0.0000; 0.0000; 0.8857; 0.0000; 0.0143; 0.0000; 0.0857; 0.0143; 0.0000
0.0000; 0.0000; 0.0952; 0.5833; 0.2976; 0.0000; 0.0238; 0.0000; 0.0000
0.0000; 0.0000; 0.1351; 0.1351; 0.7027; 0.0000; 0.0270; 0.0000; 0.0000
0.0000; 0.0458; 0.0000; 0.0000; 0.0000; 0.6183; 0.0076; 0.3282; 0.0000
0.0000; 0.2000; 0.0000; 0.0000; 0.0000; 0.2000; 0.6000; 0.0000; 0.0000
0.1270; 0.1190; 0.0000; 0.0000; 0.0000; 0.2381; 0.0635; 0.4524; 0.0000
Bootstrap 1
Run TT with 206 training and 103 tests
Run CD with 339 training and 170 tests
Run FKW with 138 training and 70 tests
Run KW with 168 training and 84 tests
Run LPLT with 74 training and 37 tests
Run RD with 261 training and 131 tests
Run WBD with 8 training and 5 tests
Run WSD with 250 training and 126 tests
Confusion Matrix 2.0
0.8252; 0.0388; 0.0000; 0.0000; 0.0000; 0.0485; 0.0097; 0.0777; 0.0000
0.1765; 0.2941; 0.0118; 0.0000; 0.0000; 0.2588; 0.1353; 0.1235; 0.0000
0.0000; 0.0857; 0.8857; 0.0143; 0.0143; 0.0000; 0.0000; 0.0000; 0.0000
0.0000; 0.0119; 0.0476; 0.7143; 0.2143; 0.0000; 0.0119; 0.0000; 0.0000
0.0000; 0.0000; 0.1351; 0.1351; 0.7027; 0.0000; 0.0270; 0.0000; 0.0000
0.0153; 0.0229; 0.0000; 0.0000; 0.0000; 0.5267; 0.0153; 0.4198; 0.0000
0.0000; 0.0000; 0.0000; 0.0000; 0.0000; 0.0000; 1.0000; 0.0000; 0.0000
0.0952; 0.0635; 0.0000; 0.0000; 0.0000; 0.1905; 0.0556; 0.5952; 0.0000
Bootstrap 2
Run TT with 206 training and 103 tests
Run CD with 339 training and 170 tests
Run FKW with 138 training and 70 tests
Run KW with 168 training and 84 tests
Run LPLT with 74 training and 37 tests
Run RD with 261 training and 131 tests
Run WBD with 8 training and 5 tests
Run WSD with 250 training and 126 tests
Confusion Matrix 3.0
0.8738; 0.0000; 0.0194; 0.0000; 0.0097; 0.0291; 0.0194; 0.0485; 0.0000
0.1941; 0.3235; 0.0118; 0.0000; 0.0000; 0.2824; 0.0882; 0.1000; 0.0000
0.0000; 0.0286; 0.8286; 0.0000; 0.0571; 0.0000; 0.0714; 0.0143; 0.0000
0.0000; 0.0000; 0.0119; 0.8095; 0.1429; 0.0000; 0.0357; 0.0000; 0.0000
0.0000; 0.0000; 0.0270; 0.3243; 0.6486; 0.0000; 0.0000; 0.0000; 0.0000
0.0458; 0.0534; 0.0000; 0.0000; 0.0000; 0.5878; 0.0076; 0.3053; 0.0000
0.0000; 0.2000; 0.0000; 0.0000; 0.0000; 0.2000; 0.6000; 0.0000; 0.0000
0.1429; 0.0476; 0.0000; 0.0000; 0.0000; 0.2937; 0.0556; 0.4603; 0.0000
Bootstrap 3
Run TT with 206 training and 103 tests
Run CD with 339 training and 170 tests
Run FKW with 138 training and 70 tests
Run KW with 168 training and 84 tests
Run LPLT with 74 training and 37 tests
Run RD with 261 training and 131 tests
Run WBD with 8 training and 5 tests
Run WSD with 250 training and 126 tests
Confusion Matrix 4.0
0.4466; 0.2136; 0.0680; 0.0000; 0.0291; 0.0485; 0.0777; 0.1165; 0.0000
0.0824; 0.4294; 0.0294; 0.0000; 0.0000; 0.1706; 0.2000; 0.0882; 0.0000
0.0000; 0.0000; 0.8714; 0.0286; 0.0714; 0.0286; 0.0000; 0.0000; 0.0000
0.0000; 0.0000; 0.0357; 0.8333; 0.1071; 0.0000; 0.0238; 0.0000; 0.0000
0.0000; 0.0000; 0.0541; 0.3784; 0.5676; 0.0000; 0.0000; 0.0000; 0.0000
0.0611; 0.0916; 0.0153; 0.0076; 0.0458; 0.4962; 0.0534; 0.2290; 0.0000
0.0000; 0.0000; 0.0000; 0.0000; 0.0000; 0.4000; 0.6000; 0.0000; 0.0000
0.0794; 0.0635; 0.0000; 0.0000; 0.0000; 0.2937; 0.0635; 0.5000; 0.0000
Bootstrap 4
Run TT with 206 training and 103 tests
Run CD with 339 training and 170 tests
Run FKW with 138 training and 70 tests
Run KW with 168 training and 84 tests
Run LPLT with 74 training and 37 tests
Run RD with 261 training and 131 tests
Run WBD with 8 training and 5 tests
Run WSD with 250 training and 126 tests
Confusion Matrix 5.0
0.6117; 0.1456; 0.0291; 0.0000; 0.0194; 0.0194; 0.0777; 0.0971; 0.0000
0.0588; 0.4176; 0.0176; 0.0000; 0.0000; 0.0824; 0.3824; 0.0412; 0.0000
0.0000; 0.0286; 0.9000; 0.0286; 0.0429; 0.0000; 0.0000; 0.0000; 0.0000
0.0000; 0.0000; 0.0476; 0.6548; 0.2857; 0.0000; 0.0119; 0.0000; 0.0000
0.0000; 0.0000; 0.0000; 0.1892; 0.8108; 0.0000; 0.0000; 0.0000; 0.0000
0.1145; 0.1679; 0.0305; 0.0076; 0.0153; 0.3969; 0.0992; 0.1679; 0.0000
0.0000; 0.2000; 0.0000; 0.0000; 0.0000; 0.0000; 0.8000; 0.0000; 0.0000
0.0476; 0.0635; 0.0000; 0.0000; 0.0159; 0.3175; 0.0556; 0.5000; 0.0000
Bootstrap 5
Run TT with 206 training and 103 tests
Run CD with 339 training and 170 tests
Run FKW with 138 training and 70 tests
Run KW with 168 training and 84 tests
Run LPLT with 74 training and 37 tests
Run RD with 261 training and 131 tests
Run WBD with 8 training and 5 tests
Run WSD with 250 training and 126 tests
Confusion Matrix 6.0
0.5243; 0.1748; 0.0291; 0.0000; 0.0291; 0.0583; 0.0583; 0.1262; 0.0000
0.0471; 0.5000; 0.0059; 0.0000; 0.0000; 0.1765; 0.2588; 0.0118; 0.0000
0.0000; 0.0000; 0.8857; 0.0286; 0.0286; 0.0286; 0.0286; 0.0000; 0.0000
0.0000; 0.0000; 0.0476; 0.7619; 0.1667; 0.0000; 0.0238; 0.0000; 0.0000
0.0000; 0.0000; 0.0000; 0.5135; 0.4865; 0.0000; 0.0000; 0.0000; 0.0000
0.0229; 0.0458; 0.0000; 0.0000; 0.0000; 0.6641; 0.0000; 0.2672; 0.0000
0.0000; 0.2000; 0.0000; 0.0000; 0.0000; 0.2000; 0.4000; 0.2000; 0.0000
0.0794; 0.1032; 0.0000; 0.0000; 0.0079; 0.2381; 0.0238; 0.5476; 0.0000
Bootstrap 6
Run TT with 206 training and 103 tests
Run CD with 339 training and 170 tests
Run FKW with 138 training and 70 tests
Run KW with 168 training and 84 tests
Run LPLT with 74 training and 37 tests
Run RD with 261 training and 131 tests
Run WBD with 8 training and 5 tests
Run WSD with 250 training and 126 tests
Confusion Matrix 7.0
0.8252; 0.0194; 0.0291; 0.0000; 0.0194; 0.0583; 0.0097; 0.0388; 0.0000
0.1118; 0.4588; 0.0118; 0.0000; 0.0000; 0.1824; 0.1941; 0.0412; 0.0000
0.0000; 0.0286; 0.8571; 0.0000; 0.0714; 0.0000; 0.0429; 0.0000; 0.0000
0.0000; 0.0000; 0.0000; 0.8333; 0.1548; 0.0000; 0.0119; 0.0000; 0.0000
0.0000; 0.0000; 0.0000; 0.6757; 0.3243; 0.0000; 0.0000; 0.0000; 0.0000
0.0763; 0.0534; 0.0229; 0.0076; 0.0458; 0.4885; 0.0687; 0.2366; 0.0000
0.0000; 0.4000; 0.0000; 0.0000; 0.0000; 0.0000; 0.6000; 0.0000; 0.0000
0.0794; 0.0714; 0.0079; 0.0000; 0.0000; 0.2698; 0.0556; 0.5159; 0.0000
Bootstrap 7
Run TT with 206 training and 103 tests
Run CD with 339 training and 170 tests
Run FKW with 138 training and 70 tests
Run KW with 168 training and 84 tests
Run LPLT with 74 training and 37 tests
Run RD with 261 training and 131 tests
Run WBD with 8 training and 5 tests
Run WSD with 250 training and 126 tests
Confusion Matrix 8.0
0.8155; 0.0000; 0.0291; 0.0000; 0.0097; 0.0583; 0.0097; 0.0777; 0.0000
0.1000; 0.4118; 0.0000; 0.0000; 0.0000; 0.1765; 0.2588; 0.0529; 0.0000
0.0000; 0.0429; 0.9143; 0.0143; 0.0286; 0.0000; 0.0000; 0.0000; 0.0000
0.0000; 0.0000; 0.0357; 0.8333; 0.0952; 0.0000; 0.0357; 0.0000; 0.0000
0.0000; 0.0000; 0.0000; 0.2162; 0.7838; 0.0000; 0.0000; 0.0000; 0.0000
0.0305; 0.0458; 0.0000; 0.0000; 0.0000; 0.6260; 0.0305; 0.2672; 0.0000
0.0000; 0.0000; 0.0000; 0.0000; 0.0000; 0.2000; 0.8000; 0.0000; 0.0000
0.0714; 0.0556; 0.0000; 0.0000; 0.0000; 0.3095; 0.0476; 0.5159; 0.0000
Bootstrap 8
Run TT with 206 training and 103 tests
Run CD with 339 training and 170 tests
Run FKW with 138 training and 70 tests
Run KW with 168 training and 84 tests
Run LPLT with 74 training and 37 tests
Run RD with 261 training and 131 tests
Run WBD with 8 training and 5 tests
Run WSD with 250 training and 126 tests
Confusion Matrix 9.0
0.3883; 0.2233; 0.0388; 0.0000; 0.0194; 0.1165; 0.1068; 0.1068; 0.0000
0.0412; 0.4471; 0.0176; 0.0000; 0.0000; 0.1647; 0.3000; 0.0294; 0.0000
0.0000; 0.0143; 0.8429; 0.0286; 0.0571; 0.0571; 0.0000; 0.0000; 0.0000
0.0000; 0.0000; 0.0238; 0.7857; 0.1667; 0.0000; 0.0238; 0.0000; 0.0000
0.0000; 0.0000; 0.0000; 0.6486; 0.3514; 0.0000; 0.0000; 0.0000; 0.0000
0.0153; 0.1145; 0.0000; 0.0000; 0.0000; 0.4809; 0.0305; 0.3588; 0.0000
0.0000; 0.4000; 0.0000; 0.0000; 0.0000; 0.0000; 0.4000; 0.2000; 0.0000
0.0635; 0.0794; 0.0000; 0.0000; 0.0159; 0.2937; 0.0317; 0.5159; 0.0000
Bootstrap 9
Run TT with 206 training and 103 tests
Run CD with 339 training and 170 tests
Run FKW with 138 training and 70 tests
Run KW with 168 training and 84 tests
Run LPLT with 74 training and 37 tests
Run RD with 261 training and 131 tests
Run WBD with 8 training and 5 tests
Run WSD with 250 training and 126 tests
Confusion Matrix 10.0
0.7184; 0.0777; 0.0291; 0.0000; 0.0097; 0.0194; 0.0680; 0.0777; 0.0000
0.1176; 0.3529; 0.0176; 0.0000; 0.0000; 0.2529; 0.1000; 0.1588; 0.0000
0.0000; 0.0571; 0.8857; 0.0000; 0.0286; 0.0000; 0.0286; 0.0000; 0.0000
0.0000; 0.0000; 0.0595; 0.5833; 0.2976; 0.0000; 0.0595; 0.0000; 0.0000
0.0000; 0.0000; 0.0270; 0.2703; 0.6757; 0.0000; 0.0270; 0.0000; 0.0000
0.0000; 0.0229; 0.0000; 0.0000; 0.0000; 0.6336; 0.0000; 0.3435; 0.0000
0.0000; 0.4000; 0.0000; 0.0000; 0.0000; 0.0000; 0.4000; 0.2000; 0.0000
0.1032; 0.0635; 0.0079; 0.0000; 0.0159; 0.2222; 0.0397; 0.5476; 0.0000
Bootstrap 10
Run TT with 206 training and 103 tests
Run CD with 339 training and 170 tests
Run FKW with 138 training and 70 tests
Run KW with 168 training and 84 tests
Run LPLT with 74 training and 37 tests
Run RD with 261 training and 131 tests
Run WBD with 8 training and 5 tests
Run WSD with 250 training and 126 tests
Confusion Matrix 11.0
0.3107; 0.3010; 0.0485; 0.0000; 0.0194; 0.1262; 0.1262; 0.0680; 0.0000
0.0176; 0.3706; 0.0059; 0.0000; 0.0000; 0.1235; 0.4235; 0.0588; 0.0000
0.0000; 0.0286; 0.8286; 0.0000; 0.0857; 0.0000; 0.0571; 0.0000; 0.0000
0.0000; 0.0000; 0.0357; 0.7500; 0.1548; 0.0000; 0.0595; 0.0000; 0.0000
0.0000; 0.0000; 0.0000; 0.6757; 0.3243; 0.0000; 0.0000; 0.0000; 0.0000
0.0458; 0.2214; 0.0000; 0.0000; 0.0000; 0.4427; 0.0534; 0.2366; 0.0000
0.0000; 0.0000; 0.0000; 0.0000; 0.0000; 0.0000; 1.0000; 0.0000; 0.0000
0.0873; 0.0873; 0.0000; 0.0000; 0.0079; 0.3492; 0.0476; 0.4206; 0.0000
Bootstrap 11
Run TT with 206 training and 103 tests
Run CD with 339 training and 170 tests
Run FKW with 138 training and 70 tests
Run KW with 168 training and 84 tests
Run LPLT with 74 training and 37 tests
Run RD with 261 training and 131 tests
Run WBD with 8 training and 5 tests
Run WSD with 250 training and 126 tests
Confusion Matrix 12.0
0.5728; 0.2136; 0.0194; 0.0000; 0.0097; 0.0971; 0.0388; 0.0485; 0.0000
0.0353; 0.3588; 0.0118; 0.0000; 0.0000; 0.1588; 0.3824; 0.0529; 0.0000
0.0000; 0.0000; 0.8857; 0.0286; 0.0571; 0.0000; 0.0286; 0.0000; 0.0000
0.0000; 0.0000; 0.0833; 0.6667; 0.2262; 0.0000; 0.0238; 0.0000; 0.0000
0.0000; 0.0000; 0.0000; 0.4865; 0.5135; 0.0000; 0.0000; 0.0000; 0.0000
0.0076; 0.0611; 0.0000; 0.0000; 0.0000; 0.5878; 0.0000; 0.3435; 0.0000
0.0000; 0.2000; 0.0000; 0.0000; 0.0000; 0.0000; 0.8000; 0.0000; 0.0000
0.0635; 0.0794; 0.0079; 0.0000; 0.0000; 0.2698; 0.0794; 0.5000; 0.0000
Bootstrap 12
Run TT with 206 training and 103 tests
Run CD with 339 training and 170 tests
Run FKW with 138 training and 70 tests
Run KW with 168 training and 84 tests
Run LPLT with 74 training and 37 tests
Run RD with 261 training and 131 tests
Run WBD with 8 training and 5 tests
Run WSD with 250 training and 126 tests
Confusion Matrix 13.0
0.4175; 0.2524; 0.0583; 0.0000; 0.0000; 0.0485; 0.1068; 0.1165; 0.0000
0.1294; 0.3294; 0.0059; 0.0000; 0.0000; 0.3294; 0.1000; 0.1059; 0.0000
0.0000; 0.0000; 0.9286; 0.0000; 0.0571; 0.0000; 0.0143; 0.0000; 0.0000
0.0000; 0.0000; 0.0357; 0.8095; 0.1429; 0.0000; 0.0119; 0.0000; 0.0000
0.0000; 0.0000; 0.0270; 0.2973; 0.6757; 0.0000; 0.0000; 0.0000; 0.0000
0.0076; 0.0534; 0.0000; 0.0000; 0.0000; 0.6412; 0.0000; 0.2977; 0.0000
0.0000; 0.2000; 0.0000; 0.0000; 0.0000; 0.2000; 0.6000; 0.0000; 0.0000
0.0873; 0.0635; 0.0079; 0.0000; 0.0000; 0.2857; 0.0317; 0.5238; 0.0000
Bootstrap 13
Run TT with 206 training and 103 tests
Run CD with 339 training and 170 tests
Run FKW with 138 training and 70 tests
Run KW with 168 training and 84 tests
Run LPLT with 74 training and 37 tests
Run RD with 261 training and 131 tests
Run WBD with 8 training and 5 tests
Run WSD with 250 training and 126 tests
Confusion Matrix 14.0
0.5146; 0.2427; 0.0097; 0.0000; 0.0000; 0.0680; 0.0874; 0.0777; 0.0000
0.0765; 0.3176; 0.0059; 0.0000; 0.0000; 0.1294; 0.3824; 0.0882; 0.0000
0.0000; 0.0143; 0.9143; 0.0143; 0.0429; 0.0143; 0.0000; 0.0000; 0.0000
0.0000; 0.0000; 0.1667; 0.5595; 0.2381; 0.0000; 0.0357; 0.0000; 0.0000
0.0000; 0.0000; 0.1081; 0.1081; 0.7838; 0.0000; 0.0000; 0.0000; 0.0000
0.0153; 0.1298; 0.0000; 0.0000; 0.0000; 0.4809; 0.0153; 0.3588; 0.0000
0.0000; 0.2000; 0.0000; 0.0000; 0.0000; 0.0000; 0.8000; 0.0000; 0.0000
0.1111; 0.0714; 0.0000; 0.0000; 0.0000; 0.1984; 0.0873; 0.5317; 0.0000
Bootstrap 14
Run TT with 206 training and 103 tests
Run CD with 339 training and 170 tests
Run FKW with 138 training and 70 tests
Run KW with 168 training and 84 tests
Run LPLT with 74 training and 37 tests
Run RD with 261 training and 131 tests
Run WBD with 8 training and 5 tests
Run WSD with 250 training and 126 tests
Confusion Matrix 15.0
0.7379; 0.0583; 0.0194; 0.0000; 0.0000; 0.0194; 0.0777; 0.0874; 0.0000
0.1000; 0.3765; 0.0176; 0.0000; 0.0000; 0.1412; 0.2647; 0.1000; 0.0000
0.0000; 0.0143; 0.8857; 0.0286; 0.0429; 0.0143; 0.0000; 0.0143; 0.0000
0.0000; 0.0000; 0.0476; 0.6786; 0.2738; 0.0000; 0.0000; 0.0000; 0.0000
0.0000; 0.0000; 0.0811; 0.1081; 0.7297; 0.0000; 0.0811; 0.0000; 0.0000
0.0076; 0.0305; 0.0000; 0.0000; 0.0000; 0.5420; 0.0153; 0.4046; 0.0000
0.0000; 0.0000; 0.0000; 0.0000; 0.0000; 0.2000; 0.8000; 0.0000; 0.0000
0.0714; 0.0714; 0.0000; 0.0000; 0.0000; 0.2778; 0.0476; 0.5317; 0.0000
Bootstrap 15
Run TT with 206 training and 103 tests
Run CD with 339 training and 170 tests
Run FKW with 138 training and 70 tests
Run KW with 168 training and 84 tests
Run LPLT with 74 training and 37 tests
Run RD with 261 training and 131 tests
Run WBD with 8 training and 5 tests
Run WSD with 250 training and 126 tests
Confusion Matrix 16.0
0.8155; 0.0097; 0.0388; 0.0000; 0.0097; 0.0485; 0.0097; 0.0680; 0.0000
0.1294; 0.3882; 0.0294; 0.0000; 0.0000; 0.1471; 0.2176; 0.0882; 0.0000
0.0000; 0.0000; 0.8429; 0.0286; 0.0857; 0.0286; 0.0143; 0.0000; 0.0000
0.0000; 0.0000; 0.0238; 0.9048; 0.0595; 0.0000; 0.0119; 0.0000; 0.0000
0.0000; 0.0000; 0.0270; 0.6757; 0.2973; 0.0000; 0.0000; 0.0000; 0.0000
0.0611; 0.1527; 0.0000; 0.0000; 0.0000; 0.4427; 0.0229; 0.3206; 0.0000
0.0000; 0.0000; 0.0000; 0.0000; 0.0000; 0.2000; 0.8000; 0.0000; 0.0000
0.1111; 0.0714; 0.0000; 0.0000; 0.0000; 0.1825; 0.0635; 0.5714; 0.0000
Bootstrap 16
Run TT with 206 training and 103 tests
Run CD with 339 training and 170 tests
Run FKW with 138 training and 70 tests
Run KW with 168 training and 84 tests
Run LPLT with 74 training and 37 tests
Run RD with 261 training and 131 tests
Run WBD with 8 training and 5 tests
Run WSD with 250 training and 126 tests
Confusion Matrix 17.0
0.6408; 0.1359; 0.0000; 0.0000; 0.0097; 0.0680; 0.0485; 0.0971; 0.0000
0.0471; 0.4471; 0.0000; 0.0000; 0.0000; 0.1176; 0.3588; 0.0294; 0.0000
0.0000; 0.0429; 0.8857; 0.0429; 0.0143; 0.0000; 0.0143; 0.0000; 0.0000
0.0000; 0.0000; 0.0238; 0.7619; 0.2143; 0.0000; 0.0000; 0.0000; 0.0000
0.0000; 0.0000; 0.0000; 0.7568; 0.2432; 0.0000; 0.0000; 0.0000; 0.0000
0.1221; 0.2290; 0.0076; 0.0153; 0.0458; 0.3511; 0.0687; 0.1603; 0.0000
0.0000; 0.0000; 0.0000; 0.0000; 0.0000; 0.0000; 1.0000; 0.0000; 0.0000
0.1032; 0.0714; 0.0079; 0.0000; 0.0079; 0.3413; 0.0159; 0.4524; 0.0000
Bootstrap 17
Run TT with 206 training and 103 tests
Run CD with 339 training and 170 tests
Run FKW with 138 training and 70 tests
Run KW with 168 training and 84 tests
Run LPLT with 74 training and 37 tests
Run RD with 261 training and 131 tests
Run WBD with 8 training and 5 tests
Run WSD with 250 training and 126 tests
Confusion Matrix 18.0
0.6699; 0.0485; 0.0194; 0.0000; 0.0194; 0.0777; 0.0388; 0.1262; 0.0000
0.1118; 0.4588; 0.0000; 0.0000; 0.0000; 0.1529; 0.1706; 0.1059; 0.0000
0.0000; 0.0000; 0.9143; 0.0000; 0.0286; 0.0286; 0.0286; 0.0000; 0.0000
0.0000; 0.0000; 0.0238; 0.6786; 0.2857; 0.0000; 0.0119; 0.0000; 0.0000
0.0000; 0.0000; 0.0270; 0.3243; 0.6486; 0.0000; 0.0000; 0.0000; 0.0000
0.0000; 0.0763; 0.0000; 0.0000; 0.0000; 0.5267; 0.0076; 0.3893; 0.0000
0.0000; 0.6000; 0.0000; 0.0000; 0.0000; 0.0000; 0.4000; 0.0000; 0.0000
0.1111; 0.0794; 0.0079; 0.0079; 0.0000; 0.1905; 0.0397; 0.5635; 0.0000
Bootstrap 18
Run TT with 206 training and 103 tests
Run CD with 339 training and 170 tests
Run FKW with 138 training and 70 tests
Run KW with 168 training and 84 tests
Run LPLT with 74 training and 37 tests
Run RD with 261 training and 131 tests
Run WBD with 8 training and 5 tests
Run WSD with 250 training and 126 tests
Confusion Matrix 19.0
0.7282; 0.0680; 0.0097; 0.0000; 0.0097; 0.0194; 0.0388; 0.1262; 0.0000
0.1353; 0.3353; 0.0059; 0.0000; 0.0000; 0.2647; 0.1647; 0.0941; 0.0000
0.0000; 0.0571; 0.9286; 0.0000; 0.0143; 0.0000; 0.0000; 0.0000; 0.0000
0.0000; 0.0000; 0.0833; 0.6548; 0.2143; 0.0000; 0.0476; 0.0000; 0.0000
0.0000; 0.0000; 0.0270; 0.2162; 0.7297; 0.0000; 0.0270; 0.0000; 0.0000
0.0229; 0.0305; 0.0000; 0.0000; 0.0000; 0.5344; 0.0153; 0.3969; 0.0000
0.0000; 0.0000; 0.0000; 0.0000; 0.0000; 0.0000; 1.0000; 0.0000; 0.0000
0.1032; 0.0556; 0.0000; 0.0000; 0.0000; 0.2619; 0.0317; 0.5476; 0.0000
Bootstrap 19
Run TT with 206 training and 103 tests
Run CD with 339 training and 170 tests
Run FKW with 138 training and 70 tests
Run KW with 168 training and 84 tests
Run LPLT with 74 training and 37 tests
Run RD with 261 training and 131 tests
Run WBD with 8 training and 5 tests
Run WSD with 250 training and 126 tests
Confusion Matrix 20.0
0.3107; 0.2718; 0.0485; 0.0097; 0.0097; 0.1553; 0.1165; 0.0777; 0.0000
0.0588; 0.3941; 0.0118; 0.0000; 0.0000; 0.1471; 0.3294; 0.0588; 0.0000
0.0000; 0.0000; 0.8857; 0.0429; 0.0286; 0.0143; 0.0286; 0.0000; 0.0000
0.0000; 0.0000; 0.0000; 0.7500; 0.2500; 0.0000; 0.0000; 0.0000; 0.0000
0.0000; 0.0000; 0.0541; 0.0811; 0.7838; 0.0000; 0.0811; 0.0000; 0.0000
0.0076; 0.0229; 0.0000; 0.0000; 0.0000; 0.6412; 0.0305; 0.2977; 0.0000
0.0000; 0.0000; 0.0000; 0.0000; 0.0000; 0.0000; 1.0000; 0.0000; 0.0000
0.0794; 0.1032; 0.0000; 0.0000; 0.0000; 0.2857; 0.0952; 0.4365; 0.0000
Bootstrap 20
Run TT with 206 training and 103 tests
Run CD with 339 training and 170 tests
Run FKW with 138 training and 70 tests
Run KW with 168 training and 84 tests
Run LPLT with 74 training and 37 tests
Run RD with 261 training and 131 tests
Run WBD with 8 training and 5 tests
Run WSD with 250 training and 126 tests
Confusion Matrix 21.0
0.8155; 0.0388; 0.0583; 0.0000; 0.0000; 0.0194; 0.0000; 0.0680; 0.0000
0.1176; 0.3412; 0.0059; 0.0000; 0.0000; 0.1294; 0.3176; 0.0882; 0.0000
0.0000; 0.0000; 0.8857; 0.0143; 0.0571; 0.0286; 0.0143; 0.0000; 0.0000
0.0000; 0.0000; 0.0595; 0.6429; 0.2500; 0.0000; 0.0476; 0.0000; 0.0000
0.0000; 0.0000; 0.0000; 0.2432; 0.7568; 0.0000; 0.0000; 0.0000; 0.0000
0.0305; 0.1069; 0.0000; 0.0000; 0.0000; 0.4962; 0.0153; 0.3511; 0.0000
0.0000; 0.4000; 0.0000; 0.0000; 0.0000; 0.0000; 0.6000; 0.0000; 0.0000
0.1032; 0.0952; 0.0079; 0.0000; 0.0000; 0.2937; 0.0317; 0.4683; 0.0000
Bootstrap 21
Run TT with 206 training and 103 tests
Run CD with 339 training and 170 tests
Run FKW with 138 training and 70 tests
Run KW with 168 training and 84 tests
Run LPLT with 74 training and 37 tests
Run RD with 261 training and 131 tests
Run WBD with 8 training and 5 tests
Run WSD with 250 training and 126 tests
Confusion Matrix 22.0
0.6505; 0.0777; 0.0194; 0.0097; 0.0000; 0.0388; 0.0777; 0.1262; 0.0000
0.0765; 0.5765; 0.0235; 0.0000; 0.0000; 0.0882; 0.1941; 0.0412; 0.0000
0.0000; 0.0286; 0.9143; 0.0000; 0.0143; 0.0000; 0.0429; 0.0000; 0.0000
0.0000; 0.0000; 0.0595; 0.7500; 0.1667; 0.0000; 0.0238; 0.0000; 0.0000
0.0000; 0.0000; 0.0541; 0.0270; 0.8649; 0.0000; 0.0541; 0.0000; 0.0000
0.1298; 0.1756; 0.0153; 0.0000; 0.0458; 0.4198; 0.0916; 0.1221; 0.0000
0.0000; 0.4000; 0.0000; 0.0000; 0.0000; 0.2000; 0.2000; 0.2000; 0.0000
0.0794; 0.0952; 0.0079; 0.0000; 0.0159; 0.3333; 0.0476; 0.4206; 0.0000
Bootstrap 22
Run TT with 206 training and 103 tests
Run CD with 339 training and 170 tests
Run FKW with 138 training and 70 tests
Run KW with 168 training and 84 tests
Run LPLT with 74 training and 37 tests
Run RD with 261 training and 131 tests
Run WBD with 8 training and 5 tests
Run WSD with 250 training and 126 tests
Confusion Matrix 23.0
0.6602; 0.0971; 0.0000; 0.0000; 0.0194; 0.0874; 0.0680; 0.0680; 0.0000
0.1000; 0.4412; 0.0176; 0.0000; 0.0000; 0.1118; 0.3176; 0.0118; 0.0000
0.0000; 0.0286; 0.8286; 0.0714; 0.0714; 0.0000; 0.0000; 0.0000; 0.0000
0.0000; 0.0000; 0.0357; 0.8095; 0.1548; 0.0000; 0.0000; 0.0000; 0.0000
0.0000; 0.0000; 0.0000; 0.5946; 0.4054; 0.0000; 0.0000; 0.0000; 0.0000
0.1374; 0.1603; 0.0153; 0.0076; 0.0611; 0.4046; 0.0611; 0.1527; 0.0000
0.0000; 0.2000; 0.0000; 0.0000; 0.0000; 0.0000; 0.8000; 0.0000; 0.0000
0.0714; 0.0873; 0.0079; 0.0000; 0.0159; 0.3175; 0.0635; 0.4365; 0.0000
Bootstrap 23
Run TT with 206 training and 103 tests
Run CD with 339 training and 170 tests
Run FKW with 138 training and 70 tests
Run KW with 168 training and 84 tests
Run LPLT with 74 training and 37 tests
Run RD with 261 training and 131 tests
Run WBD with 8 training and 5 tests
Run WSD with 250 training and 126 tests
Confusion Matrix 24.0
0.7184; 0.0680; 0.0194; 0.0000; 0.0097; 0.0097; 0.0777; 0.0971; 0.0000
0.0706; 0.3941; 0.0059; 0.0000; 0.0000; 0.1353; 0.3353; 0.0588; 0.0000
0.0000; 0.0000; 0.9000; 0.0000; 0.0571; 0.0000; 0.0429; 0.0000; 0.0000
0.0000; 0.0000; 0.0119; 0.6310; 0.3095; 0.0000; 0.0476; 0.0000; 0.0000
0.0000; 0.0000; 0.1622; 0.1351; 0.6216; 0.0000; 0.0811; 0.0000; 0.0000
0.0229; 0.0153; 0.0000; 0.0000; 0.0000; 0.6107; 0.0000; 0.3511; 0.0000
0.0000; 0.4000; 0.0000; 0.0000; 0.0000; 0.0000; 0.4000; 0.2000; 0.0000
0.0556; 0.0635; 0.0000; 0.0000; 0.0000; 0.3016; 0.0238; 0.5556; 0.0000
Bootstrap 24
Run TT with 206 training and 103 tests
Run CD with 339 training and 170 tests
Run FKW with 138 training and 70 tests
Run KW with 168 training and 84 tests
Run LPLT with 74 training and 37 tests
Run RD with 261 training and 131 tests
Run WBD with 8 training and 5 tests
Run WSD with 250 training and 126 tests
Confusion Matrix 25.0
0.5049; 0.1845; 0.0680; 0.0000; 0.0194; 0.0388; 0.0971; 0.0874; 0.0000
0.0529; 0.4412; 0.0000; 0.0000; 0.0000; 0.1176; 0.3647; 0.0235; 0.0000
0.0000; 0.0286; 0.9000; 0.0286; 0.0143; 0.0000; 0.0286; 0.0000; 0.0000
0.0000; 0.0000; 0.0238; 0.6786; 0.2857; 0.0000; 0.0119; 0.0000; 0.0000
0.0000; 0.0000; 0.0000; 0.1892; 0.8108; 0.0000; 0.0000; 0.0000; 0.0000
0.0992; 0.1985; 0.0000; 0.0000; 0.0000; 0.3969; 0.0687; 0.2366; 0.0000
0.0000; 0.2000; 0.0000; 0.0000; 0.0000; 0.0000; 0.8000; 0.0000; 0.0000
0.0794; 0.0873; 0.0079; 0.0000; 0.0159; 0.2937; 0.0476; 0.4683; 0.0000
Bootstrap 25
Run TT with 206 training and 103 tests
Run CD with 339 training and 170 tests
Run FKW with 138 training and 70 tests
Run KW with 168 training and 84 tests
Run LPLT with 74 training and 37 tests
Run RD with 261 training and 131 tests
Run WBD with 8 training and 5 tests
Run WSD with 250 training and 126 tests
Confusion Matrix 26.0
0.3689; 0.3010; 0.0485; 0.0000; 0.0097; 0.1359; 0.0680; 0.0680; 0.0000
0.0824; 0.4412; 0.0176; 0.0000; 0.0000; 0.2294; 0.1118; 0.1176; 0.0000
0.0000; 0.0286; 0.9000; 0.0286; 0.0286; 0.0000; 0.0143; 0.0000; 0.0000
0.0000; 0.0000; 0.0595; 0.8095; 0.0952; 0.0000; 0.0357; 0.0000; 0.0000
0.0000; 0.0000; 0.0541; 0.3243; 0.6216; 0.0000; 0.0000; 0.0000; 0.0000
0.0763; 0.1527; 0.0000; 0.0000; 0.0076; 0.4962; 0.0916; 0.1756; 0.0000
0.0000; 0.4000; 0.0000; 0.0000; 0.0000; 0.0000; 0.6000; 0.0000; 0.0000
0.1190; 0.1190; 0.0000; 0.0000; 0.0000; 0.2698; 0.0556; 0.4365; 0.0000
Bootstrap 26
Run TT with 206 training and 103 tests
Run CD with 339 training and 170 tests
Run FKW with 138 training and 70 tests
Run KW with 168 training and 84 tests
Run LPLT with 74 training and 37 tests
Run RD with 261 training and 131 tests
Run WBD with 8 training and 5 tests
Run WSD with 250 training and 126 tests
Confusion Matrix 27.0
0.3786; 0.2621; 0.0583; 0.0000; 0.0291; 0.0291; 0.1165; 0.1262; 0.0000
0.0471; 0.4882; 0.0059; 0.0000; 0.0000; 0.1353; 0.2941; 0.0294; 0.0000
0.0000; 0.0000; 0.9000; 0.0000; 0.0857; 0.0000; 0.0143; 0.0000; 0.0000
0.0000; 0.0000; 0.0476; 0.7381; 0.1548; 0.0000; 0.0595; 0.0000; 0.0000
0.0000; 0.0000; 0.0000; 0.6486; 0.3514; 0.0000; 0.0000; 0.0000; 0.0000
0.0534; 0.0916; 0.0305; 0.0076; 0.0305; 0.4809; 0.0534; 0.2519; 0.0000
0.0000; 0.4000; 0.0000; 0.0000; 0.0000; 0.2000; 0.4000; 0.0000; 0.0000
0.0556; 0.0952; 0.0000; 0.0000; 0.0079; 0.2937; 0.0476; 0.5000; 0.0000
Bootstrap 27
Run TT with 206 training and 103 tests
Run CD with 339 training and 170 tests
Run FKW with 138 training and 70 tests
Run KW with 168 training and 84 tests
Run LPLT with 74 training and 37 tests
Run RD with 261 training and 131 tests
Run WBD with 8 training and 5 tests
Run WSD with 250 training and 126 tests
Confusion Matrix 28.0
0.6796; 0.0777; 0.0000; 0.0194; 0.0097; 0.0485; 0.0388; 0.1262; 0.0000
0.1647; 0.2412; 0.0118; 0.0000; 0.0000; 0.3412; 0.1353; 0.1059; 0.0000
0.0000; 0.0143; 0.9000; 0.0000; 0.0429; 0.0000; 0.0429; 0.0000; 0.0000
0.0000; 0.0000; 0.0119; 0.6786; 0.3095; 0.0000; 0.0000; 0.0000; 0.0000
0.0000; 0.0000; 0.1622; 0.1351; 0.6216; 0.0000; 0.0811; 0.0000; 0.0000
0.0153; 0.0534; 0.0000; 0.0000; 0.0000; 0.6718; 0.0076; 0.2519; 0.0000
0.0000; 0.2000; 0.0000; 0.0000; 0.0000; 0.0000; 0.8000; 0.0000; 0.0000
0.0873; 0.0476; 0.0079; 0.0000; 0.0000; 0.3333; 0.0397; 0.4841; 0.0000
Bootstrap 28
Run TT with 206 training and 103 tests
Run CD with 339 training and 170 tests
Run FKW with 138 training and 70 tests
Run KW with 168 training and 84 tests
Run LPLT with 74 training and 37 tests
Run RD with 261 training and 131 tests
Run WBD with 8 training and 5 tests
Run WSD with 250 training and 126 tests
Confusion Matrix 29.0
0.3689; 0.2233; 0.0388; 0.0000; 0.0291; 0.0971; 0.0874; 0.1553; 0.0000
0.0471; 0.5000; 0.0176; 0.0000; 0.0000; 0.2235; 0.1529; 0.0588; 0.0000
0.0000; 0.0000; 0.9000; 0.0143; 0.0571; 0.0143; 0.0143; 0.0000; 0.0000
0.0000; 0.0000; 0.0238; 0.6786; 0.2381; 0.0000; 0.0595; 0.0000; 0.0000
0.0000; 0.0000; 0.0541; 0.1351; 0.7838; 0.0000; 0.0270; 0.0000; 0.0000
0.0076; 0.0534; 0.0000; 0.0000; 0.0000; 0.5496; 0.0000; 0.3893; 0.0000
0.0000; 0.2000; 0.0000; 0.0000; 0.0000; 0.2000; 0.6000; 0.0000; 0.0000
0.0714; 0.0952; 0.0000; 0.0000; 0.0000; 0.2698; 0.0397; 0.5238; 0.0000
Bootstrap 29
Run TT with 206 training and 103 tests
Run CD with 339 training and 170 tests
Run FKW with 138 training and 70 tests
Run KW with 168 training and 84 tests
Run LPLT with 74 training and 37 tests
Run RD with 261 training and 131 tests
Run WBD with 8 training and 5 tests
Run WSD with 250 training and 126 tests
Confusion Matrix 30.0
0.8252; 0.0291; 0.0388; 0.0000; 0.0000; 0.0194; 0.0291; 0.0583; 0.0000
0.0706; 0.3353; 0.0059; 0.0000; 0.0000; 0.1235; 0.4294; 0.0353; 0.0000
0.0000; 0.0429; 0.8000; 0.0571; 0.0571; 0.0000; 0.0429; 0.0000; 0.0000
0.0000; 0.0000; 0.0238; 0.7976; 0.1786; 0.0000; 0.0000; 0.0000; 0.0000
0.0000; 0.0000; 0.1081; 0.1351; 0.7568; 0.0000; 0.0000; 0.0000; 0.0000
0.0076; 0.0382; 0.0000; 0.0000; 0.0000; 0.5954; 0.0076; 0.3511; 0.0000
0.0000; 0.0000; 0.0000; 0.0000; 0.0000; 0.0000; 1.0000; 0.0000; 0.0000
0.1032; 0.0873; 0.0000; 0.0000; 0.0079; 0.2381; 0.0238; 0.5397; 0.0000
Mean confusion
0.6039; 0.1369; 0.0311; 0.0013; 0.0129; 0.0599; 0.0621; 0.0919; 0.0000
0.0878; 0.4016; 0.0114; 0.0000; 0.0000; 0.1755; 0.2557; 0.0680; 0.0000
0.0000; 0.0205; 0.8829; 0.0181; 0.0452; 0.0086; 0.0233; 0.0014; 0.0000
0.0000; 0.0004; 0.0429; 0.7274; 0.2044; 0.0000; 0.0250; 0.0000; 0.0000
0.0000; 0.0000; 0.0441; 0.3261; 0.6126; 0.0000; 0.0171; 0.0000; 0.0000
0.0420; 0.0906; 0.0046; 0.0018; 0.0099; 0.5277; 0.0313; 0.2921; 0.0000
0.0000; 0.2000; 0.0000; 0.0000; 0.0000; 0.0800; 0.6867; 0.0333; 0.0000
0.0881; 0.0786; 0.0029; 0.0003; 0.0045; 0.2751; 0.0484; 0.5021; 0.0000
STD Confusion
0.1798; 0.1000; 0.0201; 0.0042; 0.0100; 0.0385; 0.0363; 0.0293; 0.0000
0.0444; 0.0717; 0.0080; 0.0000; 0.0000; 0.0676; 0.1049; 0.0371; 0.0000
0.0000; 0.0221; 0.0321; 0.0191; 0.0232; 0.0143; 0.0227; 0.0044; 0.0000
0.0000; 0.0022; 0.0332; 0.0865; 0.0714; 0.0000; 0.0201; 0.0000; 0.0000
0.0000; 0.0000; 0.0524; 0.2222; 0.1824; 0.0000; 0.0288; 0.0000; 0.0000
0.0422; 0.0642; 0.0093; 0.0038; 0.0189; 0.0893; 0.0313; 0.0827; 0.0000
0.0000; 0.1742; 0.0000; 0.0000; 0.0000; 0.1126; 0.2270; 0.0758; 0.0000
0.0226; 0.0190; 0.0039; 0.0014; 0.0065; 0.0456; 0.0187; 0.0479; 0.0000
Lower 95% CI
0.3107; 0.0000; 0.0000; 0.0000; 0.0000; 0.0097; 0.0000; 0.0388; 0.0000
0.0176; 0.2412; 0.0000; 0.0000; 0.0000; 0.0824; 0.0882; 0.0118; 0.0000
0.0000; 0.0000; 0.8000; 0.0000; 0.0143; 0.0000; 0.0000; 0.0000; 0.0000
0.0000; 0.0000; 0.0000; 0.5595; 0.0595; 0.0000; 0.0000; 0.0000; 0.0000
0.0000; 0.0000; 0.0000; 0.0270; 0.2432; 0.0000; 0.0000; 0.0000; 0.0000
0.0000; 0.0153; 0.0000; 0.0000; 0.0000; 0.3511; 0.0000; 0.1221; 0.0000
0.0000; 0.0000; 0.0000; 0.0000; 0.0000; 0.0000; 0.2000; 0.0000; 0.0000
0.0476; 0.0476; 0.0000; 0.0000; 0.0000; 0.1825; 0.0159; 0.4206; 0.0000
Upper 95% CI
0.8738; 0.3010; 0.0680; 0.0194; 0.0291; 0.1553; 0.1262; 0.1553; 0.0000
0.1941; 0.5765; 0.0294; 0.0000; 0.0000; 0.3412; 0.4294; 0.1588; 0.0000
0.0000; 0.0857; 0.9286; 0.0714; 0.0857; 0.0571; 0.0857; 0.0143; 0.0000
0.0000; 0.0119; 0.1667; 0.9048; 0.3095; 0.0000; 0.0595; 0.0000; 0.0000
0.0000; 0.0000; 0.1622; 0.7568; 0.8649; 0.0000; 0.0811; 0.0000; 0.0000
0.1374; 0.2290; 0.0305; 0.0153; 0.0611; 0.6718; 0.0992; 0.4198; 0.0000
0.0000; 0.6000; 0.0000; 0.0000; 0.0000; 0.4000; 1.0000; 0.2000; 0.0000
0.1429; 0.1190; 0.0079; 0.0079; 0.0159; 0.3492; 0.0952; 0.5952; 0.0000
Run TT with 309 training and 0 tests
Run CD with 509 training and 0 tests
Run FKW with 208 training and 0 tests
Run KW with 252 training and 0 tests
Run LPLT with 111 training and 0 tests
Run RD with 392 training and 0 tests
Run WBD with 13 training and 0 tests
Run WSD with 376 training and 0 tests