Total Bootstraps 30
Num Species 8
FragmentLength 22; Section Length 35
TT; CD; FKW; KW; LPLT; RD; WBD; WSD
Bootstrap 0
Run TT with 233 training and 117 tests
Run CD with 380 training and 191 tests
Run FKW with 148 training and 75 tests
Run KW with 194 training and 97 tests
Run LPLT with 85 training and 43 tests
Run RD with 302 training and 152 tests
Run WBD with 9 training and 5 tests
Run WSD with 289 training and 145 tests
Confusion Matrix 1.0
0.7778; 0.0342; 0.0171; 0.0000; 0.0171; 0.0342; 0.0085; 0.1111; 0.0000
0.0890; 0.3246; 0.0052; 0.0000; 0.0000; 0.1099; 0.4712; 0.0000; 0.0000
0.0000; 0.0000; 0.9467; 0.0000; 0.0267; 0.0133; 0.0133; 0.0000; 0.0000
0.0000; 0.0000; 0.0722; 0.6701; 0.2165; 0.0000; 0.0412; 0.0000; 0.0000
0.0000; 0.0000; 0.0000; 0.5116; 0.4884; 0.0000; 0.0000; 0.0000; 0.0000
0.1184; 0.1118; 0.0263; 0.0066; 0.0724; 0.4013; 0.1053; 0.1579; 0.0000
0.0000; 0.0000; 0.0000; 0.0000; 0.0000; 0.0000; 1.0000; 0.0000; 0.0000
0.0897; 0.1172; 0.0000; 0.0000; 0.0000; 0.2690; 0.0414; 0.4828; 0.0000
Bootstrap 1
Run TT with 233 training and 117 tests
Run CD with 380 training and 191 tests
Run FKW with 148 training and 75 tests
Run KW with 194 training and 97 tests
Run LPLT with 85 training and 43 tests
Run RD with 302 training and 152 tests
Run WBD with 9 training and 5 tests
Run WSD with 289 training and 145 tests
Confusion Matrix 2.0
0.4188; 0.2564; 0.0427; 0.0000; 0.0085; 0.0769; 0.1197; 0.0769; 0.0000
0.1361; 0.3717; 0.0105; 0.0000; 0.0000; 0.3037; 0.0524; 0.1257; 0.0000
0.0000; 0.0133; 0.8400; 0.0133; 0.1067; 0.0000; 0.0133; 0.0133; 0.0000
0.0000; 0.0000; 0.0206; 0.7629; 0.1649; 0.0000; 0.0515; 0.0000; 0.0000
0.0000; 0.0000; 0.0000; 0.5814; 0.4186; 0.0000; 0.0000; 0.0000; 0.0000
0.0066; 0.0132; 0.0000; 0.0000; 0.0000; 0.7171; 0.0000; 0.2632; 0.0000
0.0000; 0.2000; 0.0000; 0.0000; 0.0000; 0.4000; 0.4000; 0.0000; 0.0000
0.0828; 0.0621; 0.0000; 0.0069; 0.0069; 0.3034; 0.0276; 0.5103; 0.0000
Bootstrap 2
Run TT with 233 training and 117 tests
Run CD with 380 training and 191 tests
Run FKW with 148 training and 75 tests
Run KW with 194 training and 97 tests
Run LPLT with 85 training and 43 tests
Run RD with 302 training and 152 tests
Run WBD with 9 training and 5 tests
Run WSD with 289 training and 145 tests
Confusion Matrix 3.0
0.8034; 0.0769; 0.0256; 0.0000; 0.0000; 0.0256; 0.0171; 0.0513; 0.0000
0.1152; 0.3455; 0.0000; 0.0000; 0.0000; 0.1832; 0.3455; 0.0105; 0.0000
0.0000; 0.0000; 0.9467; 0.0133; 0.0267; 0.0000; 0.0133; 0.0000; 0.0000
0.0000; 0.0000; 0.0103; 0.8351; 0.1237; 0.0000; 0.0309; 0.0000; 0.0000
0.0233; 0.0000; 0.0698; 0.2558; 0.6279; 0.0000; 0.0233; 0.0000; 0.0000
0.0132; 0.0658; 0.0000; 0.0000; 0.0000; 0.6645; 0.0000; 0.2566; 0.0000
0.0000; 0.4000; 0.0000; 0.0000; 0.0000; 0.0000; 0.6000; 0.0000; 0.0000
0.1448; 0.0897; 0.0000; 0.0000; 0.0000; 0.2483; 0.0483; 0.4690; 0.0000
Bootstrap 3
Run TT with 233 training and 117 tests
Run CD with 380 training and 191 tests
Run FKW with 148 training and 75 tests
Run KW with 194 training and 97 tests
Run LPLT with 85 training and 43 tests
Run RD with 302 training and 152 tests
Run WBD with 9 training and 5 tests
Run WSD with 289 training and 145 tests
Confusion Matrix 4.0
0.8034; 0.0085; 0.0171; 0.0000; 0.0171; 0.0171; 0.0171; 0.1197; 0.0000
0.0995; 0.4031; 0.0000; 0.0000; 0.0000; 0.1780; 0.3037; 0.0157; 0.0000
0.0267; 0.0133; 0.9200; 0.0133; 0.0133; 0.0000; 0.0133; 0.0000; 0.0000
0.0000; 0.0000; 0.0206; 0.7732; 0.2062; 0.0000; 0.0000; 0.0000; 0.0000
0.0233; 0.0000; 0.0930; 0.0930; 0.7442; 0.0000; 0.0465; 0.0000; 0.0000
0.0000; 0.0395; 0.0000; 0.0000; 0.0000; 0.6776; 0.0132; 0.2697; 0.0000
0.0000; 0.4000; 0.0000; 0.0000; 0.0000; 0.0000; 0.6000; 0.0000; 0.0000
0.0966; 0.0414; 0.0207; 0.0069; 0.0069; 0.2276; 0.0345; 0.5655; 0.0000
Bootstrap 4
Run TT with 233 training and 117 tests
Run CD with 380 training and 191 tests
Run FKW with 148 training and 75 tests
Run KW with 194 training and 97 tests
Run LPLT with 85 training and 43 tests
Run RD with 302 training and 152 tests
Run WBD with 9 training and 5 tests
Run WSD with 289 training and 145 tests
Confusion Matrix 5.0
0.4274; 0.2735; 0.0513; 0.0085; 0.0000; 0.0427; 0.1026; 0.0940; 0.0000
0.0681; 0.4660; 0.0105; 0.0000; 0.0000; 0.1780; 0.2251; 0.0524; 0.0000
0.0000; 0.0400; 0.9333; 0.0133; 0.0133; 0.0000; 0.0000; 0.0000; 0.0000
0.0000; 0.0000; 0.0309; 0.7526; 0.2165; 0.0000; 0.0000; 0.0000; 0.0000
0.0233; 0.0000; 0.0930; 0.2326; 0.6512; 0.0000; 0.0000; 0.0000; 0.0000
0.1118; 0.1513; 0.0197; 0.0132; 0.0592; 0.3882; 0.1118; 0.1447; 0.0000
0.0000; 0.2000; 0.0000; 0.0000; 0.0000; 0.0000; 0.8000; 0.0000; 0.0000
0.0828; 0.1034; 0.0069; 0.0000; 0.0000; 0.3931; 0.0345; 0.3793; 0.0000
Bootstrap 5
Run TT with 233 training and 117 tests
Run CD with 380 training and 191 tests
Run FKW with 148 training and 75 tests
Run KW with 194 training and 97 tests
Run LPLT with 85 training and 43 tests
Run RD with 302 training and 152 tests
Run WBD with 9 training and 5 tests
Run WSD with 289 training and 145 tests
Confusion Matrix 6.0
0.8547; 0.0171; 0.0342; 0.0000; 0.0000; 0.0000; 0.0256; 0.0684; 0.0000
0.1204; 0.3037; 0.0000; 0.0000; 0.0052; 0.0733; 0.4503; 0.0471; 0.0000
0.0000; 0.0133; 0.9200; 0.0000; 0.0400; 0.0000; 0.0267; 0.0000; 0.0000
0.0000; 0.0000; 0.0515; 0.8144; 0.1340; 0.0000; 0.0000; 0.0000; 0.0000
0.0000; 0.0000; 0.0465; 0.1395; 0.8140; 0.0000; 0.0000; 0.0000; 0.0000
0.0724; 0.0526; 0.0132; 0.0132; 0.0724; 0.4803; 0.0263; 0.2697; 0.0000
0.0000; 0.0000; 0.0000; 0.0000; 0.0000; 0.0000; 1.0000; 0.0000; 0.0000
0.1241; 0.0483; 0.0000; 0.0069; 0.0138; 0.2828; 0.0414; 0.4828; 0.0000
Bootstrap 6
Run TT with 233 training and 117 tests
Run CD with 380 training and 191 tests
Run FKW with 148 training and 75 tests
Run KW with 194 training and 97 tests
Run LPLT with 85 training and 43 tests
Run RD with 302 training and 152 tests
Run WBD with 9 training and 5 tests
Run WSD with 289 training and 145 tests
Confusion Matrix 7.0
0.3932; 0.2650; 0.0427; 0.0000; 0.0000; 0.1111; 0.1282; 0.0598; 0.0000
0.1047; 0.3822; 0.0262; 0.0000; 0.0000; 0.3089; 0.1257; 0.0524; 0.0000
0.0000; 0.0000; 0.8667; 0.0000; 0.1067; 0.0000; 0.0133; 0.0133; 0.0000
0.0000; 0.0000; 0.0206; 0.8041; 0.1649; 0.0000; 0.0103; 0.0000; 0.0000
0.0000; 0.0000; 0.0465; 0.3721; 0.5814; 0.0000; 0.0000; 0.0000; 0.0000
0.0395; 0.0263; 0.0197; 0.0066; 0.0526; 0.5658; 0.0263; 0.2632; 0.0000
0.0000; 0.2000; 0.0000; 0.0000; 0.0000; 0.0000; 0.8000; 0.0000; 0.0000
0.0552; 0.0690; 0.0069; 0.0000; 0.0138; 0.2759; 0.0621; 0.5172; 0.0000
Bootstrap 7
Run TT with 233 training and 117 tests
Run CD with 380 training and 191 tests
Run FKW with 148 training and 75 tests
Run KW with 194 training and 97 tests
Run LPLT with 85 training and 43 tests
Run RD with 302 training and 152 tests
Run WBD with 9 training and 5 tests
Run WSD with 289 training and 145 tests
Confusion Matrix 8.0
0.7949; 0.0855; 0.0427; 0.0000; 0.0000; 0.0085; 0.0171; 0.0513; 0.0000
0.1466; 0.4346; 0.0105; 0.0000; 0.0000; 0.2565; 0.0628; 0.0890; 0.0000
0.0133; 0.0400; 0.9200; 0.0267; 0.0000; 0.0000; 0.0000; 0.0000; 0.0000
0.0000; 0.0000; 0.0412; 0.7526; 0.1753; 0.0000; 0.0309; 0.0000; 0.0000
0.0233; 0.0000; 0.0930; 0.1395; 0.6977; 0.0000; 0.0465; 0.0000; 0.0000
0.0263; 0.0855; 0.0000; 0.0000; 0.0000; 0.5724; 0.0000; 0.3158; 0.0000
0.0000; 0.6000; 0.0000; 0.0000; 0.0000; 0.0000; 0.4000; 0.0000; 0.0000
0.1034; 0.0552; 0.0069; 0.0000; 0.0000; 0.2345; 0.0621; 0.5379; 0.0000
Bootstrap 8
Run TT with 233 training and 117 tests
Run CD with 380 training and 191 tests
Run FKW with 148 training and 75 tests
Run KW with 194 training and 97 tests
Run LPLT with 85 training and 43 tests
Run RD with 302 training and 152 tests
Run WBD with 9 training and 5 tests
Run WSD with 289 training and 145 tests
Confusion Matrix 9.0
0.7009; 0.1026; 0.0256; 0.0000; 0.0000; 0.0342; 0.0427; 0.0940; 0.0000
0.0419; 0.5131; 0.0262; 0.0000; 0.0000; 0.1780; 0.2042; 0.0366; 0.0000
0.0000; 0.0267; 0.8133; 0.0533; 0.1067; 0.0000; 0.0000; 0.0000; 0.0000
0.0000; 0.0000; 0.0000; 0.8866; 0.1031; 0.0000; 0.0103; 0.0000; 0.0000
0.0000; 0.0000; 0.0465; 0.4419; 0.5116; 0.0000; 0.0000; 0.0000; 0.0000
0.0000; 0.0263; 0.0000; 0.0000; 0.0000; 0.6513; 0.0066; 0.3158; 0.0000
0.0000; 0.6000; 0.0000; 0.0000; 0.0000; 0.2000; 0.2000; 0.0000; 0.0000
0.0966; 0.0897; 0.0000; 0.0000; 0.0000; 0.2276; 0.0207; 0.5655; 0.0000
Bootstrap 9
Run TT with 233 training and 117 tests
Run CD with 380 training and 191 tests
Run FKW with 148 training and 75 tests
Run KW with 194 training and 97 tests
Run LPLT with 85 training and 43 tests
Run RD with 302 training and 152 tests
Run WBD with 9 training and 5 tests
Run WSD with 289 training and 145 tests
Confusion Matrix 10.0
0.8034; 0.0085; 0.0171; 0.0000; 0.0256; 0.0342; 0.0085; 0.1026; 0.0000
0.1152; 0.2618; 0.0052; 0.0000; 0.0000; 0.1885; 0.4188; 0.0105; 0.0000
0.0000; 0.0000; 0.8933; 0.0267; 0.0800; 0.0000; 0.0000; 0.0000; 0.0000
0.0000; 0.0000; 0.1031; 0.6392; 0.2371; 0.0000; 0.0206; 0.0000; 0.0000
0.0000; 0.0000; 0.0000; 0.6279; 0.3721; 0.0000; 0.0000; 0.0000; 0.0000
0.0132; 0.0855; 0.0000; 0.0000; 0.0000; 0.4868; 0.0526; 0.3618; 0.0000
0.0000; 0.0000; 0.0000; 0.0000; 0.0000; 0.0000; 1.0000; 0.0000; 0.0000
0.0828; 0.0897; 0.0000; 0.0000; 0.0000; 0.2345; 0.0414; 0.5517; 0.0000
Bootstrap 10
Run TT with 233 training and 117 tests
Run CD with 380 training and 191 tests
Run FKW with 148 training and 75 tests
Run KW with 194 training and 97 tests
Run LPLT with 85 training and 43 tests
Run RD with 302 training and 152 tests
Run WBD with 9 training and 5 tests
Run WSD with 289 training and 145 tests
Confusion Matrix 11.0
0.8034; 0.0684; 0.0342; 0.0000; 0.0256; 0.0085; 0.0000; 0.0598; 0.0000
0.0838; 0.3665; 0.0157; 0.0000; 0.0000; 0.1937; 0.3246; 0.0157; 0.0000
0.0000; 0.0133; 0.8400; 0.0667; 0.0667; 0.0000; 0.0133; 0.0000; 0.0000
0.0000; 0.0000; 0.0309; 0.7938; 0.1443; 0.0000; 0.0309; 0.0000; 0.0000
0.0233; 0.0000; 0.0930; 0.1860; 0.6512; 0.0000; 0.0465; 0.0000; 0.0000
0.0000; 0.0329; 0.0000; 0.0000; 0.0000; 0.6645; 0.0000; 0.3026; 0.0000
0.0000; 0.2000; 0.0000; 0.0000; 0.0000; 0.0000; 0.8000; 0.0000; 0.0000
0.0966; 0.0897; 0.0069; 0.0000; 0.0000; 0.2828; 0.0414; 0.4828; 0.0000
Bootstrap 11
Run TT with 233 training and 117 tests
Run CD with 380 training and 191 tests
Run FKW with 148 training and 75 tests
Run KW with 194 training and 97 tests
Run LPLT with 85 training and 43 tests
Run RD with 302 training and 152 tests
Run WBD with 9 training and 5 tests
Run WSD with 289 training and 145 tests
Confusion Matrix 12.0
0.8462; 0.0171; 0.0342; 0.0000; 0.0085; 0.0342; 0.0085; 0.0513; 0.0000
0.0942; 0.3508; 0.0052; 0.0000; 0.0000; 0.2932; 0.1623; 0.0942; 0.0000
0.0133; 0.0133; 0.8933; 0.0267; 0.0400; 0.0000; 0.0133; 0.0000; 0.0000
0.0000; 0.0000; 0.0309; 0.8660; 0.0722; 0.0000; 0.0309; 0.0000; 0.0000
0.0000; 0.0000; 0.0000; 0.6047; 0.3953; 0.0000; 0.0000; 0.0000; 0.0000
0.0066; 0.0197; 0.0000; 0.0000; 0.0000; 0.6447; 0.0066; 0.3224; 0.0000
0.0000; 0.4000; 0.0000; 0.0000; 0.0000; 0.0000; 0.6000; 0.0000; 0.0000
0.1172; 0.0621; 0.0069; 0.0000; 0.0000; 0.2552; 0.0483; 0.5103; 0.0000
Bootstrap 12
Run TT with 233 training and 117 tests
Run CD with 380 training and 191 tests
Run FKW with 148 training and 75 tests
Run KW with 194 training and 97 tests
Run LPLT with 85 training and 43 tests
Run RD with 302 training and 152 tests
Run WBD with 9 training and 5 tests
Run WSD with 289 training and 145 tests
Confusion Matrix 13.0
0.4615; 0.1966; 0.0513; 0.0000; 0.0171; 0.0513; 0.1111; 0.1111; 0.0000
0.0733; 0.4817; 0.0052; 0.0000; 0.0000; 0.1518; 0.1832; 0.1047; 0.0000
0.0000; 0.0000; 0.8533; 0.0000; 0.1067; 0.0000; 0.0133; 0.0267; 0.0000
0.0000; 0.0000; 0.0206; 0.8454; 0.1031; 0.0000; 0.0309; 0.0000; 0.0000
0.0000; 0.0000; 0.0000; 0.5116; 0.4884; 0.0000; 0.0000; 0.0000; 0.0000
0.0000; 0.0329; 0.0000; 0.0000; 0.0000; 0.6118; 0.0000; 0.3553; 0.0000
0.0000; 0.6000; 0.0000; 0.0000; 0.0000; 0.0000; 0.4000; 0.0000; 0.0000
0.0690; 0.0897; 0.0138; 0.0000; 0.0000; 0.2138; 0.0621; 0.5517; 0.0000
Bootstrap 13
Run TT with 233 training and 117 tests
Run CD with 380 training and 191 tests
Run FKW with 148 training and 75 tests
Run KW with 194 training and 97 tests
Run LPLT with 85 training and 43 tests
Run RD with 302 training and 152 tests
Run WBD with 9 training and 5 tests
Run WSD with 289 training and 145 tests
Confusion Matrix 14.0
0.8291; 0.0342; 0.0171; 0.0000; 0.0085; 0.0427; 0.0171; 0.0513; 0.0000
0.0681; 0.3298; 0.0000; 0.0000; 0.0000; 0.1361; 0.4450; 0.0209; 0.0000
0.0000; 0.0000; 0.9067; 0.0000; 0.0267; 0.0000; 0.0667; 0.0000; 0.0000
0.0000; 0.0000; 0.1031; 0.5052; 0.3608; 0.0000; 0.0309; 0.0000; 0.0000
0.0233; 0.0233; 0.0930; 0.0698; 0.7907; 0.0000; 0.0000; 0.0000; 0.0000
0.0066; 0.1316; 0.0000; 0.0000; 0.0000; 0.4868; 0.0658; 0.3092; 0.0000
0.0000; 0.0000; 0.0000; 0.0000; 0.0000; 0.0000; 1.0000; 0.0000; 0.0000
0.0690; 0.0828; 0.0000; 0.0000; 0.0000; 0.2828; 0.0483; 0.5172; 0.0000
Bootstrap 14
Run TT with 233 training and 117 tests
Run CD with 380 training and 191 tests
Run FKW with 148 training and 75 tests
Run KW with 194 training and 97 tests
Run LPLT with 85 training and 43 tests
Run RD with 302 training and 152 tests
Run WBD with 9 training and 5 tests
Run WSD with 289 training and 145 tests
Confusion Matrix 15.0
0.4017; 0.2650; 0.0598; 0.0000; 0.0171; 0.0940; 0.0684; 0.0940; 0.0000
0.1047; 0.3979; 0.0052; 0.0000; 0.0000; 0.2984; 0.0838; 0.1099; 0.0000
0.0000; 0.0133; 0.8267; 0.1200; 0.0400; 0.0000; 0.0000; 0.0000; 0.0000
0.0000; 0.0000; 0.0206; 0.7629; 0.1753; 0.0000; 0.0412; 0.0000; 0.0000
0.0233; 0.0000; 0.0698; 0.2093; 0.6977; 0.0000; 0.0000; 0.0000; 0.0000
0.0000; 0.0132; 0.0000; 0.0000; 0.0000; 0.6184; 0.0066; 0.3618; 0.0000
0.0000; 0.6000; 0.0000; 0.0000; 0.0000; 0.0000; 0.4000; 0.0000; 0.0000
0.0966; 0.0966; 0.0000; 0.0000; 0.0000; 0.2621; 0.0345; 0.5103; 0.0000
Bootstrap 15
Run TT with 233 training and 117 tests
Run CD with 380 training and 191 tests
Run FKW with 148 training and 75 tests
Run KW with 194 training and 97 tests
Run LPLT with 85 training and 43 tests
Run RD with 302 training and 152 tests
Run WBD with 9 training and 5 tests
Run WSD with 289 training and 145 tests
Confusion Matrix 16.0
0.5897; 0.1709; 0.0171; 0.0000; 0.0085; 0.0342; 0.0684; 0.1111; 0.0000
0.0628; 0.3560; 0.0105; 0.0000; 0.0000; 0.0942; 0.4241; 0.0524; 0.0000
0.0133; 0.0000; 0.9067; 0.0133; 0.0533; 0.0000; 0.0133; 0.0000; 0.0000
0.0000; 0.0000; 0.0000; 0.8041; 0.1753; 0.0000; 0.0206; 0.0000; 0.0000
0.0000; 0.0000; 0.0465; 0.3256; 0.6279; 0.0000; 0.0000; 0.0000; 0.0000
0.1184; 0.1382; 0.0066; 0.0132; 0.0592; 0.4013; 0.1250; 0.1382; 0.0000
0.0000; 0.0000; 0.0000; 0.0000; 0.0000; 0.0000; 1.0000; 0.0000; 0.0000
0.1034; 0.0759; 0.0000; 0.0000; 0.0000; 0.3241; 0.0621; 0.4345; 0.0000
Bootstrap 16
Run TT with 233 training and 117 tests
Run CD with 380 training and 191 tests
Run FKW with 148 training and 75 tests
Run KW with 194 training and 97 tests
Run LPLT with 85 training and 43 tests
Run RD with 302 training and 152 tests
Run WBD with 9 training and 5 tests
Run WSD with 289 training and 145 tests
Confusion Matrix 17.0
0.7436; 0.0684; 0.0085; 0.0000; 0.0000; 0.0513; 0.0085; 0.1197; 0.0000
0.1204; 0.4660; 0.0105; 0.0000; 0.0000; 0.2251; 0.0838; 0.0942; 0.0000
0.0133; 0.0267; 0.9600; 0.0000; 0.0000; 0.0000; 0.0000; 0.0000; 0.0000
0.0000; 0.0000; 0.0412; 0.6701; 0.2887; 0.0000; 0.0000; 0.0000; 0.0000
0.0233; 0.0000; 0.1163; 0.0465; 0.7907; 0.0000; 0.0233; 0.0000; 0.0000
0.1250; 0.1184; 0.0329; 0.0066; 0.0592; 0.4342; 0.0724; 0.1513; 0.0000
0.0000; 0.6000; 0.0000; 0.0000; 0.0000; 0.0000; 0.4000; 0.0000; 0.0000
0.1172; 0.0690; 0.0069; 0.0069; 0.0069; 0.3379; 0.0276; 0.4276; 0.0000
Bootstrap 17
Run TT with 233 training and 117 tests
Run CD with 380 training and 191 tests
Run FKW with 148 training and 75 tests
Run KW with 194 training and 97 tests
Run LPLT with 85 training and 43 tests
Run RD with 302 training and 152 tests
Run WBD with 9 training and 5 tests
Run WSD with 289 training and 145 tests
Confusion Matrix 18.0
0.7778; 0.0342; 0.0684; 0.0085; 0.0085; 0.0342; 0.0171; 0.0513; 0.0000
0.0942; 0.4188; 0.0052; 0.0000; 0.0000; 0.0785; 0.3455; 0.0576; 0.0000
0.0133; 0.0133; 0.9467; 0.0000; 0.0133; 0.0000; 0.0133; 0.0000; 0.0000
0.0000; 0.0000; 0.0206; 0.7320; 0.2474; 0.0000; 0.0000; 0.0000; 0.0000
0.0233; 0.0000; 0.0930; 0.2791; 0.5814; 0.0000; 0.0233; 0.0000; 0.0000
0.1184; 0.1447; 0.0263; 0.0197; 0.0658; 0.4539; 0.0724; 0.0987; 0.0000
0.0000; 0.4000; 0.0000; 0.0000; 0.0000; 0.0000; 0.6000; 0.0000; 0.0000
0.1241; 0.0552; 0.0069; 0.0069; 0.0000; 0.3655; 0.0621; 0.3793; 0.0000
Bootstrap 18
Run TT with 233 training and 117 tests
Run CD with 380 training and 191 tests
Run FKW with 148 training and 75 tests
Run KW with 194 training and 97 tests
Run LPLT with 85 training and 43 tests
Run RD with 302 training and 152 tests
Run WBD with 9 training and 5 tests
Run WSD with 289 training and 145 tests
Confusion Matrix 19.0
0.6068; 0.1966; 0.0171; 0.0000; 0.0000; 0.0513; 0.0342; 0.0940; 0.0000
0.1204; 0.4346; 0.0052; 0.0000; 0.0052; 0.0681; 0.2513; 0.1152; 0.0000
0.0133; 0.0267; 0.9200; 0.0133; 0.0133; 0.0000; 0.0133; 0.0000; 0.0000
0.0000; 0.0000; 0.0206; 0.7526; 0.1959; 0.0000; 0.0309; 0.0000; 0.0000
0.0233; 0.0000; 0.1163; 0.1628; 0.6512; 0.0000; 0.0465; 0.0000; 0.0000
0.1053; 0.1645; 0.0263; 0.0066; 0.0724; 0.4211; 0.0658; 0.1382; 0.0000
0.0000; 0.2000; 0.0000; 0.0000; 0.0000; 0.0000; 0.6000; 0.2000; 0.0000
0.1310; 0.0966; 0.0138; 0.0000; 0.0000; 0.2690; 0.0207; 0.4690; 0.0000
Bootstrap 19
Run TT with 233 training and 117 tests
Run CD with 380 training and 191 tests
Run FKW with 148 training and 75 tests
Run KW with 194 training and 97 tests
Run LPLT with 85 training and 43 tests
Run RD with 302 training and 152 tests
Run WBD with 9 training and 5 tests
Run WSD with 289 training and 145 tests
Confusion Matrix 20.0
0.8120; 0.0085; 0.0171; 0.0000; 0.0256; 0.0256; 0.0085; 0.1026; 0.0000
0.1623; 0.2932; 0.0052; 0.0000; 0.0000; 0.2827; 0.1623; 0.0942; 0.0000
0.0000; 0.0000; 0.8533; 0.0000; 0.1200; 0.0000; 0.0267; 0.0000; 0.0000
0.0000; 0.0000; 0.0000; 0.8041; 0.1546; 0.0000; 0.0412; 0.0000; 0.0000
0.0000; 0.0000; 0.0000; 0.4186; 0.5814; 0.0000; 0.0000; 0.0000; 0.0000
0.0197; 0.1382; 0.0000; 0.0000; 0.0000; 0.4474; 0.0329; 0.3618; 0.0000
0.0000; 0.2000; 0.0000; 0.0000; 0.0000; 0.0000; 0.8000; 0.0000; 0.0000
0.0483; 0.0759; 0.0000; 0.0000; 0.0000; 0.3517; 0.0552; 0.4690; 0.0000
Bootstrap 20
Run TT with 233 training and 117 tests
Run CD with 380 training and 191 tests
Run FKW with 148 training and 75 tests
Run KW with 194 training and 97 tests
Run LPLT with 85 training and 43 tests
Run RD with 302 training and 152 tests
Run WBD with 9 training and 5 tests
Run WSD with 289 training and 145 tests
Confusion Matrix 21.0
0.4103; 0.2393; 0.0342; 0.0000; 0.0000; 0.0855; 0.1282; 0.1026; 0.0000
0.0733; 0.4188; 0.0157; 0.0000; 0.0000; 0.2827; 0.1466; 0.0628; 0.0000
0.0000; 0.0267; 0.8000; 0.0000; 0.1200; 0.0400; 0.0133; 0.0000; 0.0000
0.0000; 0.0000; 0.0309; 0.6804; 0.2887; 0.0000; 0.0000; 0.0000; 0.0000
0.0233; 0.0000; 0.0930; 0.0233; 0.8140; 0.0000; 0.0465; 0.0000; 0.0000
0.1118; 0.1250; 0.0263; 0.0197; 0.0592; 0.4145; 0.0658; 0.1776; 0.0000
0.0000; 0.0000; 0.0000; 0.0000; 0.0000; 0.0000; 1.0000; 0.0000; 0.0000
0.0966; 0.0690; 0.0138; 0.0069; 0.0000; 0.3241; 0.0414; 0.4483; 0.0000
Bootstrap 21
Run TT with 233 training and 117 tests
Run CD with 380 training and 191 tests
Run FKW with 148 training and 75 tests
Run KW with 194 training and 97 tests
Run LPLT with 85 training and 43 tests
Run RD with 302 training and 152 tests
Run WBD with 9 training and 5 tests
Run WSD with 289 training and 145 tests
Confusion Matrix 22.0
0.8547; 0.0171; 0.0256; 0.0000; 0.0000; 0.0256; 0.0171; 0.0598; 0.0000
0.1466; 0.3717; 0.0157; 0.0000; 0.0000; 0.2408; 0.1361; 0.0890; 0.0000
0.0000; 0.0267; 0.8000; 0.0400; 0.1200; 0.0000; 0.0133; 0.0000; 0.0000
0.0000; 0.0103; 0.0309; 0.7216; 0.2165; 0.0000; 0.0206; 0.0000; 0.0000
0.0233; 0.0000; 0.0698; 0.1860; 0.7209; 0.0000; 0.0000; 0.0000; 0.0000
0.0263; 0.0724; 0.0000; 0.0000; 0.0000; 0.5197; 0.0132; 0.3684; 0.0000
0.0000; 0.6000; 0.0000; 0.0000; 0.0000; 0.0000; 0.4000; 0.0000; 0.0000
0.1310; 0.0276; 0.0000; 0.0000; 0.0000; 0.2483; 0.0690; 0.5241; 0.0000
Bootstrap 22
Run TT with 233 training and 117 tests
Run CD with 380 training and 191 tests
Run FKW with 148 training and 75 tests
Run KW with 194 training and 97 tests
Run LPLT with 85 training and 43 tests
Run RD with 302 training and 152 tests
Run WBD with 9 training and 5 tests
Run WSD with 289 training and 145 tests
Confusion Matrix 23.0
0.7949; 0.0769; 0.0085; 0.0000; 0.0342; 0.0000; 0.0171; 0.0684; 0.0000
0.1099; 0.4136; 0.0052; 0.0000; 0.0000; 0.1780; 0.2827; 0.0105; 0.0000
0.0133; 0.0400; 0.8800; 0.0133; 0.0533; 0.0000; 0.0000; 0.0000; 0.0000
0.0000; 0.0000; 0.0309; 0.7320; 0.2268; 0.0000; 0.0103; 0.0000; 0.0000
0.0000; 0.0000; 0.0000; 0.2558; 0.7442; 0.0000; 0.0000; 0.0000; 0.0000
0.0000; 0.0329; 0.0000; 0.0000; 0.0000; 0.6711; 0.0066; 0.2895; 0.0000
0.0000; 0.4000; 0.0000; 0.0000; 0.0000; 0.0000; 0.6000; 0.0000; 0.0000
0.0966; 0.0414; 0.0000; 0.0000; 0.0000; 0.2828; 0.0483; 0.5310; 0.0000
Bootstrap 23
Run TT with 233 training and 117 tests
Run CD with 380 training and 191 tests
Run FKW with 148 training and 75 tests
Run KW with 194 training and 97 tests
Run LPLT with 85 training and 43 tests
Run RD with 302 training and 152 tests
Run WBD with 9 training and 5 tests
Run WSD with 289 training and 145 tests
Confusion Matrix 24.0
0.6838; 0.1111; 0.0256; 0.0000; 0.0000; 0.0342; 0.0342; 0.1111; 0.0000
0.0628; 0.4921; 0.0000; 0.0000; 0.0000; 0.1623; 0.2670; 0.0157; 0.0000
0.0133; 0.0000; 0.9600; 0.0133; 0.0133; 0.0000; 0.0000; 0.0000; 0.0000
0.0000; 0.0000; 0.0309; 0.7526; 0.2062; 0.0000; 0.0103; 0.0000; 0.0000
0.0233; 0.0000; 0.0930; 0.3488; 0.5116; 0.0000; 0.0233; 0.0000; 0.0000
0.0000; 0.0987; 0.0000; 0.0000; 0.0000; 0.5789; 0.0066; 0.3158; 0.0000
0.0000; 0.4000; 0.0000; 0.0000; 0.0000; 0.0000; 0.4000; 0.2000; 0.0000
0.1379; 0.0759; 0.0069; 0.0000; 0.0069; 0.3103; 0.0552; 0.4069; 0.0000
Bootstrap 24
Run TT with 233 training and 117 tests
Run CD with 380 training and 191 tests
Run FKW with 148 training and 75 tests
Run KW with 194 training and 97 tests
Run LPLT with 85 training and 43 tests
Run RD with 302 training and 152 tests
Run WBD with 9 training and 5 tests
Run WSD with 289 training and 145 tests
Confusion Matrix 25.0
0.3590; 0.3248; 0.0598; 0.0000; 0.0085; 0.0855; 0.0598; 0.1026; 0.0000
0.1257; 0.3822; 0.0157; 0.0000; 0.0000; 0.2304; 0.1466; 0.0995; 0.0000
0.0133; 0.0000; 0.9467; 0.0000; 0.0267; 0.0000; 0.0133; 0.0000; 0.0000
0.0000; 0.0000; 0.0928; 0.5361; 0.3402; 0.0000; 0.0309; 0.0000; 0.0000
0.0000; 0.0000; 0.0233; 0.1860; 0.7674; 0.0000; 0.0233; 0.0000; 0.0000
0.1053; 0.1316; 0.0132; 0.0066; 0.0987; 0.4211; 0.0789; 0.1447; 0.0000
0.0000; 0.2000; 0.0000; 0.0000; 0.0000; 0.0000; 0.8000; 0.0000; 0.0000
0.0897; 0.0759; 0.0000; 0.0000; 0.0000; 0.3034; 0.0414; 0.4897; 0.0000
Bootstrap 25
Run TT with 233 training and 117 tests
Run CD with 380 training and 191 tests
Run FKW with 148 training and 75 tests
Run KW with 194 training and 97 tests
Run LPLT with 85 training and 43 tests
Run RD with 302 training and 152 tests
Run WBD with 9 training and 5 tests
Run WSD with 289 training and 145 tests
Confusion Matrix 26.0
0.4444; 0.1709; 0.0513; 0.0000; 0.0085; 0.0855; 0.1368; 0.1026; 0.0000
0.0733; 0.3508; 0.0105; 0.0000; 0.0000; 0.2199; 0.2513; 0.0942; 0.0000
0.0000; 0.0533; 0.8933; 0.0133; 0.0133; 0.0000; 0.0133; 0.0133; 0.0000
0.0000; 0.0000; 0.0103; 0.6598; 0.3196; 0.0000; 0.0103; 0.0000; 0.0000
0.0233; 0.0000; 0.0698; 0.0698; 0.8140; 0.0000; 0.0233; 0.0000; 0.0000
0.0132; 0.0329; 0.0000; 0.0000; 0.0000; 0.5789; 0.0000; 0.3750; 0.0000
0.0000; 0.0000; 0.0000; 0.0000; 0.0000; 0.2000; 0.8000; 0.0000; 0.0000
0.1034; 0.0552; 0.0138; 0.0000; 0.0000; 0.2897; 0.0483; 0.4897; 0.0000
Bootstrap 26
Run TT with 233 training and 117 tests
Run CD with 380 training and 191 tests
Run FKW with 148 training and 75 tests
Run KW with 194 training and 97 tests
Run LPLT with 85 training and 43 tests
Run RD with 302 training and 152 tests
Run WBD with 9 training and 5 tests
Run WSD with 289 training and 145 tests
Confusion Matrix 27.0
0.8120; 0.0342; 0.0256; 0.0000; 0.0085; 0.0256; 0.0171; 0.0769; 0.0000
0.1204; 0.3508; 0.0209; 0.0000; 0.0000; 0.1152; 0.3089; 0.0838; 0.0000
0.0000; 0.0133; 0.8667; 0.0267; 0.0800; 0.0000; 0.0133; 0.0000; 0.0000
0.0000; 0.0000; 0.0309; 0.8660; 0.1031; 0.0000; 0.0000; 0.0000; 0.0000
0.0000; 0.0000; 0.0000; 0.6047; 0.3953; 0.0000; 0.0000; 0.0000; 0.0000
0.1250; 0.1513; 0.0263; 0.0197; 0.0592; 0.3947; 0.0724; 0.1513; 0.0000
0.0000; 0.2000; 0.0000; 0.0000; 0.0000; 0.0000; 0.8000; 0.0000; 0.0000
0.0966; 0.0966; 0.0000; 0.0000; 0.0000; 0.2828; 0.0414; 0.4828; 0.0000
Bootstrap 27
Run TT with 233 training and 117 tests
Run CD with 380 training and 191 tests
Run FKW with 148 training and 75 tests
Run KW with 194 training and 97 tests
Run LPLT with 85 training and 43 tests
Run RD with 302 training and 152 tests
Run WBD with 9 training and 5 tests
Run WSD with 289 training and 145 tests
Confusion Matrix 28.0
0.8034; 0.0598; 0.0427; 0.0000; 0.0085; 0.0085; 0.0085; 0.0684; 0.0000
0.0890; 0.2513; 0.0000; 0.0000; 0.0000; 0.1728; 0.4817; 0.0052; 0.0000
0.0000; 0.0000; 0.8400; 0.0000; 0.1067; 0.0000; 0.0400; 0.0133; 0.0000
0.0000; 0.0000; 0.0722; 0.5258; 0.3608; 0.0000; 0.0412; 0.0000; 0.0000
0.0000; 0.0000; 0.0698; 0.1628; 0.7442; 0.0000; 0.0233; 0.0000; 0.0000
0.0066; 0.0329; 0.0000; 0.0000; 0.0000; 0.6711; 0.0066; 0.2829; 0.0000
0.0000; 0.0000; 0.0000; 0.0000; 0.0000; 0.0000; 1.0000; 0.0000; 0.0000
0.0966; 0.0690; 0.0069; 0.0000; 0.0000; 0.2690; 0.0552; 0.5034; 0.0000
Bootstrap 28
Run TT with 233 training and 117 tests
Run CD with 380 training and 191 tests
Run FKW with 148 training and 75 tests
Run KW with 194 training and 97 tests
Run LPLT with 85 training and 43 tests
Run RD with 302 training and 152 tests
Run WBD with 9 training and 5 tests
Run WSD with 289 training and 145 tests
Confusion Matrix 29.0
0.8120; 0.0256; 0.0171; 0.0000; 0.0171; 0.0000; 0.0256; 0.1026; 0.0000
0.1152; 0.4188; 0.0105; 0.0000; 0.0000; 0.2670; 0.1099; 0.0785; 0.0000
0.0267; 0.0267; 0.9067; 0.0267; 0.0133; 0.0000; 0.0000; 0.0000; 0.0000
0.0000; 0.0000; 0.0309; 0.7938; 0.1340; 0.0000; 0.0412; 0.0000; 0.0000
0.0000; 0.0000; 0.0233; 0.4884; 0.4884; 0.0000; 0.0000; 0.0000; 0.0000
0.0066; 0.0921; 0.0000; 0.0000; 0.0000; 0.5461; 0.0000; 0.3553; 0.0000
0.0000; 0.8000; 0.0000; 0.0000; 0.0000; 0.0000; 0.2000; 0.0000; 0.0000
0.1379; 0.0621; 0.0000; 0.0000; 0.0000; 0.2207; 0.0207; 0.5586; 0.0000
Bootstrap 29
Run TT with 233 training and 117 tests
Run CD with 380 training and 191 tests
Run FKW with 148 training and 75 tests
Run KW with 194 training and 97 tests
Run LPLT with 85 training and 43 tests
Run RD with 302 training and 152 tests
Run WBD with 9 training and 5 tests
Run WSD with 289 training and 145 tests
Confusion Matrix 30.0
0.7094; 0.0855; 0.0171; 0.0000; 0.0000; 0.0342; 0.0513; 0.1026; 0.0000
0.1047; 0.4974; 0.0000; 0.0052; 0.0000; 0.0838; 0.2723; 0.0366; 0.0000
0.0133; 0.0400; 0.8800; 0.0133; 0.0400; 0.0000; 0.0000; 0.0133; 0.0000
0.0000; 0.0000; 0.0309; 0.7938; 0.1649; 0.0000; 0.0103; 0.0000; 0.0000
0.0000; 0.0000; 0.0930; 0.3256; 0.5814; 0.0000; 0.0000; 0.0000; 0.0000
0.0789; 0.0789; 0.0263; 0.0132; 0.0658; 0.5066; 0.0461; 0.1842; 0.0000
0.0000; 0.6000; 0.0000; 0.0000; 0.0000; 0.0000; 0.4000; 0.0000; 0.0000
0.1034; 0.0690; 0.0000; 0.0000; 0.0138; 0.3448; 0.0276; 0.4414; 0.0000
Mean confusion
0.6778; 0.1111; 0.0316; 0.0006; 0.0091; 0.0399; 0.0442; 0.0858; 0.0000
0.1014; 0.3883; 0.0086; 0.0002; 0.0003; 0.1911; 0.2510; 0.0592; 0.0000
0.0062; 0.0160; 0.8893; 0.0182; 0.0529; 0.0018; 0.0124; 0.0031; 0.0000
0.0000; 0.0003; 0.0351; 0.7430; 0.2007; 0.0000; 0.0210; 0.0000; 0.0000
0.0109; 0.0008; 0.0550; 0.2953; 0.6248; 0.0000; 0.0132; 0.0000; 0.0000
0.0458; 0.0814; 0.0088; 0.0048; 0.0265; 0.5364; 0.0362; 0.2601; 0.0000
0.0000; 0.3000; 0.0000; 0.0000; 0.0000; 0.0267; 0.6600; 0.0133; 0.0000
0.1007; 0.0733; 0.0046; 0.0014; 0.0023; 0.2839; 0.0441; 0.4897; 0.0000
STD Confusion
0.1736; 0.0979; 0.0164; 0.0022; 0.0098; 0.0296; 0.0432; 0.0236; 0.0000
0.0285; 0.0679; 0.0075; 0.0010; 0.0013; 0.0749; 0.1304; 0.0387; 0.0000
0.0084; 0.0158; 0.0479; 0.0254; 0.0414; 0.0076; 0.0140; 0.0067; 0.0000
0.0000; 0.0019; 0.0277; 0.0975; 0.0780; 0.0000; 0.0161; 0.0000; 0.0000
0.0118; 0.0042; 0.0407; 0.1833; 0.1375; 0.0000; 0.0180; 0.0000; 0.0000
0.0502; 0.0494; 0.0119; 0.0069; 0.0339; 0.1049; 0.0384; 0.0875; 0.0000
0.0000; 0.2449; 0.0000; 0.0000; 0.0000; 0.0868; 0.2581; 0.0507; 0.0000
0.0238; 0.0204; 0.0058; 0.0028; 0.0046; 0.0452; 0.0137; 0.0511; 0.0000
Lower 95% CI
0.3590; 0.0085; 0.0085; 0.0000; 0.0000; 0.0000; 0.0000; 0.0513; 0.0000
0.0419; 0.2513; 0.0000; 0.0000; 0.0000; 0.0681; 0.0524; 0.0000; 0.0000
0.0000; 0.0000; 0.8000; 0.0000; 0.0000; 0.0000; 0.0000; 0.0000; 0.0000
0.0000; 0.0000; 0.0000; 0.5052; 0.0722; 0.0000; 0.0000; 0.0000; 0.0000
0.0000; 0.0000; 0.0000; 0.0233; 0.3721; 0.0000; 0.0000; 0.0000; 0.0000
0.0000; 0.0132; 0.0000; 0.0000; 0.0000; 0.3882; 0.0000; 0.0987; 0.0000
0.0000; 0.0000; 0.0000; 0.0000; 0.0000; 0.0000; 0.2000; 0.0000; 0.0000
0.0483; 0.0276; 0.0000; 0.0000; 0.0000; 0.2138; 0.0207; 0.3793; 0.0000
Upper 95% CI
0.8547; 0.3248; 0.0684; 0.0085; 0.0342; 0.1111; 0.1368; 0.1197; 0.0000
0.1623; 0.5131; 0.0262; 0.0052; 0.0052; 0.3089; 0.4817; 0.1257; 0.0000
0.0267; 0.0533; 0.9600; 0.1200; 0.1200; 0.0400; 0.0667; 0.0267; 0.0000
0.0000; 0.0103; 0.1031; 0.8866; 0.3608; 0.0000; 0.0515; 0.0000; 0.0000
0.0233; 0.0233; 0.1163; 0.6279; 0.8140; 0.0000; 0.0465; 0.0000; 0.0000
0.1250; 0.1645; 0.0329; 0.0197; 0.0987; 0.7171; 0.1250; 0.3750; 0.0000
0.0000; 0.8000; 0.0000; 0.0000; 0.0000; 0.4000; 1.0000; 0.2000; 0.0000
0.1448; 0.1172; 0.0207; 0.0069; 0.0138; 0.3931; 0.0690; 0.5655; 0.0000
Run TT with 350 training and 0 tests
Run CD with 571 training and 0 tests
Run FKW with 223 training and 0 tests
Run KW with 291 training and 0 tests
Run LPLT with 128 training and 0 tests
Run RD with 454 training and 0 tests
Run WBD with 14 training and 0 tests
Run WSD with 434 training and 0 tests