Total Bootstraps 30
Num Species 8
FragmentLength 20; Section Length 30
TT; CD; FKW; KW; LPLT; RD; WBD; WSD
Bootstrap 0
Run TT with 319 training and 160 tests
Run CD with 515 training and 258 tests
Run FKW with 196 training and 98 tests
Run KW with 266 training and 134 tests
Run LPLT with 118 training and 60 tests
Run RD with 417 training and 209 tests
Run WBD with 12 training and 7 tests
Run WSD with 398 training and 200 tests
Confusion Matrix 1.0
0.3625; 0.3125; 0.0375; 0.0000; 0.0063; 0.0938; 0.0813; 0.1063; 0.0000
0.1008; 0.3256; 0.0116; 0.0000; 0.0000; 0.2713; 0.1318; 0.1589; 0.0000
0.0102; 0.0408; 0.9082; 0.0204; 0.0102; 0.0000; 0.0102; 0.0000; 0.0000
0.0000; 0.0000; 0.0522; 0.7687; 0.1567; 0.0000; 0.0224; 0.0000; 0.0000
0.0167; 0.0000; 0.0333; 0.2333; 0.7167; 0.0000; 0.0000; 0.0000; 0.0000
0.0096; 0.0718; 0.0000; 0.0000; 0.0000; 0.5646; 0.0383; 0.3158; 0.0000
0.0000; 0.1429; 0.1429; 0.0000; 0.0000; 0.0000; 0.7143; 0.0000; 0.0000
0.1050; 0.0900; 0.0150; 0.0000; 0.0050; 0.2550; 0.0550; 0.4750; 0.0000
Bootstrap 1
Run TT with 319 training and 160 tests
Run CD with 515 training and 258 tests
Run FKW with 196 training and 98 tests
Run KW with 266 training and 134 tests
Run LPLT with 118 training and 60 tests
Run RD with 417 training and 209 tests
Run WBD with 12 training and 7 tests
Run WSD with 398 training and 200 tests
Confusion Matrix 2.0
0.2813; 0.3000; 0.0625; 0.0063; 0.0188; 0.1000; 0.1313; 0.1000; 0.0000
0.0659; 0.3566; 0.0116; 0.0000; 0.0039; 0.1357; 0.3333; 0.0930; 0.0000
0.0000; 0.0000; 0.8571; 0.0204; 0.0918; 0.0000; 0.0306; 0.0000; 0.0000
0.0000; 0.0000; 0.0522; 0.8284; 0.1194; 0.0000; 0.0000; 0.0000; 0.0000
0.0167; 0.0000; 0.1167; 0.1333; 0.6833; 0.0000; 0.0500; 0.0000; 0.0000
0.0144; 0.0957; 0.0000; 0.0000; 0.0000; 0.5789; 0.0048; 0.3062; 0.0000
0.0000; 0.1429; 0.1429; 0.0000; 0.0000; 0.0000; 0.7143; 0.0000; 0.0000
0.1200; 0.0850; 0.0100; 0.0000; 0.0150; 0.2600; 0.0400; 0.4700; 0.0000
Bootstrap 2
Run TT with 319 training and 160 tests
Run CD with 515 training and 258 tests
Run FKW with 196 training and 98 tests
Run KW with 266 training and 134 tests
Run LPLT with 118 training and 60 tests
Run RD with 417 training and 209 tests
Run WBD with 12 training and 7 tests
Run WSD with 398 training and 200 tests
Confusion Matrix 3.0
0.5875; 0.1250; 0.0250; 0.0000; 0.0250; 0.0688; 0.0563; 0.1125; 0.0000
0.0930; 0.4302; 0.0155; 0.0000; 0.0039; 0.2132; 0.1279; 0.1163; 0.0000
0.0000; 0.0306; 0.8878; 0.0000; 0.0612; 0.0000; 0.0204; 0.0000; 0.0000
0.0000; 0.0000; 0.0672; 0.6642; 0.2388; 0.0000; 0.0299; 0.0000; 0.0000
0.0000; 0.0000; 0.0000; 0.5500; 0.4500; 0.0000; 0.0000; 0.0000; 0.0000
0.0957; 0.1388; 0.0144; 0.0191; 0.0957; 0.4019; 0.0813; 0.1531; 0.0000
0.0000; 0.0000; 0.0000; 0.0000; 0.0000; 0.0000; 1.0000; 0.0000; 0.0000
0.0650; 0.0700; 0.0100; 0.0000; 0.0000; 0.3400; 0.0350; 0.4800; 0.0000
Bootstrap 3
Run TT with 319 training and 160 tests
Run CD with 515 training and 258 tests
Run FKW with 196 training and 98 tests
Run KW with 266 training and 134 tests
Run LPLT with 118 training and 60 tests
Run RD with 417 training and 209 tests
Run WBD with 12 training and 7 tests
Run WSD with 398 training and 200 tests
Confusion Matrix 4.0
0.7625; 0.0313; 0.0563; 0.0000; 0.0250; 0.0438; 0.0125; 0.0688; 0.0000
0.1124; 0.2674; 0.0039; 0.0000; 0.0000; 0.1783; 0.4186; 0.0194; 0.0000
0.0000; 0.0000; 0.8878; 0.0510; 0.0408; 0.0102; 0.0102; 0.0000; 0.0000
0.0000; 0.0000; 0.0522; 0.6194; 0.2761; 0.0000; 0.0522; 0.0000; 0.0000
0.0167; 0.0000; 0.0333; 0.2167; 0.7000; 0.0000; 0.0333; 0.0000; 0.0000
0.0191; 0.0574; 0.0000; 0.0000; 0.0000; 0.5024; 0.0096; 0.4115; 0.0000
0.0000; 0.0000; 0.0000; 0.0000; 0.0000; 0.0000; 1.0000; 0.0000; 0.0000
0.0950; 0.0950; 0.0100; 0.0000; 0.0000; 0.1900; 0.0600; 0.5500; 0.0000
Bootstrap 4
Run TT with 319 training and 160 tests
Run CD with 515 training and 258 tests
Run FKW with 196 training and 98 tests
Run KW with 266 training and 134 tests
Run LPLT with 118 training and 60 tests
Run RD with 417 training and 209 tests
Run WBD with 12 training and 7 tests
Run WSD with 398 training and 200 tests
Confusion Matrix 5.0
0.8438; 0.0188; 0.0375; 0.0000; 0.0125; 0.0125; 0.0313; 0.0438; 0.0000
0.0930; 0.4186; 0.0039; 0.0000; 0.0000; 0.1124; 0.3256; 0.0465; 0.0000
0.0306; 0.0306; 0.8776; 0.0102; 0.0510; 0.0000; 0.0000; 0.0000; 0.0000
0.0000; 0.0000; 0.1045; 0.6194; 0.2463; 0.0000; 0.0299; 0.0000; 0.0000
0.0000; 0.0000; 0.0000; 0.3500; 0.6500; 0.0000; 0.0000; 0.0000; 0.0000
0.1053; 0.1340; 0.0239; 0.0096; 0.0909; 0.3684; 0.1292; 0.1388; 0.0000
0.0000; 0.1429; 0.0000; 0.0000; 0.0000; 0.1429; 0.7143; 0.0000; 0.0000
0.1200; 0.0800; 0.0100; 0.0000; 0.0000; 0.3100; 0.0400; 0.4400; 0.0000
Bootstrap 5
Run TT with 319 training and 160 tests
Run CD with 515 training and 258 tests
Run FKW with 196 training and 98 tests
Run KW with 266 training and 134 tests
Run LPLT with 118 training and 60 tests
Run RD with 417 training and 209 tests
Run WBD with 12 training and 7 tests
Run WSD with 398 training and 200 tests
Confusion Matrix 6.0
0.3000; 0.2563; 0.0688; 0.0063; 0.0063; 0.0625; 0.2063; 0.0938; 0.0000
0.0581; 0.2597; 0.0000; 0.0000; 0.0000; 0.1705; 0.4767; 0.0349; 0.0000
0.0102; 0.0102; 0.9286; 0.0102; 0.0000; 0.0000; 0.0408; 0.0000; 0.0000
0.0000; 0.0000; 0.0299; 0.7164; 0.2313; 0.0000; 0.0224; 0.0000; 0.0000
0.0000; 0.0000; 0.0167; 0.2833; 0.7000; 0.0000; 0.0000; 0.0000; 0.0000
0.0144; 0.0909; 0.0000; 0.0000; 0.0000; 0.4880; 0.0335; 0.3732; 0.0000
0.0000; 0.1429; 0.0000; 0.0000; 0.0000; 0.0000; 0.8571; 0.0000; 0.0000
0.1150; 0.1050; 0.0150; 0.0000; 0.0000; 0.2600; 0.0600; 0.4450; 0.0000
Bootstrap 6
Run TT with 319 training and 160 tests
Run CD with 515 training and 258 tests
Run FKW with 196 training and 98 tests
Run KW with 266 training and 134 tests
Run LPLT with 118 training and 60 tests
Run RD with 417 training and 209 tests
Run WBD with 12 training and 7 tests
Run WSD with 398 training and 200 tests
Confusion Matrix 7.0
0.6188; 0.1438; 0.0250; 0.0000; 0.0125; 0.0563; 0.0625; 0.0813; 0.0000
0.0853; 0.4031; 0.0000; 0.0000; 0.0000; 0.1860; 0.2248; 0.1008; 0.0000
0.0000; 0.0102; 0.8367; 0.0000; 0.1020; 0.0000; 0.0306; 0.0204; 0.0000
0.0000; 0.0000; 0.0373; 0.7687; 0.1940; 0.0000; 0.0000; 0.0000; 0.0000
0.0000; 0.0000; 0.0167; 0.2000; 0.7333; 0.0167; 0.0333; 0.0000; 0.0000
0.0383; 0.0813; 0.0000; 0.0000; 0.0000; 0.5072; 0.0191; 0.3541; 0.0000
0.0000; 0.2857; 0.0000; 0.0000; 0.0000; 0.2857; 0.4286; 0.0000; 0.0000
0.0850; 0.0750; 0.0050; 0.0000; 0.0000; 0.2650; 0.0700; 0.5000; 0.0000
Bootstrap 7
Run TT with 319 training and 160 tests
Run CD with 515 training and 258 tests
Run FKW with 196 training and 98 tests
Run KW with 266 training and 134 tests
Run LPLT with 118 training and 60 tests
Run RD with 417 training and 209 tests
Run WBD with 12 training and 7 tests
Run WSD with 398 training and 200 tests
Confusion Matrix 8.0
0.6563; 0.1188; 0.0313; 0.0000; 0.0438; 0.0125; 0.0563; 0.0813; 0.0000
0.0969; 0.4302; 0.0233; 0.0000; 0.0000; 0.2093; 0.1124; 0.1279; 0.0000
0.0000; 0.0306; 0.8265; 0.0000; 0.1122; 0.0000; 0.0306; 0.0000; 0.0000
0.0000; 0.0000; 0.0149; 0.7836; 0.1866; 0.0000; 0.0149; 0.0000; 0.0000
0.0000; 0.0000; 0.0000; 0.6500; 0.3500; 0.0000; 0.0000; 0.0000; 0.0000
0.1053; 0.1292; 0.0144; 0.0191; 0.0813; 0.3923; 0.0813; 0.1770; 0.0000
0.0000; 0.5714; 0.0000; 0.0000; 0.0000; 0.1429; 0.1429; 0.1429; 0.0000
0.1050; 0.0800; 0.0100; 0.0000; 0.0000; 0.3300; 0.0350; 0.4400; 0.0000
Bootstrap 8
Run TT with 319 training and 160 tests
Run CD with 515 training and 258 tests
Run FKW with 196 training and 98 tests
Run KW with 266 training and 134 tests
Run LPLT with 118 training and 60 tests
Run RD with 417 training and 209 tests
Run WBD with 12 training and 7 tests
Run WSD with 398 training and 200 tests
Confusion Matrix 9.0
0.6625; 0.1000; 0.0250; 0.0000; 0.0250; 0.0313; 0.0188; 0.1375; 0.0000
0.1008; 0.3256; 0.0039; 0.0000; 0.0000; 0.2403; 0.2984; 0.0310; 0.0000
0.0102; 0.0000; 0.8878; 0.0204; 0.0510; 0.0204; 0.0102; 0.0000; 0.0000
0.0000; 0.0000; 0.0896; 0.6343; 0.2239; 0.0000; 0.0522; 0.0000; 0.0000
0.0000; 0.0000; 0.0333; 0.5167; 0.4500; 0.0000; 0.0000; 0.0000; 0.0000
0.0191; 0.0526; 0.0000; 0.0000; 0.0000; 0.5694; 0.0000; 0.3589; 0.0000
0.0000; 0.2857; 0.0000; 0.0000; 0.0000; 0.1429; 0.5714; 0.0000; 0.0000
0.1100; 0.0700; 0.0150; 0.0050; 0.0100; 0.2450; 0.0300; 0.5150; 0.0000
Bootstrap 9
Run TT with 319 training and 160 tests
Run CD with 515 training and 258 tests
Run FKW with 196 training and 98 tests
Run KW with 266 training and 134 tests
Run LPLT with 118 training and 60 tests
Run RD with 417 training and 209 tests
Run WBD with 12 training and 7 tests
Run WSD with 398 training and 200 tests
Confusion Matrix 10.0
0.7250; 0.0625; 0.0313; 0.0000; 0.0188; 0.0375; 0.0438; 0.0813; 0.0000
0.1085; 0.3062; 0.0155; 0.0000; 0.0078; 0.1822; 0.2597; 0.1202; 0.0000
0.0000; 0.0000; 0.8673; 0.0102; 0.0408; 0.0102; 0.0714; 0.0000; 0.0000
0.0000; 0.0000; 0.0746; 0.6642; 0.2239; 0.0000; 0.0373; 0.0000; 0.0000
0.0000; 0.0000; 0.0167; 0.4000; 0.5833; 0.0000; 0.0000; 0.0000; 0.0000
0.0287; 0.1340; 0.0000; 0.0000; 0.0000; 0.4019; 0.0478; 0.3876; 0.0000
0.0000; 0.1429; 0.0000; 0.0000; 0.0000; 0.0000; 0.8571; 0.0000; 0.0000
0.1100; 0.0850; 0.0100; 0.0000; 0.0050; 0.2650; 0.0700; 0.4550; 0.0000
Bootstrap 10
Run TT with 319 training and 160 tests
Run CD with 515 training and 258 tests
Run FKW with 196 training and 98 tests
Run KW with 266 training and 134 tests
Run LPLT with 118 training and 60 tests
Run RD with 417 training and 209 tests
Run WBD with 12 training and 7 tests
Run WSD with 398 training and 200 tests
Confusion Matrix 11.0
0.5938; 0.1188; 0.0313; 0.0000; 0.0125; 0.0500; 0.0750; 0.1188; 0.0000
0.0581; 0.3450; 0.0078; 0.0000; 0.0039; 0.1395; 0.3876; 0.0581; 0.0000
0.0306; 0.0000; 0.8673; 0.0306; 0.0204; 0.0000; 0.0510; 0.0000; 0.0000
0.0000; 0.0000; 0.1045; 0.6343; 0.1866; 0.0000; 0.0746; 0.0000; 0.0000
0.0000; 0.0000; 0.0667; 0.3500; 0.5833; 0.0000; 0.0000; 0.0000; 0.0000
0.0622; 0.1531; 0.0000; 0.0000; 0.0000; 0.4019; 0.0813; 0.3014; 0.0000
0.0000; 0.2857; 0.1429; 0.0000; 0.0000; 0.0000; 0.5714; 0.0000; 0.0000
0.0950; 0.0850; 0.0150; 0.0000; 0.0200; 0.3050; 0.0300; 0.4500; 0.0000
Bootstrap 11
Run TT with 319 training and 160 tests
Run CD with 515 training and 258 tests
Run FKW with 196 training and 98 tests
Run KW with 266 training and 134 tests
Run LPLT with 118 training and 60 tests
Run RD with 417 training and 209 tests
Run WBD with 12 training and 7 tests
Run WSD with 398 training and 200 tests
Confusion Matrix 12.0
0.3938; 0.2938; 0.0563; 0.0000; 0.0188; 0.0438; 0.1125; 0.0813; 0.0000
0.1008; 0.4574; 0.0116; 0.0000; 0.0039; 0.2248; 0.0891; 0.1124; 0.0000
0.0000; 0.0306; 0.8980; 0.0000; 0.0306; 0.0000; 0.0408; 0.0000; 0.0000
0.0000; 0.0000; 0.1418; 0.5448; 0.2687; 0.0000; 0.0448; 0.0000; 0.0000
0.0333; 0.0000; 0.0667; 0.0833; 0.8000; 0.0000; 0.0167; 0.0000; 0.0000
0.1100; 0.1292; 0.0144; 0.0096; 0.0909; 0.4258; 0.0478; 0.1722; 0.0000
0.0000; 0.2857; 0.0000; 0.0000; 0.0000; 0.1429; 0.5714; 0.0000; 0.0000
0.1200; 0.0700; 0.0050; 0.0000; 0.0150; 0.3450; 0.0400; 0.4050; 0.0000
Bootstrap 12
Run TT with 319 training and 160 tests
Run CD with 515 training and 258 tests
Run FKW with 196 training and 98 tests
Run KW with 266 training and 134 tests
Run LPLT with 118 training and 60 tests
Run RD with 417 training and 209 tests
Run WBD with 12 training and 7 tests
Run WSD with 398 training and 200 tests
Confusion Matrix 13.0
0.3438; 0.2188; 0.0625; 0.0000; 0.0250; 0.0500; 0.2313; 0.0688; 0.0000
0.0581; 0.3372; 0.0039; 0.0000; 0.0000; 0.1667; 0.3721; 0.0620; 0.0000
0.0102; 0.0000; 0.8878; 0.0306; 0.0408; 0.0000; 0.0306; 0.0000; 0.0000
0.0000; 0.0000; 0.0149; 0.7388; 0.2090; 0.0000; 0.0373; 0.0000; 0.0000
0.0000; 0.0000; 0.0167; 0.4333; 0.5500; 0.0000; 0.0000; 0.0000; 0.0000
0.0861; 0.1770; 0.0000; 0.0000; 0.0144; 0.3828; 0.0861; 0.2536; 0.0000
0.0000; 0.0000; 0.0000; 0.0000; 0.0000; 0.0000; 1.0000; 0.0000; 0.0000
0.1000; 0.1000; 0.0050; 0.0000; 0.0000; 0.2850; 0.0700; 0.4400; 0.0000
Bootstrap 13
Run TT with 319 training and 160 tests
Run CD with 515 training and 258 tests
Run FKW with 196 training and 98 tests
Run KW with 266 training and 134 tests
Run LPLT with 118 training and 60 tests
Run RD with 417 training and 209 tests
Run WBD with 12 training and 7 tests
Run WSD with 398 training and 200 tests
Confusion Matrix 14.0
0.3063; 0.3188; 0.0813; 0.0000; 0.0125; 0.0625; 0.0938; 0.1250; 0.0000
0.0891; 0.4109; 0.0155; 0.0000; 0.0039; 0.2054; 0.1240; 0.1512; 0.0000
0.0000; 0.0102; 0.9490; 0.0000; 0.0306; 0.0102; 0.0000; 0.0000; 0.0000
0.0000; 0.0000; 0.1119; 0.5075; 0.3582; 0.0000; 0.0224; 0.0000; 0.0000
0.0333; 0.0000; 0.0500; 0.1667; 0.7000; 0.0000; 0.0500; 0.0000; 0.0000
0.0861; 0.1483; 0.0239; 0.0144; 0.0861; 0.3923; 0.0766; 0.1722; 0.0000
0.0000; 0.4286; 0.0000; 0.0000; 0.0000; 0.0000; 0.5714; 0.0000; 0.0000
0.0550; 0.0750; 0.0150; 0.0000; 0.0200; 0.3550; 0.0400; 0.4400; 0.0000
Bootstrap 14
Run TT with 319 training and 160 tests
Run CD with 515 training and 258 tests
Run FKW with 196 training and 98 tests
Run KW with 266 training and 134 tests
Run LPLT with 118 training and 60 tests
Run RD with 417 training and 209 tests
Run WBD with 12 training and 7 tests
Run WSD with 398 training and 200 tests
Confusion Matrix 15.0
0.4188; 0.2250; 0.0688; 0.0000; 0.0313; 0.0438; 0.1188; 0.0938; 0.0000
0.1318; 0.4380; 0.0155; 0.0000; 0.0039; 0.2054; 0.0814; 0.1240; 0.0000
0.0306; 0.0204; 0.9286; 0.0000; 0.0204; 0.0000; 0.0000; 0.0000; 0.0000
0.0000; 0.0000; 0.0970; 0.6194; 0.2612; 0.0000; 0.0224; 0.0000; 0.0000
0.0000; 0.0000; 0.0333; 0.4667; 0.5000; 0.0000; 0.0000; 0.0000; 0.0000
0.1005; 0.1531; 0.0096; 0.0191; 0.0957; 0.3780; 0.0670; 0.1770; 0.0000
0.0000; 0.5714; 0.0000; 0.0000; 0.0000; 0.0000; 0.4286; 0.0000; 0.0000
0.0900; 0.0600; 0.0100; 0.0000; 0.0200; 0.3700; 0.0300; 0.4200; 0.0000
Bootstrap 15
Run TT with 319 training and 160 tests
Run CD with 515 training and 258 tests
Run FKW with 196 training and 98 tests
Run KW with 266 training and 134 tests
Run LPLT with 118 training and 60 tests
Run RD with 417 training and 209 tests
Run WBD with 12 training and 7 tests
Run WSD with 398 training and 200 tests
Confusion Matrix 16.0
0.7938; 0.0313; 0.0375; 0.0000; 0.0000; 0.0125; 0.0188; 0.1063; 0.0000
0.0853; 0.3992; 0.0155; 0.0000; 0.0000; 0.1124; 0.3372; 0.0504; 0.0000
0.0000; 0.0000; 0.8878; 0.0714; 0.0306; 0.0000; 0.0102; 0.0000; 0.0000
0.0000; 0.0000; 0.1194; 0.6119; 0.2388; 0.0000; 0.0299; 0.0000; 0.0000
0.0000; 0.0000; 0.1667; 0.1667; 0.6167; 0.0000; 0.0500; 0.0000; 0.0000
0.1053; 0.1100; 0.0239; 0.0191; 0.0861; 0.4498; 0.0766; 0.1292; 0.0000
0.0000; 0.4286; 0.0000; 0.0000; 0.0000; 0.0000; 0.5714; 0.0000; 0.0000
0.1350; 0.0800; 0.0150; 0.0000; 0.0150; 0.3750; 0.0150; 0.3650; 0.0000
Bootstrap 16
Run TT with 319 training and 160 tests
Run CD with 515 training and 258 tests
Run FKW with 196 training and 98 tests
Run KW with 266 training and 134 tests
Run LPLT with 118 training and 60 tests
Run RD with 417 training and 209 tests
Run WBD with 12 training and 7 tests
Run WSD with 398 training and 200 tests
Confusion Matrix 17.0
0.4000; 0.2563; 0.0375; 0.0000; 0.0250; 0.0750; 0.1250; 0.0813; 0.0000
0.0620; 0.4845; 0.0194; 0.0000; 0.0000; 0.1783; 0.1550; 0.1008; 0.0000
0.0102; 0.0102; 0.8469; 0.0612; 0.0408; 0.0000; 0.0306; 0.0000; 0.0000
0.0000; 0.0000; 0.0597; 0.7388; 0.1866; 0.0000; 0.0149; 0.0000; 0.0000
0.0000; 0.0000; 0.0500; 0.2667; 0.6833; 0.0000; 0.0000; 0.0000; 0.0000
0.0191; 0.1053; 0.0000; 0.0000; 0.0000; 0.6268; 0.0096; 0.2392; 0.0000
0.0000; 0.2857; 0.0000; 0.0000; 0.0000; 0.0000; 0.7143; 0.0000; 0.0000
0.0700; 0.1200; 0.0150; 0.0000; 0.0000; 0.2450; 0.0500; 0.5000; 0.0000
Bootstrap 17
Run TT with 319 training and 160 tests
Run CD with 515 training and 258 tests
Run FKW with 196 training and 98 tests
Run KW with 266 training and 134 tests
Run LPLT with 118 training and 60 tests
Run RD with 417 training and 209 tests
Run WBD with 12 training and 7 tests
Run WSD with 398 training and 200 tests
Confusion Matrix 18.0
0.4000; 0.2250; 0.0750; 0.0000; 0.0188; 0.0313; 0.1000; 0.1500; 0.0000
0.0698; 0.4651; 0.0116; 0.0000; 0.0000; 0.2016; 0.2248; 0.0271; 0.0000
0.0102; 0.0306; 0.8980; 0.0306; 0.0102; 0.0102; 0.0102; 0.0000; 0.0000
0.0000; 0.0000; 0.0746; 0.5896; 0.2687; 0.0000; 0.0672; 0.0000; 0.0000
0.0333; 0.0000; 0.1333; 0.0500; 0.7333; 0.0000; 0.0500; 0.0000; 0.0000
0.0191; 0.0670; 0.0000; 0.0000; 0.0000; 0.6507; 0.0000; 0.2632; 0.0000
0.0000; 0.2857; 0.0000; 0.0000; 0.0000; 0.2857; 0.4286; 0.0000; 0.0000
0.0700; 0.1000; 0.0100; 0.0000; 0.0100; 0.2750; 0.0500; 0.4850; 0.0000
Bootstrap 18
Run TT with 319 training and 160 tests
Run CD with 515 training and 258 tests
Run FKW with 196 training and 98 tests
Run KW with 266 training and 134 tests
Run LPLT with 118 training and 60 tests
Run RD with 417 training and 209 tests
Run WBD with 12 training and 7 tests
Run WSD with 398 training and 200 tests
Confusion Matrix 19.0
0.5750; 0.1313; 0.0313; 0.0000; 0.0313; 0.0500; 0.0438; 0.1375; 0.0000
0.1163; 0.4380; 0.0039; 0.0000; 0.0039; 0.1899; 0.1667; 0.0814; 0.0000
0.0000; 0.0102; 0.9082; 0.0204; 0.0510; 0.0000; 0.0102; 0.0000; 0.0000
0.0000; 0.0000; 0.0373; 0.7761; 0.1642; 0.0000; 0.0224; 0.0000; 0.0000
0.0000; 0.0000; 0.0167; 0.3500; 0.6333; 0.0000; 0.0000; 0.0000; 0.0000
0.0239; 0.1005; 0.0000; 0.0000; 0.0000; 0.5885; 0.0144; 0.2727; 0.0000
0.0000; 0.2857; 0.0000; 0.0000; 0.0000; 0.1429; 0.5714; 0.0000; 0.0000
0.1000; 0.0600; 0.0050; 0.0000; 0.0000; 0.2750; 0.0500; 0.5100; 0.0000
Bootstrap 19
Run TT with 319 training and 160 tests
Run CD with 515 training and 258 tests
Run FKW with 196 training and 98 tests
Run KW with 266 training and 134 tests
Run LPLT with 118 training and 60 tests
Run RD with 417 training and 209 tests
Run WBD with 12 training and 7 tests
Run WSD with 398 training and 200 tests
Confusion Matrix 20.0
0.3375; 0.2938; 0.0563; 0.0000; 0.0063; 0.0563; 0.1313; 0.1188; 0.0000
0.0659; 0.3605; 0.0116; 0.0000; 0.0000; 0.1357; 0.3798; 0.0465; 0.0000
0.0000; 0.0000; 0.9082; 0.0306; 0.0510; 0.0000; 0.0000; 0.0102; 0.0000
0.0000; 0.0000; 0.0821; 0.5896; 0.3134; 0.0000; 0.0149; 0.0000; 0.0000
0.0167; 0.0000; 0.0667; 0.2333; 0.6833; 0.0000; 0.0000; 0.0000; 0.0000
0.0909; 0.1292; 0.0239; 0.0144; 0.0909; 0.4211; 0.0957; 0.1340; 0.0000
0.0000; 0.2857; 0.0000; 0.0000; 0.0000; 0.0000; 0.7143; 0.0000; 0.0000
0.1000; 0.1450; 0.0050; 0.0000; 0.0000; 0.3550; 0.0500; 0.3450; 0.0000
Bootstrap 20
Run TT with 319 training and 160 tests
Run CD with 515 training and 258 tests
Run FKW with 196 training and 98 tests
Run KW with 266 training and 134 tests
Run LPLT with 118 training and 60 tests
Run RD with 417 training and 209 tests
Run WBD with 12 training and 7 tests
Run WSD with 398 training and 200 tests
Confusion Matrix 21.0
0.6188; 0.1000; 0.0250; 0.0000; 0.0250; 0.0563; 0.0750; 0.1000; 0.0000
0.0543; 0.2946; 0.0194; 0.0000; 0.0000; 0.1628; 0.3798; 0.0891; 0.0000
0.0000; 0.0102; 0.7347; 0.1020; 0.1224; 0.0000; 0.0306; 0.0000; 0.0000
0.0000; 0.0000; 0.0597; 0.6418; 0.2612; 0.0000; 0.0373; 0.0000; 0.0000
0.0000; 0.0000; 0.0167; 0.2833; 0.6667; 0.0167; 0.0167; 0.0000; 0.0000
0.0048; 0.0383; 0.0000; 0.0000; 0.0000; 0.6651; 0.0048; 0.2871; 0.0000
0.0000; 0.2857; 0.0000; 0.0000; 0.0000; 0.0000; 0.7143; 0.0000; 0.0000
0.0750; 0.0850; 0.0150; 0.0000; 0.0000; 0.2500; 0.0550; 0.5200; 0.0000
Bootstrap 21
Run TT with 319 training and 160 tests
Run CD with 515 training and 258 tests
Run FKW with 196 training and 98 tests
Run KW with 266 training and 134 tests
Run LPLT with 118 training and 60 tests
Run RD with 417 training and 209 tests
Run WBD with 12 training and 7 tests
Run WSD with 398 training and 200 tests
Confusion Matrix 22.0
0.3500; 0.2375; 0.0938; 0.0000; 0.0063; 0.0813; 0.1188; 0.1125; 0.0000
0.0620; 0.4225; 0.0116; 0.0000; 0.0000; 0.2054; 0.2364; 0.0620; 0.0000
0.0000; 0.0000; 0.9082; 0.0000; 0.0510; 0.0000; 0.0408; 0.0000; 0.0000
0.0000; 0.0000; 0.1194; 0.6119; 0.2164; 0.0000; 0.0522; 0.0000; 0.0000
0.0167; 0.0000; 0.1000; 0.2500; 0.5667; 0.0000; 0.0667; 0.0000; 0.0000
0.0287; 0.0574; 0.0335; 0.0048; 0.0478; 0.5263; 0.0335; 0.2679; 0.0000
0.0000; 0.4286; 0.0000; 0.0000; 0.0000; 0.1429; 0.4286; 0.0000; 0.0000
0.0700; 0.0800; 0.0050; 0.0000; 0.0000; 0.3600; 0.0500; 0.4350; 0.0000
Bootstrap 22
Run TT with 319 training and 160 tests
Run CD with 515 training and 258 tests
Run FKW with 196 training and 98 tests
Run KW with 266 training and 134 tests
Run LPLT with 118 training and 60 tests
Run RD with 417 training and 209 tests
Run WBD with 12 training and 7 tests
Run WSD with 398 training and 200 tests
Confusion Matrix 23.0
0.3125; 0.2875; 0.0875; 0.0000; 0.0125; 0.1000; 0.1438; 0.0563; 0.0000
0.0659; 0.4535; 0.0039; 0.0000; 0.0000; 0.1395; 0.2558; 0.0814; 0.0000
0.0102; 0.0204; 0.8776; 0.0000; 0.0510; 0.0000; 0.0408; 0.0000; 0.0000
0.0000; 0.0000; 0.0299; 0.6940; 0.2537; 0.0000; 0.0224; 0.0000; 0.0000
0.0000; 0.0000; 0.0167; 0.3500; 0.6333; 0.0000; 0.0000; 0.0000; 0.0000
0.0766; 0.2057; 0.0383; 0.0096; 0.0813; 0.3876; 0.0718; 0.1292; 0.0000
0.0000; 0.1429; 0.0000; 0.0000; 0.0000; 0.0000; 0.8571; 0.0000; 0.0000
0.0850; 0.0850; 0.0150; 0.0000; 0.0000; 0.4150; 0.0250; 0.3750; 0.0000
Bootstrap 23
Run TT with 319 training and 160 tests
Run CD with 515 training and 258 tests
Run FKW with 196 training and 98 tests
Run KW with 266 training and 134 tests
Run LPLT with 118 training and 60 tests
Run RD with 417 training and 209 tests
Run WBD with 12 training and 7 tests
Run WSD with 398 training and 200 tests
Confusion Matrix 24.0
0.7500; 0.0500; 0.0375; 0.0000; 0.0250; 0.0500; 0.0188; 0.0688; 0.0000
0.1240; 0.4070; 0.0000; 0.0000; 0.0039; 0.0853; 0.2674; 0.1124; 0.0000
0.0000; 0.0102; 0.9082; 0.0000; 0.0612; 0.0000; 0.0204; 0.0000; 0.0000
0.0000; 0.0000; 0.0522; 0.8060; 0.1418; 0.0000; 0.0000; 0.0000; 0.0000
0.0000; 0.0000; 0.0000; 0.3667; 0.6333; 0.0000; 0.0000; 0.0000; 0.0000
0.0909; 0.1148; 0.0335; 0.0287; 0.0622; 0.4163; 0.0813; 0.1722; 0.0000
0.0000; 0.1429; 0.0000; 0.0000; 0.0000; 0.0000; 0.8571; 0.0000; 0.0000
0.0950; 0.0500; 0.0050; 0.0100; 0.0100; 0.3300; 0.0600; 0.4400; 0.0000
Bootstrap 24
Run TT with 319 training and 160 tests
Run CD with 515 training and 258 tests
Run FKW with 196 training and 98 tests
Run KW with 266 training and 134 tests
Run LPLT with 118 training and 60 tests
Run RD with 417 training and 209 tests
Run WBD with 12 training and 7 tests
Run WSD with 398 training and 200 tests
Confusion Matrix 25.0
0.7000; 0.0938; 0.0375; 0.0063; 0.0063; 0.0313; 0.0375; 0.0875; 0.0000
0.0969; 0.2326; 0.0116; 0.0000; 0.0000; 0.1822; 0.4496; 0.0271; 0.0000
0.0102; 0.0000; 0.8878; 0.0306; 0.0204; 0.0000; 0.0510; 0.0000; 0.0000
0.0000; 0.0000; 0.0299; 0.7164; 0.2463; 0.0000; 0.0075; 0.0000; 0.0000
0.0000; 0.0000; 0.0333; 0.3000; 0.6500; 0.0167; 0.0000; 0.0000; 0.0000
0.0287; 0.0622; 0.0000; 0.0000; 0.0000; 0.6555; 0.0191; 0.2344; 0.0000
0.0000; 0.1429; 0.1429; 0.0000; 0.0000; 0.0000; 0.7143; 0.0000; 0.0000
0.1100; 0.0750; 0.0100; 0.0000; 0.0000; 0.2350; 0.0350; 0.5350; 0.0000
Bootstrap 25
Run TT with 319 training and 160 tests
Run CD with 515 training and 258 tests
Run FKW with 196 training and 98 tests
Run KW with 266 training and 134 tests
Run LPLT with 118 training and 60 tests
Run RD with 417 training and 209 tests
Run WBD with 12 training and 7 tests
Run WSD with 398 training and 200 tests
Confusion Matrix 26.0
0.5375; 0.1875; 0.0313; 0.0000; 0.0188; 0.0875; 0.0688; 0.0688; 0.0000
0.1047; 0.3488; 0.0155; 0.0000; 0.0039; 0.2519; 0.1318; 0.1434; 0.0000
0.0000; 0.0000; 0.8776; 0.0000; 0.1020; 0.0000; 0.0204; 0.0000; 0.0000
0.0000; 0.0000; 0.0224; 0.7761; 0.1716; 0.0000; 0.0299; 0.0000; 0.0000
0.0000; 0.0000; 0.0000; 0.5667; 0.4333; 0.0000; 0.0000; 0.0000; 0.0000
0.0239; 0.0239; 0.0239; 0.0191; 0.0622; 0.5120; 0.0335; 0.3014; 0.0000
0.0000; 0.1429; 0.0000; 0.0000; 0.0000; 0.0000; 0.8571; 0.0000; 0.0000
0.1050; 0.0650; 0.0050; 0.0000; 0.0000; 0.2800; 0.0400; 0.5050; 0.0000
Bootstrap 26
Run TT with 319 training and 160 tests
Run CD with 515 training and 258 tests
Run FKW with 196 training and 98 tests
Run KW with 266 training and 134 tests
Run LPLT with 118 training and 60 tests
Run RD with 417 training and 209 tests
Run WBD with 12 training and 7 tests
Run WSD with 398 training and 200 tests
Confusion Matrix 27.0
0.3375; 0.2313; 0.0813; 0.0063; 0.0188; 0.0625; 0.1188; 0.1438; 0.0000
0.1124; 0.4574; 0.0116; 0.0000; 0.0000; 0.2016; 0.1047; 0.1124; 0.0000
0.0204; 0.0204; 0.9286; 0.0000; 0.0102; 0.0000; 0.0204; 0.0000; 0.0000
0.0000; 0.0000; 0.0448; 0.7687; 0.1642; 0.0000; 0.0224; 0.0000; 0.0000
0.0000; 0.0000; 0.1000; 0.2333; 0.6500; 0.0000; 0.0167; 0.0000; 0.0000
0.0957; 0.1770; 0.0144; 0.0096; 0.0191; 0.3684; 0.0957; 0.2201; 0.0000
0.0000; 0.5714; 0.0000; 0.0000; 0.0000; 0.1429; 0.2857; 0.0000; 0.0000
0.0800; 0.0850; 0.0100; 0.0000; 0.0000; 0.3250; 0.0300; 0.4700; 0.0000
Bootstrap 27
Run TT with 319 training and 160 tests
Run CD with 515 training and 258 tests
Run FKW with 196 training and 98 tests
Run KW with 266 training and 134 tests
Run LPLT with 118 training and 60 tests
Run RD with 417 training and 209 tests
Run WBD with 12 training and 7 tests
Run WSD with 398 training and 200 tests
Confusion Matrix 28.0
0.6500; 0.0875; 0.0125; 0.0000; 0.0313; 0.0375; 0.0375; 0.1438; 0.0000
0.0620; 0.3411; 0.0078; 0.0000; 0.0039; 0.1512; 0.3411; 0.0930; 0.0000
0.0102; 0.0102; 0.7755; 0.0612; 0.1122; 0.0000; 0.0306; 0.0000; 0.0000
0.0000; 0.0000; 0.0373; 0.7761; 0.1642; 0.0000; 0.0224; 0.0000; 0.0000
0.0000; 0.0000; 0.0000; 0.5667; 0.4333; 0.0000; 0.0000; 0.0000; 0.0000
0.0048; 0.0478; 0.0000; 0.0000; 0.0000; 0.6507; 0.0048; 0.2919; 0.0000
0.0000; 0.1429; 0.1429; 0.0000; 0.0000; 0.0000; 0.7143; 0.0000; 0.0000
0.1000; 0.0700; 0.0050; 0.0000; 0.0200; 0.2750; 0.0350; 0.4950; 0.0000
Bootstrap 28
Run TT with 319 training and 160 tests
Run CD with 515 training and 258 tests
Run FKW with 196 training and 98 tests
Run KW with 266 training and 134 tests
Run LPLT with 118 training and 60 tests
Run RD with 417 training and 209 tests
Run WBD with 12 training and 7 tests
Run WSD with 398 training and 200 tests
Confusion Matrix 29.0
0.5688; 0.1375; 0.0188; 0.0000; 0.0250; 0.0813; 0.0438; 0.1250; 0.0000
0.0659; 0.2674; 0.0039; 0.0000; 0.0039; 0.1434; 0.4806; 0.0349; 0.0000
0.0000; 0.0000; 0.8776; 0.0306; 0.0816; 0.0000; 0.0102; 0.0000; 0.0000
0.0000; 0.0000; 0.0299; 0.7687; 0.1716; 0.0000; 0.0299; 0.0000; 0.0000
0.0000; 0.0000; 0.0000; 0.6500; 0.3500; 0.0000; 0.0000; 0.0000; 0.0000
0.0144; 0.0383; 0.0096; 0.0000; 0.0431; 0.5072; 0.0239; 0.3636; 0.0000
0.0000; 0.1429; 0.1429; 0.0000; 0.0000; 0.0000; 0.7143; 0.0000; 0.0000
0.1100; 0.0800; 0.0100; 0.0000; 0.0000; 0.2650; 0.0650; 0.4700; 0.0000
Bootstrap 29
Run TT with 319 training and 160 tests
Run CD with 515 training and 258 tests
Run FKW with 196 training and 98 tests
Run KW with 266 training and 134 tests
Run LPLT with 118 training and 60 tests
Run RD with 417 training and 209 tests
Run WBD with 12 training and 7 tests
Run WSD with 398 training and 200 tests
Confusion Matrix 30.0
0.4313; 0.1938; 0.0625; 0.0063; 0.0250; 0.0438; 0.0938; 0.1438; 0.0000
0.1163; 0.3566; 0.0078; 0.0000; 0.0039; 0.1899; 0.2132; 0.1124; 0.0000
0.0000; 0.0102; 0.9082; 0.0204; 0.0408; 0.0102; 0.0102; 0.0000; 0.0000
0.0000; 0.0000; 0.0522; 0.8134; 0.1269; 0.0000; 0.0075; 0.0000; 0.0000
0.0000; 0.0000; 0.0000; 0.3333; 0.6667; 0.0000; 0.0000; 0.0000; 0.0000
0.0096; 0.0957; 0.0000; 0.0000; 0.0000; 0.5694; 0.0096; 0.3158; 0.0000
0.0000; 0.1429; 0.0000; 0.0000; 0.0000; 0.1429; 0.7143; 0.0000; 0.0000
0.0850; 0.0750; 0.0150; 0.0000; 0.0200; 0.2350; 0.0500; 0.5200; 0.0000
Mean confusion
0.5206; 0.1729; 0.0475; 0.0010; 0.0190; 0.0542; 0.0835; 0.1012; 0.0000
0.0872; 0.3747; 0.0099; 0.0000; 0.0018; 0.1791; 0.2629; 0.0844; 0.0000
0.0068; 0.0116; 0.8810; 0.0221; 0.0514; 0.0024; 0.0238; 0.0010; 0.0000
0.0000; 0.0000; 0.0632; 0.6930; 0.2157; 0.0000; 0.0281; 0.0000; 0.0000
0.0061; 0.0000; 0.0400; 0.3333; 0.6061; 0.0017; 0.0128; 0.0000; 0.0000
0.0510; 0.1040; 0.0100; 0.0065; 0.0349; 0.4917; 0.0459; 0.2558; 0.0000
0.0000; 0.2429; 0.0286; 0.0000; 0.0000; 0.0571; 0.6667; 0.0048; 0.0000
0.0960; 0.0827; 0.0102; 0.0005; 0.0062; 0.2958; 0.0455; 0.4632; 0.0000
STD Confusion
0.1727; 0.0940; 0.0224; 0.0024; 0.0098; 0.0243; 0.0537; 0.0290; 0.0000
0.0231; 0.0694; 0.0062; 0.0000; 0.0022; 0.0425; 0.1230; 0.0404; 0.0000
0.0098; 0.0125; 0.0441; 0.0256; 0.0336; 0.0051; 0.0176; 0.0041; 0.0000
0.0000; 0.0000; 0.0345; 0.0873; 0.0554; 0.0000; 0.0186; 0.0000; 0.0000
0.0111; 0.0000; 0.0443; 0.1599; 0.1172; 0.0051; 0.0208; 0.0000; 0.0000
0.0390; 0.0466; 0.0125; 0.0087; 0.0403; 0.0998; 0.0363; 0.0852; 0.0000
0.0000; 0.1598; 0.0581; 0.0000; 0.0000; 0.0888; 0.2066; 0.0261; 0.0000
0.0190; 0.0185; 0.0040; 0.0020; 0.0081; 0.0524; 0.0144; 0.0496; 0.0000
Lower 95% CI
0.2813; 0.0188; 0.0125; 0.0000; 0.0000; 0.0125; 0.0125; 0.0438; 0.0000
0.0543; 0.2326; 0.0000; 0.0000; 0.0000; 0.0853; 0.0814; 0.0194; 0.0000
0.0000; 0.0000; 0.7347; 0.0000; 0.0000; 0.0000; 0.0000; 0.0000; 0.0000
0.0000; 0.0000; 0.0149; 0.5075; 0.1194; 0.0000; 0.0000; 0.0000; 0.0000
0.0000; 0.0000; 0.0000; 0.0500; 0.3500; 0.0000; 0.0000; 0.0000; 0.0000
0.0048; 0.0239; 0.0000; 0.0000; 0.0000; 0.3684; 0.0000; 0.1292; 0.0000
0.0000; 0.0000; 0.0000; 0.0000; 0.0000; 0.0000; 0.1429; 0.0000; 0.0000
0.0550; 0.0500; 0.0050; 0.0000; 0.0000; 0.1900; 0.0150; 0.3450; 0.0000
Upper 95% CI
0.8438; 0.3188; 0.0938; 0.0063; 0.0438; 0.1000; 0.2313; 0.1500; 0.0000
0.1318; 0.4845; 0.0233; 0.0000; 0.0078; 0.2713; 0.4806; 0.1589; 0.0000
0.0306; 0.0408; 0.9490; 0.1020; 0.1224; 0.0204; 0.0714; 0.0204; 0.0000
0.0000; 0.0000; 0.1418; 0.8284; 0.3582; 0.0000; 0.0746; 0.0000; 0.0000
0.0333; 0.0000; 0.1667; 0.6500; 0.8000; 0.0167; 0.0667; 0.0000; 0.0000
0.1100; 0.2057; 0.0383; 0.0287; 0.0957; 0.6651; 0.1292; 0.4115; 0.0000
0.0000; 0.5714; 0.1429; 0.0000; 0.0000; 0.2857; 1.0000; 0.1429; 0.0000
0.1350; 0.1450; 0.0150; 0.0100; 0.0200; 0.4150; 0.0700; 0.5500; 0.0000
Run TT with 479 training and 0 tests
Run CD with 773 training and 0 tests
Run FKW with 294 training and 0 tests
Run KW with 400 training and 0 tests
Run LPLT with 178 training and 0 tests
Run RD with 626 training and 0 tests
Run WBD with 19 training and 0 tests
Run WSD with 598 training and 0 tests