Total Bootstraps 30
Num Species 8
FragmentLength 20; Section Length 55
TT; CD; FKW; KW; LPLT; RD; WBD; WSD
Bootstrap 0
Run TT with 174 training and 87 tests
Run CD with 280 training and 141 tests
Run FKW with 106 training and 54 tests
Run KW with 145 training and 73 tests
Run LPLT with 64 training and 33 tests
Run RD with 227 training and 114 tests
Run WBD with 6 training and 4 tests
Run WSD with 217 training and 109 tests
Confusion Matrix 1.0
0.7241; 0.0460; 0.0115; 0.0000; 0.0230; 0.0230; 0.0345; 0.1379; 0.0000
0.0709; 0.4184; 0.0000; 0.0000; 0.0000; 0.1844; 0.3262; 0.0000; 0.0000
0.0000; 0.0000; 0.9074; 0.0370; 0.0556; 0.0000; 0.0000; 0.0000; 0.0000
0.0000; 0.0000; 0.0000; 0.7808; 0.2192; 0.0000; 0.0000; 0.0000; 0.0000
0.0000; 0.0000; 0.0606; 0.0606; 0.8485; 0.0000; 0.0303; 0.0000; 0.0000
0.0000; 0.1228; 0.0000; 0.0000; 0.0000; 0.6316; 0.0000; 0.2456; 0.0000
0.0000; 0.2500; 0.0000; 0.0000; 0.0000; 0.0000; 0.7500; 0.0000; 0.0000
0.1101; 0.0734; 0.0000; 0.0092; 0.0000; 0.2569; 0.0275; 0.5229; 0.0000
Bootstrap 1
Run TT with 174 training and 87 tests
Run CD with 280 training and 141 tests
Run FKW with 106 training and 54 tests
Run KW with 145 training and 73 tests
Run LPLT with 64 training and 33 tests
Run RD with 227 training and 114 tests
Run WBD with 6 training and 4 tests
Run WSD with 217 training and 109 tests
Confusion Matrix 2.0
0.4023; 0.2644; 0.0460; 0.0000; 0.0115; 0.0460; 0.1724; 0.0575; 0.0000
0.0496; 0.6028; 0.0000; 0.0000; 0.0000; 0.0993; 0.1702; 0.0780; 0.0000
0.0000; 0.0000; 0.9074; 0.0000; 0.0741; 0.0000; 0.0185; 0.0000; 0.0000
0.0000; 0.0000; 0.0411; 0.6849; 0.2740; 0.0000; 0.0000; 0.0000; 0.0000
0.0000; 0.0000; 0.0000; 0.5152; 0.4848; 0.0000; 0.0000; 0.0000; 0.0000
0.0789; 0.1754; 0.0263; 0.0088; 0.0877; 0.4298; 0.0614; 0.1316; 0.0000
0.0000; 0.7500; 0.0000; 0.0000; 0.0000; 0.0000; 0.2500; 0.0000; 0.0000
0.0642; 0.1101; 0.0000; 0.0000; 0.0000; 0.2844; 0.0183; 0.5229; 0.0000
Bootstrap 2
Run TT with 174 training and 87 tests
Run CD with 280 training and 141 tests
Run FKW with 106 training and 54 tests
Run KW with 145 training and 73 tests
Run LPLT with 64 training and 33 tests
Run RD with 227 training and 114 tests
Run WBD with 6 training and 4 tests
Run WSD with 217 training and 109 tests
Confusion Matrix 3.0
0.4138; 0.2989; 0.0575; 0.0000; 0.0000; 0.0920; 0.0920; 0.0460; 0.0000
0.0638; 0.6383; 0.0071; 0.0000; 0.0000; 0.1277; 0.1348; 0.0284; 0.0000
0.0000; 0.0000; 0.8333; 0.0185; 0.1111; 0.0000; 0.0185; 0.0185; 0.0000
0.0000; 0.0000; 0.0137; 0.8767; 0.1096; 0.0000; 0.0000; 0.0000; 0.0000
0.0000; 0.0000; 0.0000; 0.6364; 0.3636; 0.0000; 0.0000; 0.0000; 0.0000
0.0088; 0.0175; 0.0000; 0.0000; 0.0000; 0.6667; 0.0000; 0.3070; 0.0000
0.0000; 0.5000; 0.0000; 0.0000; 0.0000; 0.0000; 0.5000; 0.0000; 0.0000
0.0550; 0.0550; 0.0183; 0.0000; 0.0000; 0.2844; 0.0092; 0.5780; 0.0000
Bootstrap 3
Run TT with 174 training and 87 tests
Run CD with 280 training and 141 tests
Run FKW with 106 training and 54 tests
Run KW with 145 training and 73 tests
Run LPLT with 64 training and 33 tests
Run RD with 227 training and 114 tests
Run WBD with 6 training and 4 tests
Run WSD with 217 training and 109 tests
Confusion Matrix 4.0
0.9080; 0.0000; 0.0345; 0.0000; 0.0000; 0.0000; 0.0230; 0.0345; 0.0000
0.1631; 0.3830; 0.0142; 0.0000; 0.0000; 0.2624; 0.0780; 0.0993; 0.0000
0.0000; 0.0370; 0.9444; 0.0000; 0.0000; 0.0000; 0.0185; 0.0000; 0.0000
0.0000; 0.0000; 0.0274; 0.8219; 0.1370; 0.0000; 0.0137; 0.0000; 0.0000
0.0000; 0.0000; 0.0606; 0.0909; 0.8182; 0.0000; 0.0303; 0.0000; 0.0000
0.0000; 0.0088; 0.0000; 0.0000; 0.0000; 0.6754; 0.0000; 0.3158; 0.0000
0.0000; 0.5000; 0.0000; 0.0000; 0.0000; 0.0000; 0.5000; 0.0000; 0.0000
0.1009; 0.0367; 0.0000; 0.0000; 0.0000; 0.2569; 0.0183; 0.5872; 0.0000
Bootstrap 4
Run TT with 174 training and 87 tests
Run CD with 280 training and 141 tests
Run FKW with 106 training and 54 tests
Run KW with 145 training and 73 tests
Run LPLT with 64 training and 33 tests
Run RD with 227 training and 114 tests
Run WBD with 6 training and 4 tests
Run WSD with 217 training and 109 tests
Confusion Matrix 5.0
0.5747; 0.1379; 0.0230; 0.0000; 0.0230; 0.0575; 0.0345; 0.1494; 0.0000
0.0922; 0.3759; 0.0071; 0.0000; 0.0000; 0.2979; 0.1135; 0.1135; 0.0000
0.0000; 0.0000; 0.9815; 0.0000; 0.0185; 0.0000; 0.0000; 0.0000; 0.0000
0.0000; 0.0000; 0.0548; 0.6986; 0.2329; 0.0000; 0.0137; 0.0000; 0.0000
0.0000; 0.0000; 0.0000; 0.5152; 0.4848; 0.0000; 0.0000; 0.0000; 0.0000
0.0000; 0.0088; 0.0000; 0.0000; 0.0000; 0.7456; 0.0088; 0.2368; 0.0000
0.0000; 0.5000; 0.0000; 0.0000; 0.0000; 0.0000; 0.5000; 0.0000; 0.0000
0.0734; 0.0550; 0.0000; 0.0000; 0.0000; 0.2936; 0.0275; 0.5505; 0.0000
Bootstrap 5
Run TT with 174 training and 87 tests
Run CD with 280 training and 141 tests
Run FKW with 106 training and 54 tests
Run KW with 145 training and 73 tests
Run LPLT with 64 training and 33 tests
Run RD with 227 training and 114 tests
Run WBD with 6 training and 4 tests
Run WSD with 217 training and 109 tests
Confusion Matrix 6.0
0.7586; 0.0230; 0.0115; 0.0000; 0.0230; 0.0115; 0.0460; 0.1264; 0.0000
0.0851; 0.5319; 0.0000; 0.0000; 0.0000; 0.0851; 0.2411; 0.0567; 0.0000
0.0000; 0.0000; 0.8889; 0.0000; 0.0370; 0.0000; 0.0741; 0.0000; 0.0000
0.0000; 0.0000; 0.0000; 0.8082; 0.1918; 0.0000; 0.0000; 0.0000; 0.0000
0.0000; 0.0000; 0.0000; 0.7273; 0.2727; 0.0000; 0.0000; 0.0000; 0.0000
0.1053; 0.2018; 0.0175; 0.0088; 0.0877; 0.3947; 0.0789; 0.1053; 0.0000
0.0000; 0.2500; 0.0000; 0.0000; 0.0000; 0.0000; 0.7500; 0.0000; 0.0000
0.0734; 0.0734; 0.0000; 0.0000; 0.0000; 0.2936; 0.0275; 0.5321; 0.0000
Bootstrap 6
Run TT with 174 training and 87 tests
Run CD with 280 training and 141 tests
Run FKW with 106 training and 54 tests
Run KW with 145 training and 73 tests
Run LPLT with 64 training and 33 tests
Run RD with 227 training and 114 tests
Run WBD with 6 training and 4 tests
Run WSD with 217 training and 109 tests
Confusion Matrix 7.0
0.4023; 0.2989; 0.0230; 0.0000; 0.0115; 0.0805; 0.0805; 0.1034; 0.0000
0.0638; 0.5177; 0.0071; 0.0000; 0.0000; 0.1915; 0.1418; 0.0780; 0.0000
0.0000; 0.0000; 0.8519; 0.0185; 0.1296; 0.0000; 0.0000; 0.0000; 0.0000
0.0000; 0.0000; 0.0137; 0.8493; 0.1370; 0.0000; 0.0000; 0.0000; 0.0000
0.0000; 0.0000; 0.0000; 0.2727; 0.7273; 0.0000; 0.0000; 0.0000; 0.0000
0.0526; 0.2018; 0.0000; 0.0000; 0.0088; 0.4386; 0.0789; 0.2193; 0.0000
0.0000; 0.5000; 0.0000; 0.0000; 0.0000; 0.2500; 0.2500; 0.0000; 0.0000
0.0826; 0.1009; 0.0000; 0.0092; 0.0000; 0.3853; 0.0275; 0.3945; 0.0000
Bootstrap 7
Run TT with 174 training and 87 tests
Run CD with 280 training and 141 tests
Run FKW with 106 training and 54 tests
Run KW with 145 training and 73 tests
Run LPLT with 64 training and 33 tests
Run RD with 227 training and 114 tests
Run WBD with 6 training and 4 tests
Run WSD with 217 training and 109 tests
Confusion Matrix 8.0
0.7701; 0.0690; 0.0345; 0.0000; 0.0115; 0.0460; 0.0115; 0.0575; 0.0000
0.0709; 0.4043; 0.0000; 0.0000; 0.0000; 0.0922; 0.4113; 0.0213; 0.0000
0.0000; 0.0000; 0.8889; 0.0370; 0.0370; 0.0000; 0.0370; 0.0000; 0.0000
0.0000; 0.0000; 0.0685; 0.6849; 0.2466; 0.0000; 0.0000; 0.0000; 0.0000
0.0000; 0.0000; 0.0000; 0.1515; 0.8182; 0.0000; 0.0303; 0.0000; 0.0000
0.0000; 0.0175; 0.0000; 0.0000; 0.0000; 0.6754; 0.0000; 0.3070; 0.0000
0.0000; 0.0000; 0.0000; 0.0000; 0.0000; 0.0000; 1.0000; 0.0000; 0.0000
0.1009; 0.0826; 0.0183; 0.0000; 0.0000; 0.2110; 0.0183; 0.5688; 0.0000
Bootstrap 8
Run TT with 174 training and 87 tests
Run CD with 280 training and 141 tests
Run FKW with 106 training and 54 tests
Run KW with 145 training and 73 tests
Run LPLT with 64 training and 33 tests
Run RD with 227 training and 114 tests
Run WBD with 6 training and 4 tests
Run WSD with 217 training and 109 tests
Confusion Matrix 9.0
0.9080; 0.0115; 0.0230; 0.0000; 0.0000; 0.0000; 0.0230; 0.0345; 0.0000
0.1560; 0.4184; 0.0000; 0.0000; 0.0000; 0.2624; 0.0426; 0.1206; 0.0000
0.0000; 0.0185; 0.8519; 0.0370; 0.0556; 0.0370; 0.0000; 0.0000; 0.0000
0.0000; 0.0000; 0.0274; 0.7808; 0.1918; 0.0000; 0.0000; 0.0000; 0.0000
0.0000; 0.0000; 0.0000; 0.5455; 0.4545; 0.0000; 0.0000; 0.0000; 0.0000
0.0175; 0.0351; 0.0000; 0.0000; 0.0000; 0.5789; 0.0000; 0.3684; 0.0000
0.0000; 0.5000; 0.0000; 0.0000; 0.0000; 0.0000; 0.5000; 0.0000; 0.0000
0.0917; 0.0459; 0.0092; 0.0000; 0.0000; 0.1927; 0.0275; 0.6330; 0.0000
Bootstrap 9
Run TT with 174 training and 87 tests
Run CD with 280 training and 141 tests
Run FKW with 106 training and 54 tests
Run KW with 145 training and 73 tests
Run LPLT with 64 training and 33 tests
Run RD with 227 training and 114 tests
Run WBD with 6 training and 4 tests
Run WSD with 217 training and 109 tests
Confusion Matrix 10.0
0.6897; 0.0920; 0.0115; 0.0000; 0.0115; 0.0230; 0.0575; 0.1149; 0.0000
0.1631; 0.3262; 0.0071; 0.0000; 0.0000; 0.2766; 0.0780; 0.1489; 0.0000
0.0000; 0.0000; 0.9444; 0.0000; 0.0370; 0.0000; 0.0185; 0.0000; 0.0000
0.0000; 0.0000; 0.0274; 0.8082; 0.1644; 0.0000; 0.0000; 0.0000; 0.0000
0.0000; 0.0000; 0.0606; 0.0909; 0.8182; 0.0000; 0.0303; 0.0000; 0.0000
0.0088; 0.0263; 0.0000; 0.0000; 0.0000; 0.5877; 0.0000; 0.3772; 0.0000
0.0000; 0.0000; 0.0000; 0.0000; 0.0000; 0.0000; 1.0000; 0.0000; 0.0000
0.0642; 0.0550; 0.0000; 0.0000; 0.0000; 0.3211; 0.0183; 0.5413; 0.0000
Bootstrap 10
Run TT with 174 training and 87 tests
Run CD with 280 training and 141 tests
Run FKW with 106 training and 54 tests
Run KW with 145 training and 73 tests
Run LPLT with 64 training and 33 tests
Run RD with 227 training and 114 tests
Run WBD with 6 training and 4 tests
Run WSD with 217 training and 109 tests
Confusion Matrix 11.0
0.4023; 0.3103; 0.0345; 0.0000; 0.0000; 0.0920; 0.1264; 0.0345; 0.0000
0.0496; 0.4397; 0.0071; 0.0000; 0.0000; 0.1844; 0.2411; 0.0780; 0.0000
0.0000; 0.0556; 0.8889; 0.0185; 0.0185; 0.0000; 0.0185; 0.0000; 0.0000
0.0000; 0.0000; 0.0000; 0.8767; 0.0959; 0.0000; 0.0274; 0.0000; 0.0000
0.0000; 0.0000; 0.0000; 0.4242; 0.5758; 0.0000; 0.0000; 0.0000; 0.0000
0.0789; 0.2018; 0.0000; 0.0088; 0.0088; 0.3947; 0.0877; 0.2193; 0.0000
0.0000; 0.2500; 0.0000; 0.0000; 0.0000; 0.0000; 0.7500; 0.0000; 0.0000
0.0642; 0.0550; 0.0000; 0.0000; 0.0000; 0.3028; 0.0275; 0.5505; 0.0000
Bootstrap 11
Run TT with 174 training and 87 tests
Run CD with 280 training and 141 tests
Run FKW with 106 training and 54 tests
Run KW with 145 training and 73 tests
Run LPLT with 64 training and 33 tests
Run RD with 227 training and 114 tests
Run WBD with 6 training and 4 tests
Run WSD with 217 training and 109 tests
Confusion Matrix 12.0
0.5862; 0.1724; 0.0115; 0.0000; 0.0345; 0.0345; 0.0575; 0.1034; 0.0000
0.0993; 0.4326; 0.0000; 0.0000; 0.0000; 0.2482; 0.0922; 0.1277; 0.0000
0.0000; 0.0000; 0.9630; 0.0000; 0.0370; 0.0000; 0.0000; 0.0000; 0.0000
0.0000; 0.0000; 0.0137; 0.8630; 0.1233; 0.0000; 0.0000; 0.0000; 0.0000
0.0000; 0.0000; 0.0000; 0.3030; 0.6970; 0.0000; 0.0000; 0.0000; 0.0000
0.0088; 0.0526; 0.0000; 0.0000; 0.0000; 0.6842; 0.0000; 0.2544; 0.0000
0.0000; 0.7500; 0.0000; 0.0000; 0.0000; 0.0000; 0.2500; 0.0000; 0.0000
0.0917; 0.0183; 0.0000; 0.0000; 0.0275; 0.2385; 0.0183; 0.6055; 0.0000
Bootstrap 12
Run TT with 174 training and 87 tests
Run CD with 280 training and 141 tests
Run FKW with 106 training and 54 tests
Run KW with 145 training and 73 tests
Run LPLT with 64 training and 33 tests
Run RD with 227 training and 114 tests
Run WBD with 6 training and 4 tests
Run WSD with 217 training and 109 tests
Confusion Matrix 13.0
0.5287; 0.2299; 0.0115; 0.0000; 0.0115; 0.1149; 0.0690; 0.0345; 0.0000
0.1135; 0.4539; 0.0142; 0.0000; 0.0000; 0.2128; 0.1135; 0.0922; 0.0000
0.0000; 0.0000; 1.0000; 0.0000; 0.0000; 0.0000; 0.0000; 0.0000; 0.0000
0.0000; 0.0000; 0.0274; 0.8767; 0.0959; 0.0000; 0.0000; 0.0000; 0.0000
0.0000; 0.0000; 0.0303; 0.5152; 0.4545; 0.0000; 0.0000; 0.0000; 0.0000
0.0614; 0.2456; 0.0088; 0.0000; 0.0000; 0.4386; 0.0439; 0.2018; 0.0000
0.0000; 0.5000; 0.2500; 0.0000; 0.0000; 0.0000; 0.2500; 0.0000; 0.0000
0.0642; 0.0550; 0.0000; 0.0000; 0.0183; 0.3486; 0.0459; 0.4679; 0.0000
Bootstrap 13
Run TT with 174 training and 87 tests
Run CD with 280 training and 141 tests
Run FKW with 106 training and 54 tests
Run KW with 145 training and 73 tests
Run LPLT with 64 training and 33 tests
Run RD with 227 training and 114 tests
Run WBD with 6 training and 4 tests
Run WSD with 217 training and 109 tests
Confusion Matrix 14.0
0.5862; 0.1609; 0.0460; 0.0000; 0.0230; 0.0230; 0.0575; 0.1034; 0.0000
0.0993; 0.4894; 0.0000; 0.0000; 0.0000; 0.2128; 0.0993; 0.0993; 0.0000
0.0000; 0.0370; 0.9074; 0.0185; 0.0185; 0.0000; 0.0185; 0.0000; 0.0000
0.0000; 0.0000; 0.0000; 0.6986; 0.3014; 0.0000; 0.0000; 0.0000; 0.0000
0.0000; 0.0000; 0.0909; 0.1212; 0.7576; 0.0000; 0.0303; 0.0000; 0.0000
0.0789; 0.1491; 0.0351; 0.0088; 0.0789; 0.4825; 0.0526; 0.1140; 0.0000
0.0000; 0.5000; 0.0000; 0.0000; 0.0000; 0.0000; 0.5000; 0.0000; 0.0000
0.0550; 0.0550; 0.0000; 0.0000; 0.0092; 0.3211; 0.0550; 0.5046; 0.0000
Bootstrap 14
Run TT with 174 training and 87 tests
Run CD with 280 training and 141 tests
Run FKW with 106 training and 54 tests
Run KW with 145 training and 73 tests
Run LPLT with 64 training and 33 tests
Run RD with 227 training and 114 tests
Run WBD with 6 training and 4 tests
Run WSD with 217 training and 109 tests
Confusion Matrix 15.0
0.8966; 0.0115; 0.0230; 0.0000; 0.0115; 0.0000; 0.0230; 0.0345; 0.0000
0.1064; 0.3830; 0.0000; 0.0000; 0.0000; 0.1702; 0.2695; 0.0709; 0.0000
0.0000; 0.0000; 0.9259; 0.0185; 0.0556; 0.0000; 0.0000; 0.0000; 0.0000
0.0000; 0.0000; 0.0822; 0.6849; 0.2055; 0.0000; 0.0274; 0.0000; 0.0000
0.0000; 0.0000; 0.0000; 0.4848; 0.5152; 0.0000; 0.0000; 0.0000; 0.0000
0.0088; 0.0614; 0.0000; 0.0000; 0.0000; 0.5702; 0.0175; 0.3421; 0.0000
0.0000; 0.2500; 0.0000; 0.0000; 0.0000; 0.0000; 0.7500; 0.0000; 0.0000
0.1101; 0.0550; 0.0000; 0.0000; 0.0000; 0.3028; 0.0092; 0.5229; 0.0000
Bootstrap 15
Run TT with 174 training and 87 tests
Run CD with 280 training and 141 tests
Run FKW with 106 training and 54 tests
Run KW with 145 training and 73 tests
Run LPLT with 64 training and 33 tests
Run RD with 227 training and 114 tests
Run WBD with 6 training and 4 tests
Run WSD with 217 training and 109 tests
Confusion Matrix 16.0
0.8161; 0.0230; 0.0575; 0.0000; 0.0000; 0.0230; 0.0230; 0.0575; 0.0000
0.0638; 0.4113; 0.0000; 0.0000; 0.0000; 0.0638; 0.4184; 0.0426; 0.0000
0.0000; 0.0000; 0.9444; 0.0185; 0.0185; 0.0000; 0.0185; 0.0000; 0.0000
0.0000; 0.0000; 0.0274; 0.6986; 0.2603; 0.0000; 0.0137; 0.0000; 0.0000
0.0000; 0.0000; 0.0303; 0.0909; 0.8485; 0.0000; 0.0303; 0.0000; 0.0000
0.1140; 0.1140; 0.0175; 0.0088; 0.0614; 0.4298; 0.1228; 0.1316; 0.0000
0.0000; 0.2500; 0.0000; 0.0000; 0.0000; 0.0000; 0.7500; 0.0000; 0.0000
0.0642; 0.0917; 0.0092; 0.0000; 0.0000; 0.3211; 0.0092; 0.5046; 0.0000
Bootstrap 16
Run TT with 174 training and 87 tests
Run CD with 280 training and 141 tests
Run FKW with 106 training and 54 tests
Run KW with 145 training and 73 tests
Run LPLT with 64 training and 33 tests
Run RD with 227 training and 114 tests
Run WBD with 6 training and 4 tests
Run WSD with 217 training and 109 tests
Confusion Matrix 17.0
0.5862; 0.1609; 0.0115; 0.0000; 0.0345; 0.0230; 0.0690; 0.1149; 0.0000
0.0638; 0.6596; 0.0071; 0.0000; 0.0000; 0.0567; 0.1702; 0.0426; 0.0000
0.0000; 0.0185; 0.9259; 0.0000; 0.0185; 0.0000; 0.0370; 0.0000; 0.0000
0.0000; 0.0000; 0.0000; 0.9041; 0.0822; 0.0000; 0.0137; 0.0000; 0.0000
0.0000; 0.0000; 0.0000; 0.3636; 0.6364; 0.0000; 0.0000; 0.0000; 0.0000
0.0877; 0.1667; 0.0351; 0.0000; 0.0877; 0.4386; 0.0526; 0.1316; 0.0000
0.0000; 0.5000; 0.0000; 0.0000; 0.0000; 0.0000; 0.5000; 0.0000; 0.0000
0.0917; 0.0459; 0.0092; 0.0000; 0.0000; 0.3394; 0.0092; 0.5046; 0.0000
Bootstrap 17
Run TT with 174 training and 87 tests
Run CD with 280 training and 141 tests
Run FKW with 106 training and 54 tests
Run KW with 145 training and 73 tests
Run LPLT with 64 training and 33 tests
Run RD with 227 training and 114 tests
Run WBD with 6 training and 4 tests
Run WSD with 217 training and 109 tests
Confusion Matrix 18.0
0.4138; 0.2299; 0.0575; 0.0000; 0.0115; 0.0805; 0.1034; 0.1034; 0.0000
0.0567; 0.4184; 0.0071; 0.0000; 0.0000; 0.2270; 0.2199; 0.0709; 0.0000
0.0000; 0.0000; 0.9630; 0.0000; 0.0370; 0.0000; 0.0000; 0.0000; 0.0000
0.0000; 0.0000; 0.0411; 0.8219; 0.1370; 0.0000; 0.0000; 0.0000; 0.0000
0.0000; 0.0000; 0.0000; 0.2424; 0.7576; 0.0000; 0.0000; 0.0000; 0.0000
0.0088; 0.0263; 0.0000; 0.0000; 0.0000; 0.5702; 0.0000; 0.3947; 0.0000
0.0000; 0.2500; 0.0000; 0.0000; 0.0000; 0.0000; 0.7500; 0.0000; 0.0000
0.0734; 0.0367; 0.0000; 0.0092; 0.0000; 0.2936; 0.0092; 0.5780; 0.0000
Bootstrap 18
Run TT with 174 training and 87 tests
Run CD with 280 training and 141 tests
Run FKW with 106 training and 54 tests
Run KW with 145 training and 73 tests
Run LPLT with 64 training and 33 tests
Run RD with 227 training and 114 tests
Run WBD with 6 training and 4 tests
Run WSD with 217 training and 109 tests
Confusion Matrix 19.0
0.6897; 0.1264; 0.0115; 0.0000; 0.0115; 0.0805; 0.0460; 0.0345; 0.0000
0.0993; 0.4468; 0.0071; 0.0000; 0.0000; 0.3121; 0.0780; 0.0567; 0.0000
0.0000; 0.0185; 0.8148; 0.0741; 0.0741; 0.0185; 0.0000; 0.0000; 0.0000
0.0000; 0.0000; 0.0685; 0.6712; 0.2603; 0.0000; 0.0000; 0.0000; 0.0000
0.0000; 0.0000; 0.0000; 0.3939; 0.6061; 0.0000; 0.0000; 0.0000; 0.0000
0.0088; 0.0088; 0.0000; 0.0000; 0.0000; 0.7807; 0.0000; 0.2018; 0.0000
0.0000; 0.5000; 0.0000; 0.0000; 0.0000; 0.2500; 0.2500; 0.0000; 0.0000
0.0734; 0.0459; 0.0183; 0.0000; 0.0000; 0.3211; 0.0092; 0.5321; 0.0000
Bootstrap 19
Run TT with 174 training and 87 tests
Run CD with 280 training and 141 tests
Run FKW with 106 training and 54 tests
Run KW with 145 training and 73 tests
Run LPLT with 64 training and 33 tests
Run RD with 227 training and 114 tests
Run WBD with 6 training and 4 tests
Run WSD with 217 training and 109 tests
Confusion Matrix 20.0
0.3448; 0.3218; 0.0230; 0.0000; 0.0000; 0.0805; 0.1149; 0.1149; 0.0000
0.0496; 0.6454; 0.0000; 0.0000; 0.0000; 0.1277; 0.1348; 0.0426; 0.0000
0.0000; 0.0000; 0.9259; 0.0370; 0.0370; 0.0000; 0.0000; 0.0000; 0.0000
0.0000; 0.0000; 0.0274; 0.8356; 0.1233; 0.0000; 0.0137; 0.0000; 0.0000
0.0000; 0.0000; 0.0606; 0.4242; 0.5152; 0.0000; 0.0000; 0.0000; 0.0000
0.0000; 0.0263; 0.0000; 0.0000; 0.0000; 0.7719; 0.0175; 0.1842; 0.0000
0.0000; 0.5000; 0.0000; 0.0000; 0.0000; 0.2500; 0.2500; 0.0000; 0.0000
0.0367; 0.0642; 0.0092; 0.0000; 0.0000; 0.2936; 0.0275; 0.5688; 0.0000
Bootstrap 20
Run TT with 174 training and 87 tests
Run CD with 280 training and 141 tests
Run FKW with 106 training and 54 tests
Run KW with 145 training and 73 tests
Run LPLT with 64 training and 33 tests
Run RD with 227 training and 114 tests
Run WBD with 6 training and 4 tests
Run WSD with 217 training and 109 tests
Confusion Matrix 21.0
0.6782; 0.1264; 0.0230; 0.0000; 0.0000; 0.0460; 0.0575; 0.0690; 0.0000
0.0993; 0.4610; 0.0142; 0.0000; 0.0000; 0.2411; 0.1064; 0.0780; 0.0000
0.0000; 0.0370; 0.9630; 0.0000; 0.0000; 0.0000; 0.0000; 0.0000; 0.0000
0.0000; 0.0000; 0.0411; 0.7671; 0.1918; 0.0000; 0.0000; 0.0000; 0.0000
0.0000; 0.0000; 0.0000; 0.6364; 0.3636; 0.0000; 0.0000; 0.0000; 0.0000
0.0789; 0.1404; 0.0000; 0.0000; 0.0088; 0.4474; 0.0789; 0.2456; 0.0000
0.0000; 0.5000; 0.0000; 0.0000; 0.0000; 0.0000; 0.5000; 0.0000; 0.0000
0.1009; 0.0367; 0.0000; 0.0092; 0.0000; 0.3486; 0.0459; 0.4587; 0.0000
Bootstrap 21
Run TT with 174 training and 87 tests
Run CD with 280 training and 141 tests
Run FKW with 106 training and 54 tests
Run KW with 145 training and 73 tests
Run LPLT with 64 training and 33 tests
Run RD with 227 training and 114 tests
Run WBD with 6 training and 4 tests
Run WSD with 217 training and 109 tests
Confusion Matrix 22.0
0.3793; 0.3333; 0.0230; 0.0000; 0.0115; 0.0920; 0.1379; 0.0230; 0.0000
0.0142; 0.5319; 0.0000; 0.0000; 0.0000; 0.0567; 0.2695; 0.1277; 0.0000
0.0000; 0.0000; 1.0000; 0.0000; 0.0000; 0.0000; 0.0000; 0.0000; 0.0000
0.0000; 0.0000; 0.0000; 0.8493; 0.1507; 0.0000; 0.0000; 0.0000; 0.0000
0.0000; 0.0000; 0.0000; 0.6364; 0.3636; 0.0000; 0.0000; 0.0000; 0.0000
0.0789; 0.1316; 0.0263; 0.0175; 0.0965; 0.4298; 0.0702; 0.1491; 0.0000
0.0000; 0.0000; 0.0000; 0.0000; 0.0000; 0.0000; 1.0000; 0.0000; 0.0000
0.0642; 0.0734; 0.0092; 0.0000; 0.0000; 0.3028; 0.0092; 0.5413; 0.0000
Bootstrap 22
Run TT with 174 training and 87 tests
Run CD with 280 training and 141 tests
Run FKW with 106 training and 54 tests
Run KW with 145 training and 73 tests
Run LPLT with 64 training and 33 tests
Run RD with 227 training and 114 tests
Run WBD with 6 training and 4 tests
Run WSD with 217 training and 109 tests
Confusion Matrix 23.0
0.3333; 0.3218; 0.0575; 0.0000; 0.0230; 0.0345; 0.1379; 0.0920; 0.0000
0.1135; 0.4539; 0.0071; 0.0000; 0.0000; 0.2411; 0.0567; 0.1277; 0.0000
0.0000; 0.0000; 1.0000; 0.0000; 0.0000; 0.0000; 0.0000; 0.0000; 0.0000
0.0000; 0.0000; 0.0137; 0.6986; 0.2877; 0.0000; 0.0000; 0.0000; 0.0000
0.0000; 0.0000; 0.0000; 0.1515; 0.8182; 0.0000; 0.0303; 0.0000; 0.0000
0.0702; 0.1491; 0.0351; 0.0000; 0.0789; 0.4211; 0.0789; 0.1667; 0.0000
0.0000; 0.5000; 0.0000; 0.0000; 0.0000; 0.0000; 0.5000; 0.0000; 0.0000
0.0734; 0.0642; 0.0092; 0.0000; 0.0000; 0.3578; 0.0275; 0.4679; 0.0000
Bootstrap 23
Run TT with 174 training and 87 tests
Run CD with 280 training and 141 tests
Run FKW with 106 training and 54 tests
Run KW with 145 training and 73 tests
Run LPLT with 64 training and 33 tests
Run RD with 227 training and 114 tests
Run WBD with 6 training and 4 tests
Run WSD with 217 training and 109 tests
Confusion Matrix 24.0
0.8851; 0.0230; 0.0115; 0.0000; 0.0000; 0.0345; 0.0115; 0.0345; 0.0000
0.0851; 0.4326; 0.0000; 0.0000; 0.0000; 0.0780; 0.3901; 0.0142; 0.0000
0.0000; 0.0000; 0.9444; 0.0000; 0.0185; 0.0000; 0.0370; 0.0000; 0.0000
0.0000; 0.0000; 0.0137; 0.8493; 0.1370; 0.0000; 0.0000; 0.0000; 0.0000
0.0000; 0.0000; 0.0000; 0.3030; 0.6970; 0.0000; 0.0000; 0.0000; 0.0000
0.1316; 0.1140; 0.0088; 0.0000; 0.1053; 0.4123; 0.0965; 0.1316; 0.0000
0.0000; 0.0000; 0.0000; 0.0000; 0.0000; 0.0000; 1.0000; 0.0000; 0.0000
0.0642; 0.0642; 0.0183; 0.0000; 0.0000; 0.3028; 0.0183; 0.5321; 0.0000
Bootstrap 24
Run TT with 174 training and 87 tests
Run CD with 280 training and 141 tests
Run FKW with 106 training and 54 tests
Run KW with 145 training and 73 tests
Run LPLT with 64 training and 33 tests
Run RD with 227 training and 114 tests
Run WBD with 6 training and 4 tests
Run WSD with 217 training and 109 tests
Confusion Matrix 25.0
0.8621; 0.0000; 0.0230; 0.0000; 0.0115; 0.0115; 0.0230; 0.0690; 0.0000
0.1277; 0.4255; 0.0000; 0.0000; 0.0000; 0.2695; 0.1418; 0.0355; 0.0000
0.0000; 0.0000; 0.9630; 0.0000; 0.0370; 0.0000; 0.0000; 0.0000; 0.0000
0.0000; 0.0000; 0.0274; 0.7397; 0.2329; 0.0000; 0.0000; 0.0000; 0.0000
0.0000; 0.0000; 0.0000; 0.3939; 0.6061; 0.0000; 0.0000; 0.0000; 0.0000
0.0000; 0.0351; 0.0000; 0.0000; 0.0000; 0.6842; 0.0000; 0.2807; 0.0000
0.0000; 0.5000; 0.0000; 0.0000; 0.0000; 0.2500; 0.2500; 0.0000; 0.0000
0.0826; 0.0550; 0.0092; 0.0000; 0.0000; 0.3028; 0.0092; 0.5413; 0.0000
Bootstrap 25
Run TT with 174 training and 87 tests
Run CD with 280 training and 141 tests
Run FKW with 106 training and 54 tests
Run KW with 145 training and 73 tests
Run LPLT with 64 training and 33 tests
Run RD with 227 training and 114 tests
Run WBD with 6 training and 4 tests
Run WSD with 217 training and 109 tests
Confusion Matrix 26.0
0.7816; 0.0690; 0.0230; 0.0000; 0.0115; 0.0230; 0.0115; 0.0805; 0.0000
0.0993; 0.3617; 0.0071; 0.0000; 0.0000; 0.1844; 0.2837; 0.0638; 0.0000
0.0000; 0.0000; 0.9630; 0.0000; 0.0185; 0.0000; 0.0185; 0.0000; 0.0000
0.0000; 0.0000; 0.0137; 0.7671; 0.2192; 0.0000; 0.0000; 0.0000; 0.0000
0.0000; 0.0000; 0.0909; 0.1212; 0.7576; 0.0000; 0.0303; 0.0000; 0.0000
0.0614; 0.1667; 0.0000; 0.0000; 0.0088; 0.4386; 0.0965; 0.2281; 0.0000
0.0000; 0.2500; 0.0000; 0.0000; 0.0000; 0.0000; 0.7500; 0.0000; 0.0000
0.0917; 0.0275; 0.0000; 0.0000; 0.0092; 0.3670; 0.0367; 0.4679; 0.0000
Bootstrap 26
Run TT with 174 training and 87 tests
Run CD with 280 training and 141 tests
Run FKW with 106 training and 54 tests
Run KW with 145 training and 73 tests
Run LPLT with 64 training and 33 tests
Run RD with 227 training and 114 tests
Run WBD with 6 training and 4 tests
Run WSD with 217 training and 109 tests
Confusion Matrix 27.0
0.4253; 0.2184; 0.0345; 0.0000; 0.0230; 0.0805; 0.1034; 0.1149; 0.0000
0.0567; 0.5248; 0.0000; 0.0000; 0.0000; 0.2057; 0.1560; 0.0567; 0.0000
0.0000; 0.0000; 0.9630; 0.0000; 0.0185; 0.0185; 0.0000; 0.0000; 0.0000
0.0000; 0.0000; 0.0548; 0.5068; 0.4110; 0.0000; 0.0274; 0.0000; 0.0000
0.0000; 0.0000; 0.0606; 0.1515; 0.7576; 0.0000; 0.0303; 0.0000; 0.0000
0.0000; 0.0702; 0.0000; 0.0000; 0.0000; 0.5877; 0.0088; 0.3333; 0.0000
0.0000; 0.5000; 0.0000; 0.0000; 0.0000; 0.0000; 0.5000; 0.0000; 0.0000
0.0734; 0.0459; 0.0092; 0.0000; 0.0000; 0.3119; 0.0275; 0.5321; 0.0000
Bootstrap 27
Run TT with 174 training and 87 tests
Run CD with 280 training and 141 tests
Run FKW with 106 training and 54 tests
Run KW with 145 training and 73 tests
Run LPLT with 64 training and 33 tests
Run RD with 227 training and 114 tests
Run WBD with 6 training and 4 tests
Run WSD with 217 training and 109 tests
Confusion Matrix 28.0
0.3563; 0.3563; 0.0575; 0.0000; 0.0115; 0.0460; 0.1264; 0.0460; 0.0000
0.0496; 0.5035; 0.0142; 0.0000; 0.0000; 0.1702; 0.1348; 0.1277; 0.0000
0.0000; 0.0000; 0.9630; 0.0000; 0.0370; 0.0000; 0.0000; 0.0000; 0.0000
0.0000; 0.0000; 0.0411; 0.6438; 0.3151; 0.0000; 0.0000; 0.0000; 0.0000
0.0000; 0.0000; 0.0000; 0.3030; 0.6970; 0.0000; 0.0000; 0.0000; 0.0000
0.0000; 0.0088; 0.0000; 0.0000; 0.0000; 0.6754; 0.0000; 0.3158; 0.0000
0.0000; 0.2500; 0.0000; 0.0000; 0.0000; 0.0000; 0.7500; 0.0000; 0.0000
0.0459; 0.0642; 0.0000; 0.0000; 0.0000; 0.2752; 0.0459; 0.5688; 0.0000
Bootstrap 28
Run TT with 174 training and 87 tests
Run CD with 280 training and 141 tests
Run FKW with 106 training and 54 tests
Run KW with 145 training and 73 tests
Run LPLT with 64 training and 33 tests
Run RD with 227 training and 114 tests
Run WBD with 6 training and 4 tests
Run WSD with 217 training and 109 tests
Confusion Matrix 29.0
0.7586; 0.0575; 0.0000; 0.0000; 0.0230; 0.0000; 0.0230; 0.1379; 0.0000
0.0638; 0.4681; 0.0000; 0.0000; 0.0000; 0.1418; 0.2057; 0.1206; 0.0000
0.0000; 0.0000; 0.9259; 0.0185; 0.0370; 0.0185; 0.0000; 0.0000; 0.0000
0.0000; 0.0000; 0.0411; 0.8767; 0.0822; 0.0000; 0.0000; 0.0000; 0.0000
0.0000; 0.0000; 0.0000; 0.6364; 0.3636; 0.0000; 0.0000; 0.0000; 0.0000
0.0000; 0.1053; 0.0000; 0.0000; 0.0000; 0.6491; 0.0000; 0.2456; 0.0000
0.0000; 0.7500; 0.0000; 0.0000; 0.0000; 0.0000; 0.2500; 0.0000; 0.0000
0.0642; 0.0550; 0.0000; 0.0000; 0.0183; 0.2936; 0.0367; 0.5321; 0.0000
Bootstrap 29
Run TT with 174 training and 87 tests
Run CD with 280 training and 141 tests
Run FKW with 106 training and 54 tests
Run KW with 145 training and 73 tests
Run LPLT with 64 training and 33 tests
Run RD with 227 training and 114 tests
Run WBD with 6 training and 4 tests
Run WSD with 217 training and 109 tests
Confusion Matrix 30.0
0.4023; 0.2414; 0.0345; 0.0000; 0.0230; 0.0690; 0.1379; 0.0920; 0.0000
0.0000; 0.5390; 0.0071; 0.0000; 0.0000; 0.1206; 0.2553; 0.0780; 0.0000
0.0000; 0.0370; 0.9074; 0.0000; 0.0185; 0.0000; 0.0370; 0.0000; 0.0000
0.0000; 0.0000; 0.0137; 0.7945; 0.1644; 0.0000; 0.0274; 0.0000; 0.0000
0.0000; 0.0000; 0.0303; 0.1515; 0.7879; 0.0000; 0.0303; 0.0000; 0.0000
0.0088; 0.0351; 0.0000; 0.0000; 0.0175; 0.6053; 0.0000; 0.3333; 0.0000
0.0000; 0.5000; 0.0000; 0.0000; 0.0000; 0.0000; 0.5000; 0.0000; 0.0000
0.0459; 0.0550; 0.0092; 0.0000; 0.0092; 0.2752; 0.0459; 0.5596; 0.0000
Mean confusion
0.6088; 0.1579; 0.0284; 0.0000; 0.0130; 0.0456; 0.0678; 0.0785; 0.0000
0.0830; 0.4700; 0.0045; 0.0000; 0.0000; 0.1801; 0.1858; 0.0766; 0.0000
0.0000; 0.0086; 0.9284; 0.0117; 0.0352; 0.0031; 0.0123; 0.0006; 0.0000
0.0000; 0.0000; 0.0274; 0.7740; 0.1927; 0.0000; 0.0059; 0.0000; 0.0000
0.0000; 0.0000; 0.0192; 0.3485; 0.6222; 0.0000; 0.0101; 0.0000; 0.0000
0.0386; 0.0942; 0.0070; 0.0020; 0.0246; 0.5579; 0.0351; 0.2406; 0.0000
0.0000; 0.3917; 0.0083; 0.0000; 0.0000; 0.0333; 0.5667; 0.0000; 0.0000
0.0749; 0.0584; 0.0052; 0.0012; 0.0031; 0.3000; 0.0248; 0.5324; 0.0000
STD Confusion
0.1973; 0.1192; 0.0170; 0.0000; 0.0103; 0.0333; 0.0467; 0.0384; 0.0000
0.0388; 0.0853; 0.0051; 0.0000; 0.0000; 0.0761; 0.1052; 0.0389; 0.0000
0.0000; 0.0159; 0.0483; 0.0179; 0.0309; 0.0085; 0.0178; 0.0034; 0.0000
0.0000; 0.0000; 0.0225; 0.0913; 0.0793; 0.0000; 0.0100; 0.0000; 0.0000
0.0000; 0.0000; 0.0303; 0.2030; 0.1756; 0.0000; 0.0145; 0.0000; 0.0000
0.0422; 0.0730; 0.0123; 0.0044; 0.0382; 0.1248; 0.0400; 0.0853; 0.0000
0.0000; 0.2146; 0.0456; 0.0000; 0.0000; 0.0864; 0.2537; 0.0000; 0.0000
0.0191; 0.0201; 0.0067; 0.0032; 0.0070; 0.0424; 0.0134; 0.0483; 0.0000
Lower 95% CI
0.3333; 0.0000; 0.0000; 0.0000; 0.0000; 0.0000; 0.0115; 0.0230; 0.0000
0.0000; 0.3262; 0.0000; 0.0000; 0.0000; 0.0567; 0.0426; 0.0000; 0.0000
0.0000; 0.0000; 0.8148; 0.0000; 0.0000; 0.0000; 0.0000; 0.0000; 0.0000
0.0000; 0.0000; 0.0000; 0.5068; 0.0822; 0.0000; 0.0000; 0.0000; 0.0000
0.0000; 0.0000; 0.0000; 0.0606; 0.2727; 0.0000; 0.0000; 0.0000; 0.0000
0.0000; 0.0088; 0.0000; 0.0000; 0.0000; 0.3947; 0.0000; 0.1053; 0.0000
0.0000; 0.0000; 0.0000; 0.0000; 0.0000; 0.0000; 0.2500; 0.0000; 0.0000
0.0367; 0.0183; 0.0000; 0.0000; 0.0000; 0.1927; 0.0092; 0.3945; 0.0000
Upper 95% CI
0.9080; 0.3563; 0.0575; 0.0000; 0.0345; 0.1149; 0.1724; 0.1494; 0.0000
0.1631; 0.6596; 0.0142; 0.0000; 0.0000; 0.3121; 0.4184; 0.1489; 0.0000
0.0000; 0.0556; 1.0000; 0.0741; 0.1296; 0.0370; 0.0741; 0.0185; 0.0000
0.0000; 0.0000; 0.0822; 0.9041; 0.4110; 0.0000; 0.0274; 0.0000; 0.0000
0.0000; 0.0000; 0.0909; 0.7273; 0.8485; 0.0000; 0.0303; 0.0000; 0.0000
0.1316; 0.2456; 0.0351; 0.0175; 0.1053; 0.7807; 0.1228; 0.3947; 0.0000
0.0000; 0.7500; 0.2500; 0.0000; 0.0000; 0.2500; 1.0000; 0.0000; 0.0000
0.1101; 0.1101; 0.0183; 0.0092; 0.0275; 0.3853; 0.0550; 0.6330; 0.0000
Run TT with 261 training and 0 tests
Run CD with 421 training and 0 tests
Run FKW with 160 training and 0 tests
Run KW with 218 training and 0 tests
Run LPLT with 97 training and 0 tests
Run RD with 341 training and 0 tests
Run WBD with 10 training and 0 tests
Run WSD with 326 training and 0 tests