Total Bootstraps 30
Num Species 8
FragmentLength 30; Section Length 35
TT; CD; FKW; KW; LPLT; RD; WBD; WSD
Bootstrap 0
Run TT with 138 training and 70 tests
Run CD with 226 training and 114 tests
Run FKW with 96 training and 49 tests
Run KW with 110 training and 56 tests
Run LPLT with 48 training and 24 tests
Run RD with 169 training and 85 tests
Run WBD with 6 training and 3 tests
Run WSD with 160 training and 81 tests
Confusion Matrix 1.0
0.8714; 0.0000; 0.0143; 0.0000; 0.0143; 0.0286; 0.0000; 0.0714; 0.0000
0.0702; 0.4123; 0.0000; 0.0000; 0.0000; 0.2018; 0.2368; 0.0789; 0.0000
0.0000; 0.0000; 0.9592; 0.0000; 0.0204; 0.0000; 0.0204; 0.0000; 0.0000
0.0000; 0.0000; 0.0179; 0.8929; 0.0536; 0.0000; 0.0357; 0.0000; 0.0000
0.0000; 0.0000; 0.0000; 0.7500; 0.2500; 0.0000; 0.0000; 0.0000; 0.0000
0.0118; 0.0118; 0.0000; 0.0000; 0.0000; 0.5294; 0.0118; 0.4353; 0.0000
0.0000; 0.3333; 0.0000; 0.0000; 0.0000; 0.0000; 0.6667; 0.0000; 0.0000
0.1235; 0.0247; 0.0000; 0.0000; 0.0000; 0.1975; 0.0247; 0.6296; 0.0000
Bootstrap 1
Run TT with 138 training and 70 tests
Run CD with 226 training and 114 tests
Run FKW with 96 training and 49 tests
Run KW with 110 training and 56 tests
Run LPLT with 48 training and 24 tests
Run RD with 169 training and 85 tests
Run WBD with 6 training and 3 tests
Run WSD with 160 training and 81 tests
Confusion Matrix 2.0
0.3857; 0.3286; 0.0571; 0.0000; 0.0143; 0.0143; 0.1000; 0.1000; 0.0000
0.0351; 0.6316; 0.0000; 0.0000; 0.0000; 0.0526; 0.2719; 0.0088; 0.0000
0.0000; 0.0000; 0.9184; 0.0408; 0.0204; 0.0000; 0.0204; 0.0000; 0.0000
0.0000; 0.0000; 0.1071; 0.6607; 0.2143; 0.0000; 0.0179; 0.0000; 0.0000
0.0000; 0.0000; 0.0417; 0.3333; 0.6250; 0.0000; 0.0000; 0.0000; 0.0000
0.0588; 0.2118; 0.0235; 0.0118; 0.0235; 0.3412; 0.1059; 0.2235; 0.0000
0.0000; 0.0000; 0.0000; 0.0000; 0.0000; 0.0000; 1.0000; 0.0000; 0.0000
0.0988; 0.0741; 0.0000; 0.0000; 0.0000; 0.2963; 0.0617; 0.4691; 0.0000
Bootstrap 2
Run TT with 138 training and 70 tests
Run CD with 226 training and 114 tests
Run FKW with 96 training and 49 tests
Run KW with 110 training and 56 tests
Run LPLT with 48 training and 24 tests
Run RD with 169 training and 85 tests
Run WBD with 6 training and 3 tests
Run WSD with 160 training and 81 tests
Confusion Matrix 3.0
0.8857; 0.0000; 0.0286; 0.0000; 0.0000; 0.0000; 0.0000; 0.0857; 0.0000
0.1140; 0.4298; 0.0088; 0.0000; 0.0000; 0.2632; 0.0877; 0.0965; 0.0000
0.0000; 0.0408; 0.8980; 0.0408; 0.0204; 0.0000; 0.0000; 0.0000; 0.0000
0.0000; 0.0000; 0.0357; 0.8929; 0.0714; 0.0000; 0.0000; 0.0000; 0.0000
0.0000; 0.0000; 0.0000; 0.5833; 0.4167; 0.0000; 0.0000; 0.0000; 0.0000
0.0471; 0.0588; 0.0235; 0.0235; 0.0118; 0.4824; 0.0706; 0.2824; 0.0000
0.0000; 1.0000; 0.0000; 0.0000; 0.0000; 0.0000; 0.0000; 0.0000; 0.0000
0.0864; 0.0741; 0.0000; 0.0000; 0.0000; 0.3333; 0.0123; 0.4938; 0.0000
Bootstrap 3
Run TT with 138 training and 70 tests
Run CD with 226 training and 114 tests
Run FKW with 96 training and 49 tests
Run KW with 110 training and 56 tests
Run LPLT with 48 training and 24 tests
Run RD with 169 training and 85 tests
Run WBD with 6 training and 3 tests
Run WSD with 160 training and 81 tests
Confusion Matrix 4.0
0.4857; 0.2000; 0.0143; 0.0000; 0.0000; 0.0429; 0.1286; 0.1286; 0.0000
0.1404; 0.2982; 0.0088; 0.0000; 0.0000; 0.3684; 0.0789; 0.1053; 0.0000
0.0000; 0.0000; 0.8776; 0.0204; 0.0612; 0.0204; 0.0204; 0.0000; 0.0000
0.0000; 0.0000; 0.0179; 0.8393; 0.1429; 0.0000; 0.0000; 0.0000; 0.0000
0.0000; 0.0000; 0.0000; 0.3750; 0.6250; 0.0000; 0.0000; 0.0000; 0.0000
0.0000; 0.0353; 0.0000; 0.0000; 0.0000; 0.6588; 0.0000; 0.3059; 0.0000
0.0000; 0.6667; 0.0000; 0.0000; 0.0000; 0.0000; 0.3333; 0.0000; 0.0000
0.0864; 0.0247; 0.0000; 0.0000; 0.0000; 0.2222; 0.0494; 0.6173; 0.0000
Bootstrap 4
Run TT with 138 training and 70 tests
Run CD with 226 training and 114 tests
Run FKW with 96 training and 49 tests
Run KW with 110 training and 56 tests
Run LPLT with 48 training and 24 tests
Run RD with 169 training and 85 tests
Run WBD with 6 training and 3 tests
Run WSD with 160 training and 81 tests
Confusion Matrix 5.0
0.4286; 0.2571; 0.0571; 0.0000; 0.0143; 0.1286; 0.0571; 0.0571; 0.0000
0.0789; 0.3860; 0.0088; 0.0000; 0.0000; 0.2544; 0.1053; 0.1667; 0.0000
0.0000; 0.0000; 0.9388; 0.0000; 0.0204; 0.0204; 0.0204; 0.0000; 0.0000
0.0000; 0.0000; 0.0357; 0.8929; 0.0714; 0.0000; 0.0000; 0.0000; 0.0000
0.0000; 0.0000; 0.0000; 0.3333; 0.6667; 0.0000; 0.0000; 0.0000; 0.0000
0.0235; 0.0235; 0.0000; 0.0000; 0.0000; 0.6824; 0.0118; 0.2588; 0.0000
0.0000; 0.3333; 0.0000; 0.0000; 0.0000; 0.0000; 0.6667; 0.0000; 0.0000
0.1235; 0.0494; 0.0000; 0.0000; 0.0000; 0.2716; 0.0123; 0.5432; 0.0000
Bootstrap 5
Run TT with 138 training and 70 tests
Run CD with 226 training and 114 tests
Run FKW with 96 training and 49 tests
Run KW with 110 training and 56 tests
Run LPLT with 48 training and 24 tests
Run RD with 169 training and 85 tests
Run WBD with 6 training and 3 tests
Run WSD with 160 training and 81 tests
Confusion Matrix 6.0
0.8429; 0.0429; 0.0286; 0.0000; 0.0000; 0.0286; 0.0000; 0.0571; 0.0000
0.0789; 0.6228; 0.0088; 0.0000; 0.0000; 0.0526; 0.2193; 0.0175; 0.0000
0.0000; 0.0204; 0.9388; 0.0000; 0.0408; 0.0000; 0.0000; 0.0000; 0.0000
0.0000; 0.0000; 0.0357; 0.8929; 0.0714; 0.0000; 0.0000; 0.0000; 0.0000
0.0000; 0.0000; 0.0000; 0.2500; 0.7500; 0.0000; 0.0000; 0.0000; 0.0000
0.1059; 0.1882; 0.0235; 0.0118; 0.0235; 0.4353; 0.1059; 0.1059; 0.0000
0.0000; 0.3333; 0.0000; 0.0000; 0.0000; 0.0000; 0.6667; 0.0000; 0.0000
0.1235; 0.0864; 0.0000; 0.0000; 0.0000; 0.2963; 0.0864; 0.4074; 0.0000
Bootstrap 6
Run TT with 138 training and 70 tests
Run CD with 226 training and 114 tests
Run FKW with 96 training and 49 tests
Run KW with 110 training and 56 tests
Run LPLT with 48 training and 24 tests
Run RD with 169 training and 85 tests
Run WBD with 6 training and 3 tests
Run WSD with 160 training and 81 tests
Confusion Matrix 7.0
0.7286; 0.1571; 0.0000; 0.0000; 0.0000; 0.0429; 0.0286; 0.0429; 0.0000
0.1404; 0.3333; 0.0088; 0.0000; 0.0000; 0.1930; 0.2719; 0.0526; 0.0000
0.0000; 0.0000; 0.8980; 0.0612; 0.0204; 0.0000; 0.0204; 0.0000; 0.0000
0.0000; 0.0000; 0.1071; 0.7321; 0.1607; 0.0000; 0.0000; 0.0000; 0.0000
0.0000; 0.0000; 0.0000; 0.8750; 0.1250; 0.0000; 0.0000; 0.0000; 0.0000
0.1176; 0.1882; 0.0000; 0.0000; 0.0235; 0.3647; 0.0941; 0.2118; 0.0000
0.0000; 0.3333; 0.0000; 0.0000; 0.0000; 0.0000; 0.6667; 0.0000; 0.0000
0.1111; 0.0370; 0.0000; 0.0000; 0.0000; 0.2716; 0.0247; 0.5556; 0.0000
Bootstrap 7
Run TT with 138 training and 70 tests
Run CD with 226 training and 114 tests
Run FKW with 96 training and 49 tests
Run KW with 110 training and 56 tests
Run LPLT with 48 training and 24 tests
Run RD with 169 training and 85 tests
Run WBD with 6 training and 3 tests
Run WSD with 160 training and 81 tests
Confusion Matrix 8.0
0.3714; 0.2714; 0.0714; 0.0000; 0.0000; 0.0429; 0.1143; 0.1286; 0.0000
0.0439; 0.5263; 0.0088; 0.0000; 0.0000; 0.0614; 0.2719; 0.0877; 0.0000
0.0000; 0.0612; 0.8367; 0.0408; 0.0408; 0.0204; 0.0000; 0.0000; 0.0000
0.0000; 0.0000; 0.1429; 0.7321; 0.1250; 0.0000; 0.0000; 0.0000; 0.0000
0.0000; 0.0000; 0.0000; 0.2500; 0.7500; 0.0000; 0.0000; 0.0000; 0.0000
0.0824; 0.1412; 0.0235; 0.0000; 0.0353; 0.4000; 0.0824; 0.2353; 0.0000
0.0000; 0.6667; 0.0000; 0.0000; 0.0000; 0.0000; 0.0000; 0.3333; 0.0000
0.0864; 0.1111; 0.0000; 0.0000; 0.0000; 0.3086; 0.0370; 0.4568; 0.0000
Bootstrap 8
Run TT with 138 training and 70 tests
Run CD with 226 training and 114 tests
Run FKW with 96 training and 49 tests
Run KW with 110 training and 56 tests
Run LPLT with 48 training and 24 tests
Run RD with 169 training and 85 tests
Run WBD with 6 training and 3 tests
Run WSD with 160 training and 81 tests
Confusion Matrix 9.0
0.6571; 0.0857; 0.0286; 0.0000; 0.0000; 0.0429; 0.1000; 0.0857; 0.0000
0.0614; 0.4474; 0.0088; 0.0000; 0.0000; 0.1754; 0.2456; 0.0614; 0.0000
0.0000; 0.0408; 0.9184; 0.0204; 0.0204; 0.0000; 0.0000; 0.0000; 0.0000
0.0000; 0.0000; 0.0179; 0.8929; 0.0893; 0.0000; 0.0000; 0.0000; 0.0000
0.0000; 0.0000; 0.0000; 0.2500; 0.7500; 0.0000; 0.0000; 0.0000; 0.0000
0.0000; 0.0235; 0.0000; 0.0000; 0.0000; 0.5294; 0.0000; 0.4471; 0.0000
0.0000; 0.3333; 0.0000; 0.0000; 0.0000; 0.0000; 0.6667; 0.0000; 0.0000
0.1111; 0.0123; 0.0000; 0.0000; 0.0000; 0.2099; 0.0617; 0.6049; 0.0000
Bootstrap 9
Run TT with 138 training and 70 tests
Run CD with 226 training and 114 tests
Run FKW with 96 training and 49 tests
Run KW with 110 training and 56 tests
Run LPLT with 48 training and 24 tests
Run RD with 169 training and 85 tests
Run WBD with 6 training and 3 tests
Run WSD with 160 training and 81 tests
Confusion Matrix 10.0
0.3714; 0.2714; 0.0714; 0.0000; 0.0000; 0.0429; 0.2000; 0.0429; 0.0000
0.0351; 0.5263; 0.0000; 0.0000; 0.0000; 0.0789; 0.2982; 0.0614; 0.0000
0.0000; 0.0000; 0.9388; 0.0000; 0.0204; 0.0204; 0.0204; 0.0000; 0.0000
0.0000; 0.0000; 0.0536; 0.7143; 0.2143; 0.0000; 0.0179; 0.0000; 0.0000
0.0000; 0.0000; 0.0000; 0.5833; 0.4167; 0.0000; 0.0000; 0.0000; 0.0000
0.0824; 0.1765; 0.0353; 0.0000; 0.0353; 0.3882; 0.0941; 0.1882; 0.0000
0.0000; 0.3333; 0.0000; 0.0000; 0.0000; 0.0000; 0.6667; 0.0000; 0.0000
0.0864; 0.0864; 0.0000; 0.0000; 0.0000; 0.2716; 0.0494; 0.5062; 0.0000
Bootstrap 10
Run TT with 138 training and 70 tests
Run CD with 226 training and 114 tests
Run FKW with 96 training and 49 tests
Run KW with 110 training and 56 tests
Run LPLT with 48 training and 24 tests
Run RD with 169 training and 85 tests
Run WBD with 6 training and 3 tests
Run WSD with 160 training and 81 tests
Confusion Matrix 11.0
0.5714; 0.2286; 0.0286; 0.0000; 0.0000; 0.0429; 0.0714; 0.0571; 0.0000
0.0526; 0.6667; 0.0000; 0.0000; 0.0000; 0.0351; 0.2456; 0.0000; 0.0000
0.0000; 0.0408; 0.9388; 0.0204; 0.0000; 0.0000; 0.0000; 0.0000; 0.0000
0.0000; 0.0000; 0.0536; 0.7679; 0.1786; 0.0000; 0.0000; 0.0000; 0.0000
0.0000; 0.0000; 0.0417; 0.1250; 0.7917; 0.0000; 0.0417; 0.0000; 0.0000
0.1176; 0.2118; 0.0118; 0.0000; 0.0353; 0.4235; 0.0941; 0.1059; 0.0000
0.0000; 0.3333; 0.0000; 0.0000; 0.0000; 0.0000; 0.6667; 0.0000; 0.0000
0.0617; 0.1358; 0.0000; 0.0000; 0.0000; 0.3086; 0.0247; 0.4691; 0.0000
Bootstrap 11
Run TT with 138 training and 70 tests
Run CD with 226 training and 114 tests
Run FKW with 96 training and 49 tests
Run KW with 110 training and 56 tests
Run LPLT with 48 training and 24 tests
Run RD with 169 training and 85 tests
Run WBD with 6 training and 3 tests
Run WSD with 160 training and 81 tests
Confusion Matrix 12.0
0.3857; 0.2857; 0.0571; 0.0000; 0.0000; 0.0429; 0.1286; 0.1000; 0.0000
0.0877; 0.3596; 0.0088; 0.0000; 0.0000; 0.2895; 0.1140; 0.1404; 0.0000
0.0000; 0.0000; 0.8980; 0.0408; 0.0408; 0.0204; 0.0000; 0.0000; 0.0000
0.0000; 0.0000; 0.0179; 0.8750; 0.0893; 0.0000; 0.0179; 0.0000; 0.0000
0.0000; 0.0000; 0.0000; 0.2500; 0.7083; 0.0000; 0.0417; 0.0000; 0.0000
0.0000; 0.0353; 0.0000; 0.0000; 0.0000; 0.7294; 0.0000; 0.2353; 0.0000
0.0000; 0.6667; 0.0000; 0.0000; 0.0000; 0.0000; 0.0000; 0.3333; 0.0000
0.0617; 0.0617; 0.0000; 0.0000; 0.0000; 0.2346; 0.0123; 0.6296; 0.0000
Bootstrap 12
Run TT with 138 training and 70 tests
Run CD with 226 training and 114 tests
Run FKW with 96 training and 49 tests
Run KW with 110 training and 56 tests
Run LPLT with 48 training and 24 tests
Run RD with 169 training and 85 tests
Run WBD with 6 training and 3 tests
Run WSD with 160 training and 81 tests
Confusion Matrix 13.0
0.7714; 0.0429; 0.0000; 0.0000; 0.0143; 0.0143; 0.0714; 0.0857; 0.0000
0.0877; 0.4649; 0.0088; 0.0000; 0.0000; 0.1404; 0.2368; 0.0614; 0.0000
0.0000; 0.0204; 0.8776; 0.0000; 0.0612; 0.0000; 0.0408; 0.0000; 0.0000
0.0000; 0.0000; 0.0536; 0.7321; 0.1607; 0.0000; 0.0536; 0.0000; 0.0000
0.0000; 0.0000; 0.0000; 0.5000; 0.5000; 0.0000; 0.0000; 0.0000; 0.0000
0.0000; 0.0000; 0.0000; 0.0000; 0.0000; 0.5882; 0.0235; 0.3882; 0.0000
0.0000; 0.0000; 0.0000; 0.0000; 0.0000; 0.0000; 1.0000; 0.0000; 0.0000
0.0864; 0.0123; 0.0000; 0.0000; 0.0123; 0.1728; 0.0494; 0.6667; 0.0000
Bootstrap 13
Run TT with 138 training and 70 tests
Run CD with 226 training and 114 tests
Run FKW with 96 training and 49 tests
Run KW with 110 training and 56 tests
Run LPLT with 48 training and 24 tests
Run RD with 169 training and 85 tests
Run WBD with 6 training and 3 tests
Run WSD with 160 training and 81 tests
Confusion Matrix 14.0
0.3714; 0.2429; 0.0571; 0.0000; 0.0000; 0.1143; 0.1000; 0.1143; 0.0000
0.0965; 0.4211; 0.0088; 0.0000; 0.0000; 0.2456; 0.1667; 0.0614; 0.0000
0.0000; 0.0000; 0.8163; 0.0000; 0.1224; 0.0000; 0.0612; 0.0000; 0.0000
0.0000; 0.0000; 0.0357; 0.8750; 0.0893; 0.0000; 0.0000; 0.0000; 0.0000
0.0000; 0.0000; 0.0417; 0.5417; 0.4167; 0.0000; 0.0000; 0.0000; 0.0000
0.0235; 0.0000; 0.0000; 0.0000; 0.0000; 0.5294; 0.0000; 0.4471; 0.0000
0.0000; 0.3333; 0.0000; 0.0000; 0.0000; 0.0000; 0.6667; 0.0000; 0.0000
0.0988; 0.0494; 0.0000; 0.0000; 0.0000; 0.2099; 0.0247; 0.6173; 0.0000
Bootstrap 14
Run TT with 138 training and 70 tests
Run CD with 226 training and 114 tests
Run FKW with 96 training and 49 tests
Run KW with 110 training and 56 tests
Run LPLT with 48 training and 24 tests
Run RD with 169 training and 85 tests
Run WBD with 6 training and 3 tests
Run WSD with 160 training and 81 tests
Confusion Matrix 15.0
0.6571; 0.1571; 0.0000; 0.0000; 0.0143; 0.0143; 0.0286; 0.1286; 0.0000
0.0351; 0.4912; 0.0000; 0.0000; 0.0000; 0.2193; 0.1579; 0.0965; 0.0000
0.0000; 0.0204; 0.9184; 0.0204; 0.0204; 0.0000; 0.0000; 0.0204; 0.0000
0.0000; 0.0000; 0.0179; 0.9286; 0.0357; 0.0000; 0.0179; 0.0000; 0.0000
0.0000; 0.0000; 0.0000; 0.7917; 0.2083; 0.0000; 0.0000; 0.0000; 0.0000
0.0235; 0.0471; 0.0000; 0.0000; 0.0000; 0.5647; 0.0118; 0.3529; 0.0000
0.0000; 0.0000; 0.0000; 0.0000; 0.0000; 0.0000; 1.0000; 0.0000; 0.0000
0.0741; 0.0617; 0.0000; 0.0000; 0.0000; 0.1728; 0.0247; 0.6667; 0.0000
Bootstrap 15
Run TT with 138 training and 70 tests
Run CD with 226 training and 114 tests
Run FKW with 96 training and 49 tests
Run KW with 110 training and 56 tests
Run LPLT with 48 training and 24 tests
Run RD with 169 training and 85 tests
Run WBD with 6 training and 3 tests
Run WSD with 160 training and 81 tests
Confusion Matrix 16.0
0.4286; 0.3143; 0.0571; 0.0000; 0.0000; 0.0429; 0.1143; 0.0429; 0.0000
0.0789; 0.3158; 0.0088; 0.0000; 0.0000; 0.3333; 0.1754; 0.0877; 0.0000
0.0000; 0.0000; 0.9184; 0.0000; 0.0204; 0.0204; 0.0408; 0.0000; 0.0000
0.0000; 0.0000; 0.0714; 0.7857; 0.1071; 0.0000; 0.0357; 0.0000; 0.0000
0.0000; 0.0000; 0.0000; 0.8750; 0.1250; 0.0000; 0.0000; 0.0000; 0.0000
0.0000; 0.0941; 0.0000; 0.0000; 0.0000; 0.5765; 0.0118; 0.3176; 0.0000
0.0000; 0.0000; 0.0000; 0.0000; 0.0000; 0.0000; 1.0000; 0.0000; 0.0000
0.0617; 0.0617; 0.0000; 0.0000; 0.0000; 0.2469; 0.0494; 0.5802; 0.0000
Bootstrap 16
Run TT with 138 training and 70 tests
Run CD with 226 training and 114 tests
Run FKW with 96 training and 49 tests
Run KW with 110 training and 56 tests
Run LPLT with 48 training and 24 tests
Run RD with 169 training and 85 tests
Run WBD with 6 training and 3 tests
Run WSD with 160 training and 81 tests
Confusion Matrix 17.0
0.6714; 0.1714; 0.0143; 0.0000; 0.0000; 0.0571; 0.0286; 0.0571; 0.0000
0.0614; 0.5789; 0.0000; 0.0000; 0.0000; 0.0789; 0.2544; 0.0263; 0.0000
0.0000; 0.0000; 0.9184; 0.0000; 0.0816; 0.0000; 0.0000; 0.0000; 0.0000
0.0000; 0.0000; 0.0536; 0.6250; 0.3036; 0.0000; 0.0179; 0.0000; 0.0000
0.0000; 0.0000; 0.0417; 0.1250; 0.7917; 0.0000; 0.0417; 0.0000; 0.0000
0.1059; 0.1882; 0.0235; 0.0000; 0.0118; 0.3412; 0.1059; 0.2235; 0.0000
0.0000; 0.6667; 0.0000; 0.0000; 0.0000; 0.0000; 0.3333; 0.0000; 0.0000
0.0741; 0.0741; 0.0000; 0.0000; 0.0123; 0.2963; 0.0123; 0.5309; 0.0000
Bootstrap 17
Run TT with 138 training and 70 tests
Run CD with 226 training and 114 tests
Run FKW with 96 training and 49 tests
Run KW with 110 training and 56 tests
Run LPLT with 48 training and 24 tests
Run RD with 169 training and 85 tests
Run WBD with 6 training and 3 tests
Run WSD with 160 training and 81 tests
Confusion Matrix 18.0
0.3571; 0.3429; 0.0571; 0.0000; 0.0000; 0.0714; 0.0857; 0.0857; 0.0000
0.0439; 0.5789; 0.0000; 0.0000; 0.0000; 0.1053; 0.2719; 0.0000; 0.0000
0.0000; 0.0204; 0.8776; 0.0000; 0.0408; 0.0000; 0.0612; 0.0000; 0.0000
0.0000; 0.0000; 0.0536; 0.7143; 0.1964; 0.0000; 0.0357; 0.0000; 0.0000
0.0000; 0.0000; 0.0000; 0.2083; 0.7917; 0.0000; 0.0000; 0.0000; 0.0000
0.0118; 0.0941; 0.0000; 0.0000; 0.0000; 0.6588; 0.0000; 0.2353; 0.0000
0.0000; 0.3333; 0.0000; 0.0000; 0.0000; 0.0000; 0.6667; 0.0000; 0.0000
0.0988; 0.1235; 0.0000; 0.0000; 0.0000; 0.1605; 0.0617; 0.5556; 0.0000
Bootstrap 18
Run TT with 138 training and 70 tests
Run CD with 226 training and 114 tests
Run FKW with 96 training and 49 tests
Run KW with 110 training and 56 tests
Run LPLT with 48 training and 24 tests
Run RD with 169 training and 85 tests
Run WBD with 6 training and 3 tests
Run WSD with 160 training and 81 tests
Confusion Matrix 19.0
0.7286; 0.1571; 0.0000; 0.0143; 0.0000; 0.0571; 0.0000; 0.0429; 0.0000
0.0526; 0.5526; 0.0000; 0.0000; 0.0000; 0.0702; 0.3246; 0.0000; 0.0000
0.0000; 0.0000; 0.9184; 0.0000; 0.0204; 0.0204; 0.0408; 0.0000; 0.0000
0.0000; 0.0000; 0.0357; 0.8571; 0.0714; 0.0000; 0.0357; 0.0000; 0.0000
0.0000; 0.0000; 0.0000; 0.7083; 0.2917; 0.0000; 0.0000; 0.0000; 0.0000
0.0706; 0.2000; 0.0000; 0.0000; 0.0000; 0.4471; 0.0941; 0.1882; 0.0000
0.0000; 0.0000; 0.0000; 0.0000; 0.0000; 0.0000; 1.0000; 0.0000; 0.0000
0.0864; 0.1358; 0.0000; 0.0000; 0.0000; 0.2963; 0.0247; 0.4568; 0.0000
Bootstrap 19
Run TT with 138 training and 70 tests
Run CD with 226 training and 114 tests
Run FKW with 96 training and 49 tests
Run KW with 110 training and 56 tests
Run LPLT with 48 training and 24 tests
Run RD with 169 training and 85 tests
Run WBD with 6 training and 3 tests
Run WSD with 160 training and 81 tests
Confusion Matrix 20.0
0.8714; 0.0143; 0.0143; 0.0000; 0.0000; 0.0286; 0.0000; 0.0714; 0.0000
0.1140; 0.3860; 0.0088; 0.0000; 0.0000; 0.2544; 0.1667; 0.0702; 0.0000
0.0000; 0.0204; 0.9388; 0.0000; 0.0204; 0.0000; 0.0204; 0.0000; 0.0000
0.0000; 0.0000; 0.0179; 0.9464; 0.0357; 0.0000; 0.0000; 0.0000; 0.0000
0.0000; 0.0000; 0.0000; 0.8750; 0.1250; 0.0000; 0.0000; 0.0000; 0.0000
0.0353; 0.0471; 0.0000; 0.0000; 0.0000; 0.5412; 0.0000; 0.3765; 0.0000
0.0000; 0.3333; 0.0000; 0.0000; 0.0000; 0.0000; 0.6667; 0.0000; 0.0000
0.0741; 0.0741; 0.0000; 0.0000; 0.0000; 0.2346; 0.0247; 0.5926; 0.0000
Bootstrap 20
Run TT with 138 training and 70 tests
Run CD with 226 training and 114 tests
Run FKW with 96 training and 49 tests
Run KW with 110 training and 56 tests
Run LPLT with 48 training and 24 tests
Run RD with 169 training and 85 tests
Run WBD with 6 training and 3 tests
Run WSD with 160 training and 81 tests
Confusion Matrix 21.0
0.4571; 0.1714; 0.0286; 0.0000; 0.0000; 0.0571; 0.1429; 0.1429; 0.0000
0.0263; 0.6667; 0.0000; 0.0000; 0.0000; 0.0965; 0.2018; 0.0088; 0.0000
0.0204; 0.0408; 0.9388; 0.0000; 0.0000; 0.0000; 0.0000; 0.0000; 0.0000
0.0000; 0.0000; 0.1071; 0.6429; 0.2143; 0.0000; 0.0357; 0.0000; 0.0000
0.0000; 0.0000; 0.0833; 0.0833; 0.7917; 0.0000; 0.0417; 0.0000; 0.0000
0.0000; 0.0353; 0.0000; 0.0000; 0.0000; 0.5059; 0.0000; 0.4588; 0.0000
0.0000; 0.6667; 0.0000; 0.0000; 0.0000; 0.0000; 0.0000; 0.3333; 0.0000
0.0741; 0.0741; 0.0123; 0.0000; 0.0000; 0.1852; 0.0123; 0.6420; 0.0000
Bootstrap 21
Run TT with 138 training and 70 tests
Run CD with 226 training and 114 tests
Run FKW with 96 training and 49 tests
Run KW with 110 training and 56 tests
Run LPLT with 48 training and 24 tests
Run RD with 169 training and 85 tests
Run WBD with 6 training and 3 tests
Run WSD with 160 training and 81 tests
Confusion Matrix 22.0
0.8429; 0.0000; 0.0429; 0.0000; 0.0000; 0.0143; 0.0000; 0.1000; 0.0000
0.1228; 0.3421; 0.0000; 0.0000; 0.0000; 0.2719; 0.1404; 0.1228; 0.0000
0.0000; 0.0408; 0.9184; 0.0000; 0.0408; 0.0000; 0.0000; 0.0000; 0.0000
0.0000; 0.0000; 0.0893; 0.6964; 0.1964; 0.0000; 0.0179; 0.0000; 0.0000
0.0000; 0.0000; 0.0417; 0.4167; 0.5417; 0.0000; 0.0000; 0.0000; 0.0000
0.0000; 0.0118; 0.0000; 0.0000; 0.0000; 0.6000; 0.0235; 0.3647; 0.0000
0.0000; 0.0000; 0.0000; 0.0000; 0.0000; 0.0000; 1.0000; 0.0000; 0.0000
0.0988; 0.0247; 0.0000; 0.0000; 0.0000; 0.2222; 0.0370; 0.6173; 0.0000
Bootstrap 22
Run TT with 138 training and 70 tests
Run CD with 226 training and 114 tests
Run FKW with 96 training and 49 tests
Run KW with 110 training and 56 tests
Run LPLT with 48 training and 24 tests
Run RD with 169 training and 85 tests
Run WBD with 6 training and 3 tests
Run WSD with 160 training and 81 tests
Confusion Matrix 23.0
0.8857; 0.0000; 0.0429; 0.0000; 0.0000; 0.0143; 0.0000; 0.0571; 0.0000
0.0877; 0.4912; 0.0000; 0.0000; 0.0000; 0.0614; 0.3421; 0.0175; 0.0000
0.0204; 0.0408; 0.9388; 0.0000; 0.0000; 0.0000; 0.0000; 0.0000; 0.0000
0.0000; 0.0000; 0.0179; 0.8929; 0.0893; 0.0000; 0.0000; 0.0000; 0.0000
0.0000; 0.0000; 0.0417; 0.2500; 0.7083; 0.0000; 0.0000; 0.0000; 0.0000
0.0824; 0.1765; 0.0000; 0.0000; 0.0000; 0.4118; 0.1294; 0.2000; 0.0000
0.0000; 0.0000; 0.0000; 0.0000; 0.0000; 0.0000; 1.0000; 0.0000; 0.0000
0.0988; 0.0864; 0.0000; 0.0000; 0.0000; 0.2222; 0.0741; 0.5185; 0.0000
Bootstrap 23
Run TT with 138 training and 70 tests
Run CD with 226 training and 114 tests
Run FKW with 96 training and 49 tests
Run KW with 110 training and 56 tests
Run LPLT with 48 training and 24 tests
Run RD with 169 training and 85 tests
Run WBD with 6 training and 3 tests
Run WSD with 160 training and 81 tests
Confusion Matrix 24.0
0.3571; 0.2571; 0.0429; 0.0000; 0.0000; 0.1143; 0.1571; 0.0714; 0.0000
0.0351; 0.4123; 0.0000; 0.0000; 0.0000; 0.1491; 0.3421; 0.0614; 0.0000
0.0000; 0.0000; 0.9592; 0.0000; 0.0204; 0.0000; 0.0204; 0.0000; 0.0000
0.0000; 0.0000; 0.1250; 0.4821; 0.3571; 0.0000; 0.0357; 0.0000; 0.0000
0.0000; 0.0000; 0.0833; 0.2083; 0.7083; 0.0000; 0.0000; 0.0000; 0.0000
0.0000; 0.1412; 0.0000; 0.0000; 0.0000; 0.5647; 0.0118; 0.2824; 0.0000
0.0000; 0.0000; 0.0000; 0.0000; 0.0000; 0.0000; 1.0000; 0.0000; 0.0000
0.0617; 0.0494; 0.0000; 0.0000; 0.0000; 0.3086; 0.0247; 0.5556; 0.0000
Bootstrap 24
Run TT with 138 training and 70 tests
Run CD with 226 training and 114 tests
Run FKW with 96 training and 49 tests
Run KW with 110 training and 56 tests
Run LPLT with 48 training and 24 tests
Run RD with 169 training and 85 tests
Run WBD with 6 training and 3 tests
Run WSD with 160 training and 81 tests
Confusion Matrix 25.0
0.7857; 0.0571; 0.0143; 0.0000; 0.0000; 0.0000; 0.0286; 0.1143; 0.0000
0.0614; 0.6053; 0.0000; 0.0000; 0.0000; 0.1140; 0.2018; 0.0175; 0.0000
0.0000; 0.0408; 0.9388; 0.0000; 0.0204; 0.0000; 0.0000; 0.0000; 0.0000
0.0000; 0.0000; 0.0000; 0.8571; 0.1250; 0.0000; 0.0179; 0.0000; 0.0000
0.0000; 0.0000; 0.0417; 0.1250; 0.7917; 0.0000; 0.0417; 0.0000; 0.0000
0.0000; 0.1176; 0.0000; 0.0000; 0.0000; 0.5765; 0.0000; 0.3059; 0.0000
0.0000; 0.3333; 0.0000; 0.0000; 0.0000; 0.0000; 0.3333; 0.3333; 0.0000
0.1235; 0.1111; 0.0000; 0.0000; 0.0000; 0.1975; 0.0370; 0.5309; 0.0000
Bootstrap 25
Run TT with 138 training and 70 tests
Run CD with 226 training and 114 tests
Run FKW with 96 training and 49 tests
Run KW with 110 training and 56 tests
Run LPLT with 48 training and 24 tests
Run RD with 169 training and 85 tests
Run WBD with 6 training and 3 tests
Run WSD with 160 training and 81 tests
Confusion Matrix 26.0
0.6714; 0.1714; 0.0000; 0.0000; 0.0000; 0.0857; 0.0143; 0.0571; 0.0000
0.1140; 0.3421; 0.0088; 0.0000; 0.0000; 0.3158; 0.0789; 0.1404; 0.0000
0.0000; 0.0612; 0.9184; 0.0000; 0.0204; 0.0000; 0.0000; 0.0000; 0.0000
0.0000; 0.0000; 0.1429; 0.6429; 0.1429; 0.0000; 0.0714; 0.0000; 0.0000
0.0000; 0.0000; 0.0000; 0.7500; 0.2500; 0.0000; 0.0000; 0.0000; 0.0000
0.0000; 0.0000; 0.0000; 0.0000; 0.0000; 0.6118; 0.0000; 0.3882; 0.0000
0.0000; 0.6667; 0.0000; 0.0000; 0.0000; 0.0000; 0.0000; 0.3333; 0.0000
0.1481; 0.0370; 0.0000; 0.0000; 0.0000; 0.1852; 0.0494; 0.5802; 0.0000
Bootstrap 26
Run TT with 138 training and 70 tests
Run CD with 226 training and 114 tests
Run FKW with 96 training and 49 tests
Run KW with 110 training and 56 tests
Run LPLT with 48 training and 24 tests
Run RD with 169 training and 85 tests
Run WBD with 6 training and 3 tests
Run WSD with 160 training and 81 tests
Confusion Matrix 27.0
0.6286; 0.1143; 0.0286; 0.0000; 0.0000; 0.0429; 0.1000; 0.0857; 0.0000
0.0439; 0.6579; 0.0000; 0.0000; 0.0000; 0.0789; 0.2018; 0.0175; 0.0000
0.0204; 0.0204; 0.9388; 0.0204; 0.0000; 0.0000; 0.0000; 0.0000; 0.0000
0.0000; 0.0000; 0.0893; 0.6964; 0.1964; 0.0000; 0.0179; 0.0000; 0.0000
0.0000; 0.0000; 0.0833; 0.2917; 0.6250; 0.0000; 0.0000; 0.0000; 0.0000
0.1176; 0.2235; 0.0000; 0.0118; 0.0118; 0.3176; 0.0941; 0.2235; 0.0000
0.0000; 0.6667; 0.0000; 0.0000; 0.0000; 0.0000; 0.3333; 0.0000; 0.0000
0.0494; 0.1358; 0.0000; 0.0000; 0.0000; 0.2593; 0.0247; 0.5309; 0.0000
Bootstrap 27
Run TT with 138 training and 70 tests
Run CD with 226 training and 114 tests
Run FKW with 96 training and 49 tests
Run KW with 110 training and 56 tests
Run LPLT with 48 training and 24 tests
Run RD with 169 training and 85 tests
Run WBD with 6 training and 3 tests
Run WSD with 160 training and 81 tests
Confusion Matrix 28.0
0.3857; 0.3143; 0.0714; 0.0000; 0.0000; 0.0714; 0.0714; 0.0857; 0.0000
0.1053; 0.3509; 0.0000; 0.0000; 0.0000; 0.2807; 0.1053; 0.1579; 0.0000
0.0000; 0.0000; 0.9388; 0.0000; 0.0612; 0.0000; 0.0000; 0.0000; 0.0000
0.0000; 0.0000; 0.0000; 0.8750; 0.1071; 0.0000; 0.0179; 0.0000; 0.0000
0.0000; 0.0000; 0.0000; 0.4167; 0.5833; 0.0000; 0.0000; 0.0000; 0.0000
0.0353; 0.1412; 0.0000; 0.0000; 0.0000; 0.4588; 0.0353; 0.3294; 0.0000
0.0000; 0.3333; 0.0000; 0.0000; 0.0000; 0.0000; 0.6667; 0.0000; 0.0000
0.0864; 0.0617; 0.0000; 0.0000; 0.0000; 0.2593; 0.0617; 0.5309; 0.0000
Bootstrap 28
Run TT with 138 training and 70 tests
Run CD with 226 training and 114 tests
Run FKW with 96 training and 49 tests
Run KW with 110 training and 56 tests
Run LPLT with 48 training and 24 tests
Run RD with 169 training and 85 tests
Run WBD with 6 training and 3 tests
Run WSD with 160 training and 81 tests
Confusion Matrix 29.0
0.4286; 0.1857; 0.0571; 0.0000; 0.0000; 0.0286; 0.1429; 0.1571; 0.0000
0.0614; 0.5175; 0.0000; 0.0000; 0.0000; 0.1754; 0.1842; 0.0614; 0.0000
0.0000; 0.0408; 0.8367; 0.0204; 0.1020; 0.0000; 0.0000; 0.0000; 0.0000
0.0000; 0.0000; 0.0714; 0.6429; 0.2500; 0.0000; 0.0357; 0.0000; 0.0000
0.0000; 0.0000; 0.0417; 0.1667; 0.7917; 0.0000; 0.0000; 0.0000; 0.0000
0.0000; 0.0235; 0.0118; 0.0000; 0.0235; 0.5647; 0.0235; 0.3529; 0.0000
0.0000; 0.6667; 0.0000; 0.0000; 0.0000; 0.0000; 0.3333; 0.0000; 0.0000
0.0617; 0.0617; 0.0123; 0.0000; 0.0000; 0.2222; 0.0247; 0.6173; 0.0000
Bootstrap 29
Run TT with 138 training and 70 tests
Run CD with 226 training and 114 tests
Run FKW with 96 training and 49 tests
Run KW with 110 training and 56 tests
Run LPLT with 48 training and 24 tests
Run RD with 169 training and 85 tests
Run WBD with 6 training and 3 tests
Run WSD with 160 training and 81 tests
Confusion Matrix 30.0
0.7714; 0.0286; 0.0143; 0.0000; 0.0000; 0.0857; 0.0143; 0.0857; 0.0000
0.0351; 0.5088; 0.0088; 0.0000; 0.0000; 0.1579; 0.2632; 0.0263; 0.0000
0.0000; 0.0000; 0.9184; 0.0000; 0.0204; 0.0204; 0.0408; 0.0000; 0.0000
0.0000; 0.0000; 0.0357; 0.8393; 0.1250; 0.0000; 0.0000; 0.0000; 0.0000
0.0000; 0.0000; 0.1250; 0.1667; 0.7083; 0.0000; 0.0000; 0.0000; 0.0000
0.0235; 0.0235; 0.0000; 0.0000; 0.0000; 0.4941; 0.0118; 0.4471; 0.0000
0.0000; 0.3333; 0.0000; 0.0000; 0.0000; 0.0000; 0.6667; 0.0000; 0.0000
0.0988; 0.0370; 0.0000; 0.0000; 0.0000; 0.2469; 0.0247; 0.5926; 0.0000
Mean confusion
0.6019; 0.1624; 0.0333; 0.0005; 0.0024; 0.0471; 0.0676; 0.0848; 0.0000
0.0734; 0.4775; 0.0041; 0.0000; 0.0000; 0.1725; 0.2088; 0.0637; 0.0000
0.0020; 0.0190; 0.9129; 0.0116; 0.0333; 0.0054; 0.0150; 0.0007; 0.0000
0.0000; 0.0000; 0.0554; 0.7839; 0.1429; 0.0000; 0.0179; 0.0000; 0.0000
0.0000; 0.0000; 0.0236; 0.4153; 0.5542; 0.0000; 0.0069; 0.0000; 0.0000
0.0392; 0.0957; 0.0059; 0.0020; 0.0078; 0.5106; 0.0416; 0.2973; 0.0000
0.0000; 0.3556; 0.0000; 0.0000; 0.0000; 0.0000; 0.5889; 0.0556; 0.0000
0.0905; 0.0683; 0.0008; 0.0000; 0.0008; 0.2440; 0.0366; 0.5588; 0.0000
STD Confusion
0.1954; 0.1129; 0.0238; 0.0026; 0.0054; 0.0330; 0.0579; 0.0316; 0.0000
0.0333; 0.1140; 0.0045; 0.0000; 0.0000; 0.0974; 0.0774; 0.0490; 0.0000
0.0062; 0.0207; 0.0355; 0.0175; 0.0291; 0.0092; 0.0193; 0.0037; 0.0000
0.0000; 0.0000; 0.0412; 0.1152; 0.0778; 0.0000; 0.0188; 0.0000; 0.0000
0.0000; 0.0000; 0.0341; 0.2563; 0.2322; 0.0000; 0.0158; 0.0000; 0.0000
0.0431; 0.0786; 0.0106; 0.0054; 0.0125; 0.1081; 0.0449; 0.1002; 0.0000
0.0000; 0.2759; 0.0000; 0.0000; 0.0000; 0.0000; 0.3467; 0.1263; 0.0000
0.0235; 0.0361; 0.0031; 0.0000; 0.0031; 0.0481; 0.0201; 0.0672; 0.0000
Lower 95% CI
0.3571; 0.0000; 0.0000; 0.0000; 0.0000; 0.0000; 0.0000; 0.0429; 0.0000
0.0263; 0.2982; 0.0000; 0.0000; 0.0000; 0.0351; 0.0789; 0.0000; 0.0000
0.0000; 0.0000; 0.8163; 0.0000; 0.0000; 0.0000; 0.0000; 0.0000; 0.0000
0.0000; 0.0000; 0.0000; 0.4821; 0.0357; 0.0000; 0.0000; 0.0000; 0.0000
0.0000; 0.0000; 0.0000; 0.0833; 0.1250; 0.0000; 0.0000; 0.0000; 0.0000
0.0000; 0.0000; 0.0000; 0.0000; 0.0000; 0.3176; 0.0000; 0.1059; 0.0000
0.0000; 0.0000; 0.0000; 0.0000; 0.0000; 0.0000; 0.0000; 0.0000; 0.0000
0.0494; 0.0123; 0.0000; 0.0000; 0.0000; 0.1605; 0.0123; 0.4074; 0.0000
Upper 95% CI
0.8857; 0.3429; 0.0714; 0.0143; 0.0143; 0.1286; 0.2000; 0.1571; 0.0000
0.1404; 0.6667; 0.0088; 0.0000; 0.0000; 0.3684; 0.3421; 0.1667; 0.0000
0.0204; 0.0612; 0.9592; 0.0612; 0.1224; 0.0204; 0.0612; 0.0204; 0.0000
0.0000; 0.0000; 0.1429; 0.9464; 0.3571; 0.0000; 0.0714; 0.0000; 0.0000
0.0000; 0.0000; 0.1250; 0.8750; 0.7917; 0.0000; 0.0417; 0.0000; 0.0000
0.1176; 0.2235; 0.0353; 0.0235; 0.0353; 0.7294; 0.1294; 0.4588; 0.0000
0.0000; 1.0000; 0.0000; 0.0000; 0.0000; 0.0000; 1.0000; 0.3333; 0.0000
0.1481; 0.1358; 0.0123; 0.0000; 0.0123; 0.3333; 0.0864; 0.6667; 0.0000
Run TT with 208 training and 0 tests
Run CD with 340 training and 0 tests
Run FKW with 145 training and 0 tests
Run KW with 166 training and 0 tests
Run LPLT with 72 training and 0 tests
Run RD with 254 training and 0 tests
Run WBD with 9 training and 0 tests
Run WSD with 241 training and 0 tests