Total Bootstraps 30
Num Species 8
FragmentLength 22; Section Length 45
TT; CD; FKW; KW; LPLT; RD; WBD; WSD
Bootstrap 0
Run TT with 181 training and 91 tests
Run CD with 296 training and 148 tests
Run FKW with 116 training and 58 tests
Run KW with 150 training and 76 tests
Run LPLT with 66 training and 33 tests
Run RD with 235 training and 118 tests
Run WBD with 7 training and 4 tests
Run WSD with 224 training and 113 tests
Confusion Matrix 1.0
0.7143; 0.1209; 0.0000; 0.0000; 0.0000; 0.0440; 0.0440; 0.0769; 0.0000
0.0608; 0.5608; 0.0000; 0.0000; 0.0000; 0.1554; 0.1824; 0.0405; 0.0000
0.0000; 0.0172; 0.8103; 0.0517; 0.1207; 0.0000; 0.0000; 0.0000; 0.0000
0.0000; 0.0000; 0.0526; 0.8158; 0.1316; 0.0000; 0.0000; 0.0000; 0.0000
0.0000; 0.0000; 0.0000; 0.6061; 0.3939; 0.0000; 0.0000; 0.0000; 0.0000
0.0085; 0.1102; 0.0000; 0.0000; 0.0000; 0.5847; 0.0085; 0.2881; 0.0000
0.0000; 0.5000; 0.0000; 0.0000; 0.0000; 0.0000; 0.2500; 0.2500; 0.0000
0.0796; 0.0708; 0.0000; 0.0000; 0.0000; 0.2478; 0.0265; 0.5752; 0.0000
Bootstrap 1
Run TT with 181 training and 91 tests
Run CD with 296 training and 148 tests
Run FKW with 116 training and 58 tests
Run KW with 150 training and 76 tests
Run LPLT with 66 training and 33 tests
Run RD with 235 training and 118 tests
Run WBD with 7 training and 4 tests
Run WSD with 224 training and 113 tests
Confusion Matrix 2.0
0.8901; 0.0110; 0.0440; 0.0000; 0.0000; 0.0000; 0.0000; 0.0549; 0.0000
0.0946; 0.3851; 0.0068; 0.0000; 0.0000; 0.2635; 0.1824; 0.0676; 0.0000
0.0000; 0.0000; 0.9483; 0.0000; 0.0517; 0.0000; 0.0000; 0.0000; 0.0000
0.0000; 0.0000; 0.1184; 0.5658; 0.2895; 0.0000; 0.0263; 0.0000; 0.0000
0.0000; 0.0000; 0.2121; 0.0303; 0.7273; 0.0000; 0.0303; 0.0000; 0.0000
0.1017; 0.1186; 0.0169; 0.0000; 0.0085; 0.3983; 0.1102; 0.2458; 0.0000
0.0000; 0.0000; 0.0000; 0.0000; 0.0000; 0.0000; 1.0000; 0.0000; 0.0000
0.1593; 0.0708; 0.0000; 0.0000; 0.0000; 0.2743; 0.0177; 0.4779; 0.0000
Bootstrap 2
Run TT with 181 training and 91 tests
Run CD with 296 training and 148 tests
Run FKW with 116 training and 58 tests
Run KW with 150 training and 76 tests
Run LPLT with 66 training and 33 tests
Run RD with 235 training and 118 tests
Run WBD with 7 training and 4 tests
Run WSD with 224 training and 113 tests
Confusion Matrix 3.0
0.8901; 0.0330; 0.0220; 0.0000; 0.0000; 0.0000; 0.0110; 0.0440; 0.0000
0.1081; 0.3784; 0.0135; 0.0000; 0.0000; 0.1351; 0.2838; 0.0811; 0.0000
0.0000; 0.0000; 0.8966; 0.0345; 0.0690; 0.0000; 0.0000; 0.0000; 0.0000
0.0000; 0.0000; 0.0395; 0.8026; 0.1579; 0.0000; 0.0000; 0.0000; 0.0000
0.0000; 0.0000; 0.0000; 0.2424; 0.7576; 0.0000; 0.0000; 0.0000; 0.0000
0.0254; 0.0254; 0.0000; 0.0000; 0.0000; 0.5508; 0.0000; 0.3983; 0.0000
0.0000; 0.0000; 0.0000; 0.0000; 0.0000; 0.0000; 1.0000; 0.0000; 0.0000
0.1239; 0.0531; 0.0000; 0.0000; 0.0000; 0.2124; 0.0354; 0.5752; 0.0000
Bootstrap 3
Run TT with 181 training and 91 tests
Run CD with 296 training and 148 tests
Run FKW with 116 training and 58 tests
Run KW with 150 training and 76 tests
Run LPLT with 66 training and 33 tests
Run RD with 235 training and 118 tests
Run WBD with 7 training and 4 tests
Run WSD with 224 training and 113 tests
Confusion Matrix 4.0
0.6923; 0.0989; 0.0110; 0.0110; 0.0000; 0.0220; 0.0330; 0.1319; 0.0000
0.0946; 0.4459; 0.0203; 0.0000; 0.0000; 0.2838; 0.0878; 0.0676; 0.0000
0.0000; 0.0172; 0.8966; 0.0517; 0.0172; 0.0000; 0.0172; 0.0000; 0.0000
0.0000; 0.0000; 0.0263; 0.7368; 0.2368; 0.0000; 0.0000; 0.0000; 0.0000
0.0000; 0.0000; 0.0606; 0.0606; 0.8485; 0.0000; 0.0303; 0.0000; 0.0000
0.0000; 0.0678; 0.0000; 0.0000; 0.0000; 0.6102; 0.0000; 0.3220; 0.0000
0.0000; 0.0000; 0.0000; 0.0000; 0.0000; 0.0000; 1.0000; 0.0000; 0.0000
0.0619; 0.0531; 0.0000; 0.0000; 0.0000; 0.2655; 0.0531; 0.5664; 0.0000
Bootstrap 4
Run TT with 181 training and 91 tests
Run CD with 296 training and 148 tests
Run FKW with 116 training and 58 tests
Run KW with 150 training and 76 tests
Run LPLT with 66 training and 33 tests
Run RD with 235 training and 118 tests
Run WBD with 7 training and 4 tests
Run WSD with 224 training and 113 tests
Confusion Matrix 5.0
0.8352; 0.0000; 0.0220; 0.0000; 0.0110; 0.0110; 0.0220; 0.0989; 0.0000
0.0878; 0.4595; 0.0000; 0.0000; 0.0000; 0.1689; 0.2297; 0.0541; 0.0000
0.0000; 0.0000; 0.9310; 0.0172; 0.0345; 0.0172; 0.0000; 0.0000; 0.0000
0.0000; 0.0000; 0.0526; 0.5526; 0.3684; 0.0000; 0.0263; 0.0000; 0.0000
0.0000; 0.0000; 0.0303; 0.1515; 0.7879; 0.0000; 0.0303; 0.0000; 0.0000
0.0169; 0.1102; 0.0000; 0.0000; 0.0000; 0.5508; 0.0000; 0.3220; 0.0000
0.0000; 0.7500; 0.0000; 0.0000; 0.0000; 0.0000; 0.2500; 0.0000; 0.0000
0.0885; 0.0796; 0.0000; 0.0000; 0.0088; 0.2743; 0.0265; 0.5221; 0.0000
Bootstrap 5
Run TT with 181 training and 91 tests
Run CD with 296 training and 148 tests
Run FKW with 116 training and 58 tests
Run KW with 150 training and 76 tests
Run LPLT with 66 training and 33 tests
Run RD with 235 training and 118 tests
Run WBD with 7 training and 4 tests
Run WSD with 224 training and 113 tests
Confusion Matrix 6.0
0.7582; 0.0769; 0.0110; 0.0000; 0.0110; 0.0000; 0.0220; 0.1209; 0.0000
0.1149; 0.3986; 0.0068; 0.0000; 0.0000; 0.1959; 0.2297; 0.0541; 0.0000
0.0000; 0.0172; 0.8103; 0.0345; 0.1034; 0.0172; 0.0172; 0.0000; 0.0000
0.0000; 0.0000; 0.0263; 0.7500; 0.2237; 0.0000; 0.0000; 0.0000; 0.0000
0.0303; 0.0000; 0.0909; 0.3030; 0.5758; 0.0000; 0.0000; 0.0000; 0.0000
0.0000; 0.0763; 0.0000; 0.0000; 0.0000; 0.5508; 0.0085; 0.3644; 0.0000
0.0000; 0.2500; 0.0000; 0.0000; 0.0000; 0.0000; 0.7500; 0.0000; 0.0000
0.1062; 0.0796; 0.0000; 0.0000; 0.0000; 0.2832; 0.0442; 0.4867; 0.0000
Bootstrap 6
Run TT with 181 training and 91 tests
Run CD with 296 training and 148 tests
Run FKW with 116 training and 58 tests
Run KW with 150 training and 76 tests
Run LPLT with 66 training and 33 tests
Run RD with 235 training and 118 tests
Run WBD with 7 training and 4 tests
Run WSD with 224 training and 113 tests
Confusion Matrix 7.0
0.8681; 0.0000; 0.0000; 0.0000; 0.0220; 0.0000; 0.0220; 0.0879; 0.0000
0.0676; 0.3919; 0.0000; 0.0000; 0.0000; 0.0946; 0.3581; 0.0878; 0.0000
0.0000; 0.0000; 0.9310; 0.0000; 0.0517; 0.0000; 0.0172; 0.0000; 0.0000
0.0000; 0.0000; 0.0263; 0.8026; 0.1711; 0.0000; 0.0000; 0.0000; 0.0000
0.0000; 0.0000; 0.0000; 0.6061; 0.3939; 0.0000; 0.0000; 0.0000; 0.0000
0.0508; 0.0339; 0.0339; 0.0085; 0.0932; 0.5424; 0.0254; 0.2119; 0.0000
0.0000; 0.0000; 0.0000; 0.0000; 0.0000; 0.0000; 1.0000; 0.0000; 0.0000
0.1150; 0.0265; 0.0000; 0.0088; 0.0000; 0.3540; 0.0354; 0.4602; 0.0000
Bootstrap 7
Run TT with 181 training and 91 tests
Run CD with 296 training and 148 tests
Run FKW with 116 training and 58 tests
Run KW with 150 training and 76 tests
Run LPLT with 66 training and 33 tests
Run RD with 235 training and 118 tests
Run WBD with 7 training and 4 tests
Run WSD with 224 training and 113 tests
Confusion Matrix 8.0
0.8022; 0.0769; 0.0000; 0.0000; 0.0110; 0.0000; 0.0220; 0.0879; 0.0000
0.0878; 0.5068; 0.0000; 0.0000; 0.0000; 0.1014; 0.2770; 0.0270; 0.0000
0.0000; 0.0172; 0.9310; 0.0000; 0.0345; 0.0000; 0.0172; 0.0000; 0.0000
0.0000; 0.0000; 0.0395; 0.7632; 0.1711; 0.0000; 0.0263; 0.0000; 0.0000
0.0000; 0.0000; 0.0606; 0.1818; 0.7576; 0.0000; 0.0000; 0.0000; 0.0000
0.1017; 0.1525; 0.0085; 0.0000; 0.0339; 0.3898; 0.0932; 0.2203; 0.0000
0.0000; 0.2500; 0.0000; 0.0000; 0.0000; 0.0000; 0.7500; 0.0000; 0.0000
0.0973; 0.0708; 0.0000; 0.0088; 0.0000; 0.3451; 0.0354; 0.4425; 0.0000
Bootstrap 8
Run TT with 181 training and 91 tests
Run CD with 296 training and 148 tests
Run FKW with 116 training and 58 tests
Run KW with 150 training and 76 tests
Run LPLT with 66 training and 33 tests
Run RD with 235 training and 118 tests
Run WBD with 7 training and 4 tests
Run WSD with 224 training and 113 tests
Confusion Matrix 9.0
0.6923; 0.0989; 0.0220; 0.0000; 0.0000; 0.0330; 0.0549; 0.0989; 0.0000
0.0608; 0.3446; 0.0000; 0.0000; 0.0000; 0.1689; 0.4257; 0.0000; 0.0000
0.0000; 0.0172; 0.8621; 0.0517; 0.0517; 0.0000; 0.0172; 0.0000; 0.0000
0.0000; 0.0000; 0.0132; 0.7368; 0.2237; 0.0000; 0.0263; 0.0000; 0.0000
0.0000; 0.0000; 0.0303; 0.0606; 0.8485; 0.0000; 0.0606; 0.0000; 0.0000
0.0085; 0.0254; 0.0000; 0.0000; 0.0339; 0.5847; 0.0085; 0.3390; 0.0000
0.0000; 0.0000; 0.0000; 0.0000; 0.0000; 0.0000; 1.0000; 0.0000; 0.0000
0.0885; 0.0708; 0.0088; 0.0000; 0.0000; 0.2478; 0.0265; 0.5575; 0.0000
Bootstrap 9
Run TT with 181 training and 91 tests
Run CD with 296 training and 148 tests
Run FKW with 116 training and 58 tests
Run KW with 150 training and 76 tests
Run LPLT with 66 training and 33 tests
Run RD with 235 training and 118 tests
Run WBD with 7 training and 4 tests
Run WSD with 224 training and 113 tests
Confusion Matrix 10.0
0.8132; 0.0110; 0.0330; 0.0000; 0.0000; 0.0220; 0.0220; 0.0989; 0.0000
0.0878; 0.5473; 0.0068; 0.0000; 0.0000; 0.1554; 0.2027; 0.0000; 0.0000
0.0000; 0.0172; 0.9138; 0.0000; 0.0690; 0.0000; 0.0000; 0.0000; 0.0000
0.0000; 0.0000; 0.0263; 0.6316; 0.3421; 0.0000; 0.0000; 0.0000; 0.0000
0.0000; 0.0000; 0.0303; 0.3030; 0.6667; 0.0000; 0.0000; 0.0000; 0.0000
0.0000; 0.0254; 0.0000; 0.0000; 0.0000; 0.6780; 0.0000; 0.2966; 0.0000
0.0000; 0.5000; 0.0000; 0.0000; 0.0000; 0.0000; 0.5000; 0.0000; 0.0000
0.1062; 0.0354; 0.0000; 0.0000; 0.0000; 0.2743; 0.0354; 0.5487; 0.0000
Bootstrap 10
Run TT with 181 training and 91 tests
Run CD with 296 training and 148 tests
Run FKW with 116 training and 58 tests
Run KW with 150 training and 76 tests
Run LPLT with 66 training and 33 tests
Run RD with 235 training and 118 tests
Run WBD with 7 training and 4 tests
Run WSD with 224 training and 113 tests
Confusion Matrix 11.0
0.8462; 0.0330; 0.0330; 0.0000; 0.0000; 0.0220; 0.0110; 0.0549; 0.0000
0.1081; 0.4662; 0.0135; 0.0000; 0.0000; 0.1216; 0.2162; 0.0743; 0.0000
0.0000; 0.0345; 0.8793; 0.0345; 0.0517; 0.0000; 0.0000; 0.0000; 0.0000
0.0000; 0.0000; 0.1053; 0.4868; 0.3816; 0.0000; 0.0263; 0.0000; 0.0000
0.0000; 0.0000; 0.0303; 0.1212; 0.7879; 0.0000; 0.0606; 0.0000; 0.0000
0.0085; 0.1017; 0.0000; 0.0000; 0.0000; 0.6356; 0.0000; 0.2542; 0.0000
0.0000; 0.5000; 0.0000; 0.0000; 0.0000; 0.0000; 0.5000; 0.0000; 0.0000
0.0796; 0.0885; 0.0000; 0.0000; 0.0000; 0.2655; 0.0619; 0.5044; 0.0000
Bootstrap 11
Run TT with 181 training and 91 tests
Run CD with 296 training and 148 tests
Run FKW with 116 training and 58 tests
Run KW with 150 training and 76 tests
Run LPLT with 66 training and 33 tests
Run RD with 235 training and 118 tests
Run WBD with 7 training and 4 tests
Run WSD with 224 training and 113 tests
Confusion Matrix 12.0
0.4176; 0.2308; 0.0440; 0.0000; 0.0110; 0.0440; 0.1319; 0.1209; 0.0000
0.0270; 0.4932; 0.0068; 0.0000; 0.0000; 0.0676; 0.3311; 0.0743; 0.0000
0.0000; 0.0000; 0.9310; 0.0000; 0.0517; 0.0000; 0.0172; 0.0000; 0.0000
0.0000; 0.0000; 0.0132; 0.7237; 0.2368; 0.0000; 0.0263; 0.0000; 0.0000
0.0000; 0.0000; 0.0303; 0.2424; 0.7273; 0.0000; 0.0000; 0.0000; 0.0000
0.0593; 0.1949; 0.0339; 0.0000; 0.0593; 0.3983; 0.0847; 0.1695; 0.0000
0.0000; 0.5000; 0.0000; 0.0000; 0.0000; 0.0000; 0.2500; 0.2500; 0.0000
0.0619; 0.0796; 0.0000; 0.0088; 0.0000; 0.3363; 0.0354; 0.4779; 0.0000
Bootstrap 12
Run TT with 181 training and 91 tests
Run CD with 296 training and 148 tests
Run FKW with 116 training and 58 tests
Run KW with 150 training and 76 tests
Run LPLT with 66 training and 33 tests
Run RD with 235 training and 118 tests
Run WBD with 7 training and 4 tests
Run WSD with 224 training and 113 tests
Confusion Matrix 13.0
0.3736; 0.3077; 0.0220; 0.0000; 0.0330; 0.0769; 0.0989; 0.0879; 0.0000
0.0473; 0.4527; 0.0068; 0.0000; 0.0000; 0.1081; 0.3649; 0.0203; 0.0000
0.0000; 0.0172; 0.8621; 0.0000; 0.0862; 0.0000; 0.0345; 0.0000; 0.0000
0.0000; 0.0000; 0.0263; 0.6711; 0.2763; 0.0000; 0.0263; 0.0000; 0.0000
0.0000; 0.0000; 0.0000; 0.3636; 0.6364; 0.0000; 0.0000; 0.0000; 0.0000
0.0339; 0.0169; 0.0339; 0.0000; 0.0678; 0.5339; 0.0169; 0.2966; 0.0000
0.0000; 0.0000; 0.0000; 0.0000; 0.0000; 0.0000; 1.0000; 0.0000; 0.0000
0.0708; 0.0973; 0.0088; 0.0000; 0.0000; 0.2566; 0.0442; 0.5221; 0.0000
Bootstrap 13
Run TT with 181 training and 91 tests
Run CD with 296 training and 148 tests
Run FKW with 116 training and 58 tests
Run KW with 150 training and 76 tests
Run LPLT with 66 training and 33 tests
Run RD with 235 training and 118 tests
Run WBD with 7 training and 4 tests
Run WSD with 224 training and 113 tests
Confusion Matrix 14.0
0.3956; 0.2527; 0.0549; 0.0000; 0.0110; 0.0440; 0.1209; 0.1209; 0.0000
0.0608; 0.5608; 0.0068; 0.0000; 0.0000; 0.0473; 0.2905; 0.0338; 0.0000
0.0000; 0.0000; 0.9483; 0.0345; 0.0172; 0.0000; 0.0000; 0.0000; 0.0000
0.0000; 0.0000; 0.0395; 0.6579; 0.2895; 0.0000; 0.0132; 0.0000; 0.0000
0.0303; 0.0000; 0.0303; 0.2121; 0.7273; 0.0000; 0.0000; 0.0000; 0.0000
0.1017; 0.1525; 0.0085; 0.0085; 0.1017; 0.4407; 0.0508; 0.1356; 0.0000
0.0000; 0.2500; 0.0000; 0.0000; 0.0000; 0.0000; 0.7500; 0.0000; 0.0000
0.0885; 0.0885; 0.0000; 0.0000; 0.0177; 0.3097; 0.0354; 0.4602; 0.0000
Bootstrap 14
Run TT with 181 training and 91 tests
Run CD with 296 training and 148 tests
Run FKW with 116 training and 58 tests
Run KW with 150 training and 76 tests
Run LPLT with 66 training and 33 tests
Run RD with 235 training and 118 tests
Run WBD with 7 training and 4 tests
Run WSD with 224 training and 113 tests
Confusion Matrix 15.0
0.8242; 0.0769; 0.0220; 0.0000; 0.0110; 0.0220; 0.0110; 0.0330; 0.0000
0.0541; 0.4662; 0.0068; 0.0000; 0.0000; 0.2365; 0.2027; 0.0338; 0.0000
0.0000; 0.0000; 0.8793; 0.0172; 0.0690; 0.0000; 0.0345; 0.0000; 0.0000
0.0000; 0.0000; 0.0132; 0.8553; 0.1053; 0.0000; 0.0263; 0.0000; 0.0000
0.0000; 0.0000; 0.0000; 0.6667; 0.3333; 0.0000; 0.0000; 0.0000; 0.0000
0.0000; 0.0000; 0.0000; 0.0000; 0.0000; 0.7627; 0.0169; 0.2203; 0.0000
0.0000; 0.5000; 0.0000; 0.0000; 0.0000; 0.0000; 0.5000; 0.0000; 0.0000
0.1150; 0.0354; 0.0000; 0.0000; 0.0000; 0.2920; 0.0265; 0.5310; 0.0000
Bootstrap 15
Run TT with 181 training and 91 tests
Run CD with 296 training and 148 tests
Run FKW with 116 training and 58 tests
Run KW with 150 training and 76 tests
Run LPLT with 66 training and 33 tests
Run RD with 235 training and 118 tests
Run WBD with 7 training and 4 tests
Run WSD with 224 training and 113 tests
Confusion Matrix 16.0
0.6484; 0.0879; 0.0110; 0.0000; 0.0330; 0.0330; 0.0659; 0.1209; 0.0000
0.1554; 0.3784; 0.0068; 0.0000; 0.0000; 0.3108; 0.0473; 0.1014; 0.0000
0.0000; 0.0000; 0.8621; 0.0000; 0.1207; 0.0000; 0.0000; 0.0172; 0.0000
0.0000; 0.0000; 0.0000; 0.8026; 0.1842; 0.0000; 0.0132; 0.0000; 0.0000
0.0000; 0.0000; 0.0000; 0.6061; 0.3939; 0.0000; 0.0000; 0.0000; 0.0000
0.0339; 0.0593; 0.0085; 0.0085; 0.0932; 0.5085; 0.0085; 0.2797; 0.0000
0.0000; 0.2500; 0.0000; 0.0000; 0.0000; 0.0000; 0.7500; 0.0000; 0.0000
0.0708; 0.0531; 0.0000; 0.0000; 0.0000; 0.2478; 0.0177; 0.6106; 0.0000
Bootstrap 16
Run TT with 181 training and 91 tests
Run CD with 296 training and 148 tests
Run FKW with 116 training and 58 tests
Run KW with 150 training and 76 tests
Run LPLT with 66 training and 33 tests
Run RD with 235 training and 118 tests
Run WBD with 7 training and 4 tests
Run WSD with 224 training and 113 tests
Confusion Matrix 17.0
0.8571; 0.0000; 0.0000; 0.0000; 0.0330; 0.0220; 0.0110; 0.0769; 0.0000
0.0878; 0.4730; 0.0000; 0.0000; 0.0000; 0.1216; 0.2568; 0.0608; 0.0000
0.0000; 0.0172; 0.8448; 0.0172; 0.1207; 0.0000; 0.0000; 0.0000; 0.0000
0.0000; 0.0000; 0.1184; 0.6974; 0.1711; 0.0000; 0.0132; 0.0000; 0.0000
0.0000; 0.0000; 0.0000; 0.7576; 0.2424; 0.0000; 0.0000; 0.0000; 0.0000
0.1102; 0.1102; 0.0169; 0.0085; 0.0932; 0.4407; 0.0932; 0.1271; 0.0000
0.0000; 0.5000; 0.0000; 0.0000; 0.0000; 0.0000; 0.5000; 0.0000; 0.0000
0.1327; 0.0619; 0.0000; 0.0000; 0.0000; 0.3540; 0.0265; 0.4248; 0.0000
Bootstrap 17
Run TT with 181 training and 91 tests
Run CD with 296 training and 148 tests
Run FKW with 116 training and 58 tests
Run KW with 150 training and 76 tests
Run LPLT with 66 training and 33 tests
Run RD with 235 training and 118 tests
Run WBD with 7 training and 4 tests
Run WSD with 224 training and 113 tests
Confusion Matrix 18.0
0.8681; 0.0220; 0.0110; 0.0000; 0.0110; 0.0220; 0.0110; 0.0549; 0.0000
0.1149; 0.3649; 0.0068; 0.0000; 0.0000; 0.2905; 0.1486; 0.0743; 0.0000
0.0000; 0.0000; 0.9138; 0.0000; 0.0517; 0.0000; 0.0345; 0.0000; 0.0000
0.0000; 0.0000; 0.0132; 0.8289; 0.1316; 0.0000; 0.0263; 0.0000; 0.0000
0.0000; 0.0000; 0.0000; 0.6364; 0.3636; 0.0000; 0.0000; 0.0000; 0.0000
0.0000; 0.0678; 0.0000; 0.0000; 0.0000; 0.5678; 0.0000; 0.3644; 0.0000
0.0000; 0.2500; 0.0000; 0.0000; 0.0000; 0.0000; 0.7500; 0.0000; 0.0000
0.1150; 0.0265; 0.0000; 0.0000; 0.0265; 0.3009; 0.0531; 0.4779; 0.0000
Bootstrap 18
Run TT with 181 training and 91 tests
Run CD with 296 training and 148 tests
Run FKW with 116 training and 58 tests
Run KW with 150 training and 76 tests
Run LPLT with 66 training and 33 tests
Run RD with 235 training and 118 tests
Run WBD with 7 training and 4 tests
Run WSD with 224 training and 113 tests
Confusion Matrix 19.0
0.3407; 0.3077; 0.0330; 0.0000; 0.0110; 0.0879; 0.1319; 0.0879; 0.0000
0.0405; 0.4324; 0.0068; 0.0000; 0.0000; 0.0811; 0.4324; 0.0068; 0.0000
0.0000; 0.0000; 0.8621; 0.0000; 0.1207; 0.0000; 0.0172; 0.0000; 0.0000
0.0000; 0.0000; 0.0658; 0.7237; 0.1842; 0.0000; 0.0263; 0.0000; 0.0000
0.0000; 0.0000; 0.0000; 0.4545; 0.5455; 0.0000; 0.0000; 0.0000; 0.0000
0.0763; 0.1356; 0.0339; 0.0000; 0.0508; 0.4237; 0.1356; 0.1441; 0.0000
0.0000; 0.0000; 0.0000; 0.0000; 0.0000; 0.0000; 1.0000; 0.0000; 0.0000
0.0354; 0.1327; 0.0000; 0.0000; 0.0000; 0.3274; 0.0265; 0.4779; 0.0000
Bootstrap 19
Run TT with 181 training and 91 tests
Run CD with 296 training and 148 tests
Run FKW with 116 training and 58 tests
Run KW with 150 training and 76 tests
Run LPLT with 66 training and 33 tests
Run RD with 235 training and 118 tests
Run WBD with 7 training and 4 tests
Run WSD with 224 training and 113 tests
Confusion Matrix 20.0
0.4835; 0.2308; 0.0659; 0.0000; 0.0000; 0.0659; 0.0440; 0.1099; 0.0000
0.0676; 0.4797; 0.0068; 0.0000; 0.0000; 0.2095; 0.1824; 0.0541; 0.0000
0.0000; 0.0000; 0.9138; 0.0000; 0.0690; 0.0000; 0.0172; 0.0000; 0.0000
0.0000; 0.0000; 0.0132; 0.8289; 0.1447; 0.0000; 0.0132; 0.0000; 0.0000
0.0000; 0.0000; 0.0000; 0.4848; 0.5152; 0.0000; 0.0000; 0.0000; 0.0000
0.0678; 0.1441; 0.0254; 0.0085; 0.0593; 0.4068; 0.0932; 0.1949; 0.0000
0.0000; 0.0000; 0.0000; 0.0000; 0.0000; 0.0000; 1.0000; 0.0000; 0.0000
0.0796; 0.0885; 0.0000; 0.0088; 0.0000; 0.3451; 0.0177; 0.4602; 0.0000
Bootstrap 20
Run TT with 181 training and 91 tests
Run CD with 296 training and 148 tests
Run FKW with 116 training and 58 tests
Run KW with 150 training and 76 tests
Run LPLT with 66 training and 33 tests
Run RD with 235 training and 118 tests
Run WBD with 7 training and 4 tests
Run WSD with 224 training and 113 tests
Confusion Matrix 21.0
0.3407; 0.3187; 0.0440; 0.0000; 0.0000; 0.0989; 0.1319; 0.0659; 0.0000
0.0405; 0.3446; 0.0000; 0.0000; 0.0000; 0.1149; 0.4595; 0.0405; 0.0000
0.0000; 0.0172; 0.8793; 0.0000; 0.0862; 0.0000; 0.0172; 0.0000; 0.0000
0.0000; 0.0000; 0.0526; 0.7237; 0.2105; 0.0000; 0.0132; 0.0000; 0.0000
0.0000; 0.0000; 0.0000; 0.7273; 0.2727; 0.0000; 0.0000; 0.0000; 0.0000
0.0085; 0.1017; 0.0000; 0.0000; 0.0000; 0.6271; 0.0169; 0.2458; 0.0000
0.0000; 0.0000; 0.0000; 0.0000; 0.0000; 0.0000; 1.0000; 0.0000; 0.0000
0.1327; 0.0708; 0.0000; 0.0000; 0.0000; 0.2566; 0.0354; 0.5044; 0.0000
Bootstrap 21
Run TT with 181 training and 91 tests
Run CD with 296 training and 148 tests
Run FKW with 116 training and 58 tests
Run KW with 150 training and 76 tests
Run LPLT with 66 training and 33 tests
Run RD with 235 training and 118 tests
Run WBD with 7 training and 4 tests
Run WSD with 224 training and 113 tests
Confusion Matrix 22.0
0.4176; 0.2747; 0.0440; 0.0000; 0.0220; 0.0659; 0.0659; 0.1099; 0.0000
0.1149; 0.3851; 0.0000; 0.0000; 0.0000; 0.2568; 0.1351; 0.1081; 0.0000
0.0000; 0.0000; 0.9310; 0.0172; 0.0517; 0.0000; 0.0000; 0.0000; 0.0000
0.0000; 0.0000; 0.0132; 0.8289; 0.1316; 0.0000; 0.0263; 0.0000; 0.0000
0.0000; 0.0000; 0.0000; 0.7273; 0.2727; 0.0000; 0.0000; 0.0000; 0.0000
0.0678; 0.1525; 0.0085; 0.0000; 0.0169; 0.4492; 0.0763; 0.2288; 0.0000
0.0000; 0.0000; 0.0000; 0.0000; 0.0000; 0.0000; 1.0000; 0.0000; 0.0000
0.0708; 0.0708; 0.0000; 0.0000; 0.0000; 0.3628; 0.0177; 0.4779; 0.0000
Bootstrap 22
Run TT with 181 training and 91 tests
Run CD with 296 training and 148 tests
Run FKW with 116 training and 58 tests
Run KW with 150 training and 76 tests
Run LPLT with 66 training and 33 tests
Run RD with 235 training and 118 tests
Run WBD with 7 training and 4 tests
Run WSD with 224 training and 113 tests
Confusion Matrix 23.0
0.8132; 0.0879; 0.0110; 0.0000; 0.0000; 0.0440; 0.0110; 0.0330; 0.0000
0.0405; 0.3581; 0.0068; 0.0000; 0.0000; 0.1419; 0.4122; 0.0405; 0.0000
0.0000; 0.0000; 0.9483; 0.0172; 0.0172; 0.0000; 0.0172; 0.0000; 0.0000
0.0000; 0.0000; 0.0789; 0.5000; 0.4211; 0.0000; 0.0000; 0.0000; 0.0000
0.0000; 0.0000; 0.0000; 0.1818; 0.7879; 0.0000; 0.0303; 0.0000; 0.0000
0.0000; 0.1186; 0.0000; 0.0000; 0.0000; 0.5593; 0.0000; 0.3220; 0.0000
0.0000; 0.0000; 0.0000; 0.0000; 0.0000; 0.0000; 1.0000; 0.0000; 0.0000
0.0973; 0.0796; 0.0088; 0.0000; 0.0000; 0.2832; 0.0531; 0.4779; 0.0000
Bootstrap 23
Run TT with 181 training and 91 tests
Run CD with 296 training and 148 tests
Run FKW with 116 training and 58 tests
Run KW with 150 training and 76 tests
Run LPLT with 66 training and 33 tests
Run RD with 235 training and 118 tests
Run WBD with 7 training and 4 tests
Run WSD with 224 training and 113 tests
Confusion Matrix 24.0
0.4396; 0.2088; 0.0549; 0.0000; 0.0110; 0.0549; 0.0879; 0.1429; 0.0000
0.0473; 0.3581; 0.0000; 0.0000; 0.0000; 0.0946; 0.4730; 0.0270; 0.0000
0.0000; 0.0000; 0.9655; 0.0000; 0.0345; 0.0000; 0.0000; 0.0000; 0.0000
0.0000; 0.0000; 0.0263; 0.8289; 0.1447; 0.0000; 0.0000; 0.0000; 0.0000
0.0000; 0.0000; 0.1212; 0.0000; 0.8788; 0.0000; 0.0000; 0.0000; 0.0000
0.0424; 0.1525; 0.0000; 0.0000; 0.0000; 0.4915; 0.0593; 0.2542; 0.0000
0.0000; 0.0000; 0.0000; 0.0000; 0.0000; 0.0000; 1.0000; 0.0000; 0.0000
0.0796; 0.0531; 0.0000; 0.0000; 0.0177; 0.3186; 0.0531; 0.4779; 0.0000
Bootstrap 24
Run TT with 181 training and 91 tests
Run CD with 296 training and 148 tests
Run FKW with 116 training and 58 tests
Run KW with 150 training and 76 tests
Run LPLT with 66 training and 33 tests
Run RD with 235 training and 118 tests
Run WBD with 7 training and 4 tests
Run WSD with 224 training and 113 tests
Confusion Matrix 25.0
0.3626; 0.2857; 0.0330; 0.0000; 0.0220; 0.0549; 0.1319; 0.1099; 0.0000
0.0203; 0.6014; 0.0000; 0.0000; 0.0000; 0.0608; 0.2432; 0.0743; 0.0000
0.0000; 0.0345; 0.9310; 0.0172; 0.0172; 0.0000; 0.0000; 0.0000; 0.0000
0.0000; 0.0000; 0.0526; 0.8158; 0.1316; 0.0000; 0.0000; 0.0000; 0.0000
0.0000; 0.0000; 0.0000; 0.2121; 0.7879; 0.0000; 0.0000; 0.0000; 0.0000
0.1186; 0.1441; 0.0254; 0.0085; 0.0763; 0.4576; 0.0508; 0.1186; 0.0000
0.0000; 0.0000; 0.0000; 0.0000; 0.0000; 0.0000; 1.0000; 0.0000; 0.0000
0.0796; 0.0531; 0.0000; 0.0000; 0.0088; 0.3274; 0.0442; 0.4867; 0.0000
Bootstrap 25
Run TT with 181 training and 91 tests
Run CD with 296 training and 148 tests
Run FKW with 116 training and 58 tests
Run KW with 150 training and 76 tests
Run LPLT with 66 training and 33 tests
Run RD with 235 training and 118 tests
Run WBD with 7 training and 4 tests
Run WSD with 224 training and 113 tests
Confusion Matrix 26.0
0.4835; 0.2527; 0.0330; 0.0000; 0.0000; 0.0330; 0.0659; 0.1319; 0.0000
0.1081; 0.3986; 0.0000; 0.0000; 0.0000; 0.2500; 0.1081; 0.1351; 0.0000
0.0000; 0.0000; 0.9655; 0.0172; 0.0000; 0.0000; 0.0000; 0.0172; 0.0000
0.0000; 0.0000; 0.0000; 0.8158; 0.1447; 0.0000; 0.0395; 0.0000; 0.0000
0.0303; 0.0000; 0.0606; 0.0909; 0.7879; 0.0000; 0.0303; 0.0000; 0.0000
0.0000; 0.1102; 0.0000; 0.0000; 0.0000; 0.4746; 0.0254; 0.3898; 0.0000
0.0000; 0.7500; 0.0000; 0.0000; 0.0000; 0.0000; 0.2500; 0.0000; 0.0000
0.0442; 0.0796; 0.0000; 0.0000; 0.0000; 0.2478; 0.0354; 0.5929; 0.0000
Bootstrap 26
Run TT with 181 training and 91 tests
Run CD with 296 training and 148 tests
Run FKW with 116 training and 58 tests
Run KW with 150 training and 76 tests
Run LPLT with 66 training and 33 tests
Run RD with 235 training and 118 tests
Run WBD with 7 training and 4 tests
Run WSD with 224 training and 113 tests
Confusion Matrix 27.0
0.3736; 0.2637; 0.0440; 0.0000; 0.0110; 0.0549; 0.1429; 0.1099; 0.0000
0.0405; 0.5946; 0.0000; 0.0000; 0.0000; 0.0676; 0.2770; 0.0203; 0.0000
0.0000; 0.0000; 0.9310; 0.0000; 0.0690; 0.0000; 0.0000; 0.0000; 0.0000
0.0000; 0.0000; 0.0526; 0.7632; 0.1842; 0.0000; 0.0000; 0.0000; 0.0000
0.0000; 0.0000; 0.0000; 0.6970; 0.3030; 0.0000; 0.0000; 0.0000; 0.0000
0.1017; 0.1525; 0.0169; 0.0085; 0.0847; 0.4068; 0.0763; 0.1525; 0.0000
0.0000; 0.2500; 0.0000; 0.0000; 0.0000; 0.0000; 0.7500; 0.0000; 0.0000
0.0442; 0.0885; 0.0000; 0.0000; 0.0000; 0.3982; 0.0265; 0.4425; 0.0000
Bootstrap 27
Run TT with 181 training and 91 tests
Run CD with 296 training and 148 tests
Run FKW with 116 training and 58 tests
Run KW with 150 training and 76 tests
Run LPLT with 66 training and 33 tests
Run RD with 235 training and 118 tests
Run WBD with 7 training and 4 tests
Run WSD with 224 training and 113 tests
Confusion Matrix 28.0
0.6044; 0.1099; 0.0220; 0.0000; 0.0110; 0.0549; 0.0330; 0.1648; 0.0000
0.0473; 0.4122; 0.0068; 0.0000; 0.0000; 0.1959; 0.3243; 0.0135; 0.0000
0.0172; 0.0172; 0.8793; 0.0000; 0.0517; 0.0000; 0.0345; 0.0000; 0.0000
0.0000; 0.0000; 0.0526; 0.6842; 0.2368; 0.0000; 0.0263; 0.0000; 0.0000
0.0000; 0.0000; 0.0000; 0.6364; 0.3636; 0.0000; 0.0000; 0.0000; 0.0000
0.0169; 0.0254; 0.0000; 0.0000; 0.0000; 0.5847; 0.0000; 0.3729; 0.0000
0.0000; 0.2500; 0.0000; 0.0000; 0.0000; 0.0000; 0.7500; 0.0000; 0.0000
0.0796; 0.0708; 0.0000; 0.0000; 0.0000; 0.2389; 0.0265; 0.5841; 0.0000
Bootstrap 28
Run TT with 181 training and 91 tests
Run CD with 296 training and 148 tests
Run FKW with 116 training and 58 tests
Run KW with 150 training and 76 tests
Run LPLT with 66 training and 33 tests
Run RD with 235 training and 118 tests
Run WBD with 7 training and 4 tests
Run WSD with 224 training and 113 tests
Confusion Matrix 29.0
0.6374; 0.1758; 0.0220; 0.0000; 0.0000; 0.0440; 0.0440; 0.0769; 0.0000
0.0743; 0.5676; 0.0000; 0.0000; 0.0000; 0.1081; 0.2297; 0.0203; 0.0000
0.0000; 0.0000; 0.8966; 0.0000; 0.0690; 0.0000; 0.0345; 0.0000; 0.0000
0.0000; 0.0000; 0.0789; 0.6447; 0.2763; 0.0000; 0.0000; 0.0000; 0.0000
0.0000; 0.0000; 0.0303; 0.2424; 0.7273; 0.0000; 0.0000; 0.0000; 0.0000
0.0763; 0.1695; 0.0339; 0.0169; 0.0339; 0.3983; 0.0678; 0.2034; 0.0000
0.0000; 0.5000; 0.0000; 0.0000; 0.0000; 0.0000; 0.5000; 0.0000; 0.0000
0.1062; 0.0442; 0.0000; 0.0000; 0.0088; 0.3540; 0.0531; 0.4336; 0.0000
Bootstrap 29
Run TT with 181 training and 91 tests
Run CD with 296 training and 148 tests
Run FKW with 116 training and 58 tests
Run KW with 150 training and 76 tests
Run LPLT with 66 training and 33 tests
Run RD with 235 training and 118 tests
Run WBD with 7 training and 4 tests
Run WSD with 224 training and 113 tests
Confusion Matrix 30.0
0.4725; 0.1758; 0.0440; 0.0000; 0.0110; 0.0549; 0.0769; 0.1648; 0.0000
0.0541; 0.5270; 0.0000; 0.0000; 0.0000; 0.2027; 0.1622; 0.0541; 0.0000
0.0000; 0.0345; 0.8276; 0.0517; 0.0862; 0.0000; 0.0000; 0.0000; 0.0000
0.0000; 0.0000; 0.1053; 0.7500; 0.1184; 0.0000; 0.0263; 0.0000; 0.0000
0.0000; 0.0000; 0.0000; 0.8182; 0.1818; 0.0000; 0.0000; 0.0000; 0.0000
0.0000; 0.0339; 0.0000; 0.0000; 0.0000; 0.6864; 0.0000; 0.2797; 0.0000
0.0000; 1.0000; 0.0000; 0.0000; 0.0000; 0.0000; 0.0000; 0.0000; 0.0000
0.0885; 0.0619; 0.0000; 0.0000; 0.0000; 0.3009; 0.0265; 0.5221; 0.0000
Mean confusion
0.6319; 0.1410; 0.0271; 0.0004; 0.0099; 0.0377; 0.0560; 0.0960; 0.0000
0.0739; 0.4511; 0.0045; 0.0000; 0.0000; 0.1604; 0.2586; 0.0516; 0.0000
0.0006; 0.0092; 0.8994; 0.0155; 0.0615; 0.0011; 0.0115; 0.0011; 0.0000
0.0000; 0.0000; 0.0447; 0.7263; 0.2140; 0.0000; 0.0149; 0.0000; 0.0000
0.0030; 0.0000; 0.0273; 0.3808; 0.5798; 0.0000; 0.0091; 0.0000; 0.0000
0.0412; 0.0963; 0.0102; 0.0025; 0.0302; 0.5232; 0.0376; 0.2588; 0.0000
0.0000; 0.2583; 0.0000; 0.0000; 0.0000; 0.0000; 0.7250; 0.0167; 0.0000
0.0900; 0.0678; 0.0009; 0.0012; 0.0029; 0.2968; 0.0351; 0.5053; 0.0000
STD Confusion
0.2013; 0.1088; 0.0180; 0.0020; 0.0105; 0.0266; 0.0458; 0.0350; 0.0000
0.0321; 0.0788; 0.0051; 0.0000; 0.0000; 0.0755; 0.1118; 0.0329; 0.0000
0.0031; 0.0117; 0.0434; 0.0189; 0.0335; 0.0044; 0.0131; 0.0044; 0.0000
0.0000; 0.0000; 0.0340; 0.1008; 0.0843; 0.0000; 0.0128; 0.0000; 0.0000
0.0092; 0.0000; 0.0466; 0.2584; 0.2206; 0.0000; 0.0181; 0.0000; 0.0000
0.0411; 0.0544; 0.0132; 0.0045; 0.0372; 0.0991; 0.0410; 0.0816; 0.0000
0.0000; 0.2823; 0.0000; 0.0000; 0.0000; 0.0000; 0.3034; 0.0634; 0.0000
0.0281; 0.0226; 0.0027; 0.0031; 0.0067; 0.0456; 0.0124; 0.0513; 0.0000
Lower 95% CI
0.3407; 0.0000; 0.0000; 0.0000; 0.0000; 0.0000; 0.0000; 0.0330; 0.0000
0.0203; 0.3446; 0.0000; 0.0000; 0.0000; 0.0473; 0.0473; 0.0000; 0.0000
0.0000; 0.0000; 0.8103; 0.0000; 0.0000; 0.0000; 0.0000; 0.0000; 0.0000
0.0000; 0.0000; 0.0000; 0.4868; 0.1053; 0.0000; 0.0000; 0.0000; 0.0000
0.0000; 0.0000; 0.0000; 0.0000; 0.1818; 0.0000; 0.0000; 0.0000; 0.0000
0.0000; 0.0000; 0.0000; 0.0000; 0.0000; 0.3898; 0.0000; 0.1186; 0.0000
0.0000; 0.0000; 0.0000; 0.0000; 0.0000; 0.0000; 0.0000; 0.0000; 0.0000
0.0354; 0.0265; 0.0000; 0.0000; 0.0000; 0.2124; 0.0177; 0.4248; 0.0000
Upper 95% CI
0.8901; 0.3187; 0.0659; 0.0110; 0.0330; 0.0989; 0.1429; 0.1648; 0.0000
0.1554; 0.6014; 0.0203; 0.0000; 0.0000; 0.3108; 0.4730; 0.1351; 0.0000
0.0172; 0.0345; 0.9655; 0.0517; 0.1207; 0.0172; 0.0345; 0.0172; 0.0000
0.0000; 0.0000; 0.1184; 0.8553; 0.4211; 0.0000; 0.0395; 0.0000; 0.0000
0.0303; 0.0000; 0.2121; 0.8182; 0.8788; 0.0000; 0.0606; 0.0000; 0.0000
0.1186; 0.1949; 0.0339; 0.0169; 0.1017; 0.7627; 0.1356; 0.3983; 0.0000
0.0000; 1.0000; 0.0000; 0.0000; 0.0000; 0.0000; 1.0000; 0.2500; 0.0000
0.1593; 0.1327; 0.0088; 0.0088; 0.0265; 0.3982; 0.0619; 0.6106; 0.0000
Run TT with 272 training and 0 tests
Run CD with 444 training and 0 tests
Run FKW with 174 training and 0 tests
Run KW with 226 training and 0 tests
Run LPLT with 99 training and 0 tests
Run RD with 353 training and 0 tests
Run WBD with 11 training and 0 tests
Run WSD with 337 training and 0 tests