Total Bootstraps 30
Num Species 8
FragmentLength 30; Section Length 30
TT; CD; FKW; KW; LPLT; RD; WBD; WSD
Bootstrap 0
Run TT with 161 training and 81 tests
Run CD with 264 training and 133 tests
Run FKW with 113 training and 57 tests
Run KW with 129 training and 65 tests
Run LPLT with 56 training and 29 tests
Run RD with 198 training and 99 tests
Run WBD with 6 training and 4 tests
Run WSD with 188 training and 94 tests
Confusion Matrix 1.0
0.8642; 0.0000; 0.0247; 0.0000; 0.0000; 0.0123; 0.0370; 0.0617; 0.0000
0.0677; 0.6015; 0.0075; 0.0000; 0.0075; 0.1429; 0.1579; 0.0150; 0.0000
0.0000; 0.0175; 0.8772; 0.0526; 0.0351; 0.0000; 0.0175; 0.0000; 0.0000
0.0000; 0.0000; 0.0462; 0.8462; 0.1077; 0.0000; 0.0000; 0.0000; 0.0000
0.0000; 0.0000; 0.0000; 0.5517; 0.4483; 0.0000; 0.0000; 0.0000; 0.0000
0.0404; 0.2020; 0.0000; 0.0000; 0.0000; 0.3838; 0.0000; 0.3737; 0.0000
0.0000; 0.7500; 0.0000; 0.0000; 0.0000; 0.2500; 0.0000; 0.0000; 0.0000
0.0957; 0.0213; 0.0000; 0.0000; 0.0000; 0.2872; 0.0213; 0.5745; 0.0000
Bootstrap 1
Run TT with 161 training and 81 tests
Run CD with 264 training and 133 tests
Run FKW with 113 training and 57 tests
Run KW with 129 training and 65 tests
Run LPLT with 56 training and 29 tests
Run RD with 198 training and 99 tests
Run WBD with 6 training and 4 tests
Run WSD with 188 training and 94 tests
Confusion Matrix 2.0
0.3827; 0.2840; 0.0494; 0.0000; 0.0000; 0.0741; 0.0988; 0.1111; 0.0000
0.0677; 0.4060; 0.0150; 0.0000; 0.0000; 0.1880; 0.2556; 0.0677; 0.0000
0.0000; 0.0175; 0.9649; 0.0175; 0.0000; 0.0000; 0.0000; 0.0000; 0.0000
0.0000; 0.0000; 0.1385; 0.6923; 0.1385; 0.0000; 0.0308; 0.0000; 0.0000
0.0000; 0.0000; 0.0345; 0.5517; 0.4138; 0.0000; 0.0000; 0.0000; 0.0000
0.0101; 0.2020; 0.0000; 0.0000; 0.0000; 0.4040; 0.0303; 0.3535; 0.0000
0.0000; 0.5000; 0.0000; 0.0000; 0.0000; 0.0000; 0.2500; 0.2500; 0.0000
0.0745; 0.0532; 0.0000; 0.0000; 0.0000; 0.1915; 0.0532; 0.6277; 0.0000
Bootstrap 2
Run TT with 161 training and 81 tests
Run CD with 264 training and 133 tests
Run FKW with 113 training and 57 tests
Run KW with 129 training and 65 tests
Run LPLT with 56 training and 29 tests
Run RD with 198 training and 99 tests
Run WBD with 6 training and 4 tests
Run WSD with 188 training and 94 tests
Confusion Matrix 3.0
0.5432; 0.2346; 0.0000; 0.0000; 0.0000; 0.1481; 0.0000; 0.0741; 0.0000
0.1053; 0.5188; 0.0075; 0.0000; 0.0000; 0.1729; 0.1053; 0.0902; 0.0000
0.0000; 0.0526; 0.9123; 0.0000; 0.0351; 0.0000; 0.0000; 0.0000; 0.0000
0.0000; 0.0000; 0.0462; 0.8308; 0.0769; 0.0000; 0.0462; 0.0000; 0.0000
0.0000; 0.0000; 0.0000; 0.4483; 0.5517; 0.0000; 0.0000; 0.0000; 0.0000
0.0303; 0.2323; 0.0000; 0.0000; 0.0000; 0.4040; 0.0101; 0.3232; 0.0000
0.0000; 0.7500; 0.0000; 0.0000; 0.0000; 0.0000; 0.2500; 0.0000; 0.0000
0.0957; 0.0532; 0.0000; 0.0000; 0.0000; 0.2979; 0.0319; 0.5213; 0.0000
Bootstrap 3
Run TT with 161 training and 81 tests
Run CD with 264 training and 133 tests
Run FKW with 113 training and 57 tests
Run KW with 129 training and 65 tests
Run LPLT with 56 training and 29 tests
Run RD with 198 training and 99 tests
Run WBD with 6 training and 4 tests
Run WSD with 188 training and 94 tests
Confusion Matrix 4.0
0.6420; 0.0741; 0.0123; 0.0000; 0.0000; 0.1111; 0.1111; 0.0494; 0.0000
0.0451; 0.4135; 0.0075; 0.0000; 0.0000; 0.2180; 0.2180; 0.0977; 0.0000
0.0000; 0.0351; 0.8421; 0.0526; 0.0526; 0.0000; 0.0175; 0.0000; 0.0000
0.0000; 0.0000; 0.0462; 0.8923; 0.0615; 0.0000; 0.0000; 0.0000; 0.0000
0.0000; 0.0000; 0.0000; 0.5172; 0.4828; 0.0000; 0.0000; 0.0000; 0.0000
0.0202; 0.0707; 0.0000; 0.0000; 0.0000; 0.4848; 0.0000; 0.4242; 0.0000
0.0000; 0.2500; 0.0000; 0.0000; 0.0000; 0.2500; 0.5000; 0.0000; 0.0000
0.1170; 0.0638; 0.0000; 0.0000; 0.0106; 0.2128; 0.0213; 0.5745; 0.0000
Bootstrap 4
Run TT with 161 training and 81 tests
Run CD with 264 training and 133 tests
Run FKW with 113 training and 57 tests
Run KW with 129 training and 65 tests
Run LPLT with 56 training and 29 tests
Run RD with 198 training and 99 tests
Run WBD with 6 training and 4 tests
Run WSD with 188 training and 94 tests
Confusion Matrix 5.0
0.3086; 0.2716; 0.0617; 0.0000; 0.0000; 0.0617; 0.2099; 0.0864; 0.0000
0.0150; 0.4812; 0.0075; 0.0000; 0.0000; 0.1654; 0.2707; 0.0602; 0.0000
0.0000; 0.0175; 0.9123; 0.0351; 0.0175; 0.0000; 0.0175; 0.0000; 0.0000
0.0000; 0.0000; 0.1231; 0.6000; 0.2000; 0.0000; 0.0769; 0.0000; 0.0000
0.0000; 0.0000; 0.0000; 0.5862; 0.4138; 0.0000; 0.0000; 0.0000; 0.0000
0.0000; 0.0404; 0.0000; 0.0000; 0.0000; 0.4949; 0.0000; 0.4646; 0.0000
0.0000; 0.5000; 0.0000; 0.0000; 0.0000; 0.0000; 0.2500; 0.2500; 0.0000
0.0851; 0.0426; 0.0000; 0.0000; 0.0000; 0.2340; 0.0106; 0.6277; 0.0000
Bootstrap 5
Run TT with 161 training and 81 tests
Run CD with 264 training and 133 tests
Run FKW with 113 training and 57 tests
Run KW with 129 training and 65 tests
Run LPLT with 56 training and 29 tests
Run RD with 198 training and 99 tests
Run WBD with 6 training and 4 tests
Run WSD with 188 training and 94 tests
Confusion Matrix 6.0
0.6420; 0.1358; 0.0123; 0.0000; 0.0000; 0.0864; 0.0370; 0.0864; 0.0000
0.0376; 0.5038; 0.0150; 0.0000; 0.0000; 0.1278; 0.2932; 0.0226; 0.0000
0.0000; 0.0000; 0.8947; 0.0175; 0.0526; 0.0175; 0.0175; 0.0000; 0.0000
0.0000; 0.0000; 0.0923; 0.7077; 0.2000; 0.0000; 0.0000; 0.0000; 0.0000
0.0000; 0.0000; 0.0000; 0.3793; 0.6207; 0.0000; 0.0000; 0.0000; 0.0000
0.0808; 0.2020; 0.0000; 0.0000; 0.0000; 0.3939; 0.0606; 0.2626; 0.0000
0.0000; 0.0000; 0.0000; 0.0000; 0.0000; 0.0000; 1.0000; 0.0000; 0.0000
0.0957; 0.0426; 0.0000; 0.0000; 0.0000; 0.3085; 0.0426; 0.5106; 0.0000
Bootstrap 6
Run TT with 161 training and 81 tests
Run CD with 264 training and 133 tests
Run FKW with 113 training and 57 tests
Run KW with 129 training and 65 tests
Run LPLT with 56 training and 29 tests
Run RD with 198 training and 99 tests
Run WBD with 6 training and 4 tests
Run WSD with 188 training and 94 tests
Confusion Matrix 7.0
0.7037; 0.0864; 0.0123; 0.0000; 0.0000; 0.0370; 0.0617; 0.0988; 0.0000
0.0977; 0.5639; 0.0075; 0.0000; 0.0000; 0.0902; 0.1729; 0.0677; 0.0000
0.0175; 0.0351; 0.9474; 0.0000; 0.0000; 0.0000; 0.0000; 0.0000; 0.0000
0.0000; 0.0000; 0.1231; 0.5231; 0.3231; 0.0000; 0.0308; 0.0000; 0.0000
0.0000; 0.0000; 0.0000; 0.2414; 0.7586; 0.0000; 0.0000; 0.0000; 0.0000
0.1111; 0.2424; 0.0202; 0.0000; 0.0404; 0.3434; 0.0606; 0.1818; 0.0000
0.0000; 0.7500; 0.0000; 0.0000; 0.0000; 0.0000; 0.2500; 0.0000; 0.0000
0.0745; 0.0851; 0.0000; 0.0000; 0.0000; 0.2447; 0.0213; 0.5745; 0.0000
Bootstrap 7
Run TT with 161 training and 81 tests
Run CD with 264 training and 133 tests
Run FKW with 113 training and 57 tests
Run KW with 129 training and 65 tests
Run LPLT with 56 training and 29 tests
Run RD with 198 training and 99 tests
Run WBD with 6 training and 4 tests
Run WSD with 188 training and 94 tests
Confusion Matrix 8.0
0.7160; 0.0864; 0.0123; 0.0000; 0.0000; 0.0123; 0.0617; 0.1111; 0.0000
0.0150; 0.4511; 0.0000; 0.0000; 0.0000; 0.0977; 0.3835; 0.0526; 0.0000
0.0000; 0.0351; 0.8246; 0.0175; 0.0702; 0.0000; 0.0526; 0.0000; 0.0000
0.0000; 0.0000; 0.0462; 0.7846; 0.1077; 0.0000; 0.0615; 0.0000; 0.0000
0.0000; 0.0000; 0.0345; 0.5172; 0.4483; 0.0000; 0.0000; 0.0000; 0.0000
0.0606; 0.2424; 0.0000; 0.0000; 0.0000; 0.2727; 0.0707; 0.3535; 0.0000
0.0000; 0.5000; 0.0000; 0.0000; 0.0000; 0.0000; 0.5000; 0.0000; 0.0000
0.0638; 0.0532; 0.0000; 0.0000; 0.0000; 0.3617; 0.0319; 0.4894; 0.0000
Bootstrap 8
Run TT with 161 training and 81 tests
Run CD with 264 training and 133 tests
Run FKW with 113 training and 57 tests
Run KW with 129 training and 65 tests
Run LPLT with 56 training and 29 tests
Run RD with 198 training and 99 tests
Run WBD with 6 training and 4 tests
Run WSD with 188 training and 94 tests
Confusion Matrix 9.0
0.7160; 0.0864; 0.0123; 0.0000; 0.0000; 0.0617; 0.0370; 0.0864; 0.0000
0.0526; 0.5414; 0.0000; 0.0000; 0.0000; 0.1053; 0.2932; 0.0075; 0.0000
0.0175; 0.0175; 0.8596; 0.0351; 0.0351; 0.0000; 0.0351; 0.0000; 0.0000
0.0000; 0.0000; 0.0769; 0.7385; 0.1692; 0.0000; 0.0154; 0.0000; 0.0000
0.0000; 0.0000; 0.0345; 0.7586; 0.2069; 0.0000; 0.0000; 0.0000; 0.0000
0.0101; 0.1212; 0.0000; 0.0000; 0.0000; 0.4343; 0.0404; 0.3939; 0.0000
0.0000; 0.2500; 0.0000; 0.0000; 0.0000; 0.0000; 0.7500; 0.0000; 0.0000
0.0957; 0.0319; 0.0000; 0.0000; 0.0106; 0.2447; 0.0532; 0.5638; 0.0000
Bootstrap 9
Run TT with 161 training and 81 tests
Run CD with 264 training and 133 tests
Run FKW with 113 training and 57 tests
Run KW with 129 training and 65 tests
Run LPLT with 56 training and 29 tests
Run RD with 198 training and 99 tests
Run WBD with 6 training and 4 tests
Run WSD with 188 training and 94 tests
Confusion Matrix 10.0
0.6173; 0.1358; 0.0247; 0.0000; 0.0000; 0.0370; 0.0617; 0.1235; 0.0000
0.0902; 0.3383; 0.0226; 0.0000; 0.0000; 0.2406; 0.1955; 0.1128; 0.0000
0.0000; 0.0175; 0.8947; 0.0000; 0.0526; 0.0000; 0.0351; 0.0000; 0.0000
0.0000; 0.0154; 0.0308; 0.7385; 0.1846; 0.0000; 0.0308; 0.0000; 0.0000
0.0000; 0.0000; 0.0690; 0.2759; 0.6552; 0.0000; 0.0000; 0.0000; 0.0000
0.0101; 0.0303; 0.0000; 0.0000; 0.0000; 0.4949; 0.0000; 0.4646; 0.0000
0.0000; 0.0000; 0.0000; 0.0000; 0.0000; 0.0000; 1.0000; 0.0000; 0.0000
0.0957; 0.0426; 0.0106; 0.0000; 0.0000; 0.2447; 0.0638; 0.5426; 0.0000
Bootstrap 10
Run TT with 161 training and 81 tests
Run CD with 264 training and 133 tests
Run FKW with 113 training and 57 tests
Run KW with 129 training and 65 tests
Run LPLT with 56 training and 29 tests
Run RD with 198 training and 99 tests
Run WBD with 6 training and 4 tests
Run WSD with 188 training and 94 tests
Confusion Matrix 11.0
0.7407; 0.0617; 0.0000; 0.0000; 0.0000; 0.0617; 0.0864; 0.0494; 0.0000
0.0977; 0.4812; 0.0075; 0.0000; 0.0000; 0.1429; 0.2256; 0.0451; 0.0000
0.0175; 0.0000; 0.8596; 0.0351; 0.0526; 0.0000; 0.0175; 0.0175; 0.0000
0.0000; 0.0000; 0.1538; 0.4923; 0.3077; 0.0000; 0.0462; 0.0000; 0.0000
0.0345; 0.0000; 0.0345; 0.1724; 0.6897; 0.0000; 0.0690; 0.0000; 0.0000
0.0202; 0.0303; 0.0000; 0.0000; 0.0000; 0.5051; 0.0000; 0.4444; 0.0000
0.0000; 0.5000; 0.0000; 0.0000; 0.0000; 0.0000; 0.5000; 0.0000; 0.0000
0.1064; 0.0532; 0.0000; 0.0000; 0.0000; 0.3085; 0.0319; 0.5000; 0.0000
Bootstrap 11
Run TT with 161 training and 81 tests
Run CD with 264 training and 133 tests
Run FKW with 113 training and 57 tests
Run KW with 129 training and 65 tests
Run LPLT with 56 training and 29 tests
Run RD with 198 training and 99 tests
Run WBD with 6 training and 4 tests
Run WSD with 188 training and 94 tests
Confusion Matrix 12.0
0.3580; 0.2840; 0.0741; 0.0000; 0.0000; 0.0864; 0.0864; 0.1111; 0.0000
0.0376; 0.4812; 0.0150; 0.0000; 0.0000; 0.1278; 0.2481; 0.0902; 0.0000
0.0000; 0.0175; 0.9474; 0.0175; 0.0175; 0.0000; 0.0000; 0.0000; 0.0000
0.0000; 0.0000; 0.0462; 0.6769; 0.2308; 0.0000; 0.0462; 0.0000; 0.0000
0.0000; 0.0000; 0.0690; 0.2759; 0.6552; 0.0000; 0.0000; 0.0000; 0.0000
0.0404; 0.2727; 0.0000; 0.0000; 0.0000; 0.3434; 0.0404; 0.3030; 0.0000
0.0000; 0.5000; 0.0000; 0.0000; 0.0000; 0.0000; 0.2500; 0.2500; 0.0000
0.0745; 0.1277; 0.0106; 0.0000; 0.0000; 0.2447; 0.0213; 0.5213; 0.0000
Bootstrap 12
Run TT with 161 training and 81 tests
Run CD with 264 training and 133 tests
Run FKW with 113 training and 57 tests
Run KW with 129 training and 65 tests
Run LPLT with 56 training and 29 tests
Run RD with 198 training and 99 tests
Run WBD with 6 training and 4 tests
Run WSD with 188 training and 94 tests
Confusion Matrix 13.0
0.4444; 0.2963; 0.0617; 0.0000; 0.0000; 0.0617; 0.0617; 0.0741; 0.0000
0.1053; 0.3383; 0.0150; 0.0000; 0.0000; 0.2782; 0.1203; 0.1429; 0.0000
0.0000; 0.0351; 0.9298; 0.0175; 0.0000; 0.0000; 0.0175; 0.0000; 0.0000
0.0000; 0.0000; 0.0308; 0.7538; 0.1846; 0.0000; 0.0308; 0.0000; 0.0000
0.0000; 0.0000; 0.0345; 0.2759; 0.6897; 0.0000; 0.0000; 0.0000; 0.0000
0.0101; 0.0404; 0.0000; 0.0000; 0.0000; 0.5354; 0.0000; 0.4141; 0.0000
0.0000; 0.2500; 0.0000; 0.0000; 0.0000; 0.0000; 0.7500; 0.0000; 0.0000
0.0745; 0.0745; 0.0000; 0.0000; 0.0000; 0.2447; 0.0106; 0.5957; 0.0000
Bootstrap 13
Run TT with 161 training and 81 tests
Run CD with 264 training and 133 tests
Run FKW with 113 training and 57 tests
Run KW with 129 training and 65 tests
Run LPLT with 56 training and 29 tests
Run RD with 198 training and 99 tests
Run WBD with 6 training and 4 tests
Run WSD with 188 training and 94 tests
Confusion Matrix 14.0
0.8395; 0.0000; 0.0247; 0.0000; 0.0000; 0.0494; 0.0494; 0.0370; 0.0000
0.0451; 0.3910; 0.0075; 0.0000; 0.0000; 0.1278; 0.3609; 0.0677; 0.0000
0.0175; 0.0351; 0.9123; 0.0175; 0.0000; 0.0000; 0.0175; 0.0000; 0.0000
0.0000; 0.0000; 0.0923; 0.6308; 0.2462; 0.0000; 0.0308; 0.0000; 0.0000
0.0000; 0.0000; 0.0345; 0.1724; 0.7931; 0.0000; 0.0000; 0.0000; 0.0000
0.0000; 0.0303; 0.0000; 0.0000; 0.0000; 0.5354; 0.0101; 0.4242; 0.0000
0.0000; 0.2500; 0.0000; 0.0000; 0.0000; 0.0000; 0.7500; 0.0000; 0.0000
0.0745; 0.0213; 0.0213; 0.0000; 0.0000; 0.2128; 0.0426; 0.6277; 0.0000
Bootstrap 14
Run TT with 161 training and 81 tests
Run CD with 264 training and 133 tests
Run FKW with 113 training and 57 tests
Run KW with 129 training and 65 tests
Run LPLT with 56 training and 29 tests
Run RD with 198 training and 99 tests
Run WBD with 6 training and 4 tests
Run WSD with 188 training and 94 tests
Confusion Matrix 15.0
0.3457; 0.2593; 0.0494; 0.0000; 0.0000; 0.0370; 0.2222; 0.0864; 0.0000
0.0451; 0.4812; 0.0075; 0.0000; 0.0000; 0.1053; 0.3008; 0.0602; 0.0000
0.0175; 0.0526; 0.8246; 0.0000; 0.0702; 0.0000; 0.0351; 0.0000; 0.0000
0.0000; 0.0000; 0.0308; 0.8769; 0.0615; 0.0000; 0.0308; 0.0000; 0.0000
0.0000; 0.0000; 0.0000; 0.5517; 0.4483; 0.0000; 0.0000; 0.0000; 0.0000
0.1313; 0.2121; 0.0000; 0.0202; 0.0202; 0.3636; 0.0808; 0.1717; 0.0000
0.0000; 0.2500; 0.0000; 0.0000; 0.0000; 0.0000; 0.7500; 0.0000; 0.0000
0.0745; 0.0851; 0.0000; 0.0000; 0.0106; 0.3191; 0.0532; 0.4574; 0.0000
Bootstrap 15
Run TT with 161 training and 81 tests
Run CD with 264 training and 133 tests
Run FKW with 113 training and 57 tests
Run KW with 129 training and 65 tests
Run LPLT with 56 training and 29 tests
Run RD with 198 training and 99 tests
Run WBD with 6 training and 4 tests
Run WSD with 188 training and 94 tests
Confusion Matrix 16.0
0.7037; 0.1235; 0.0000; 0.0123; 0.0000; 0.0494; 0.0123; 0.0988; 0.0000
0.0602; 0.5564; 0.0000; 0.0000; 0.0000; 0.0526; 0.3083; 0.0226; 0.0000
0.0175; 0.0351; 0.8947; 0.0351; 0.0000; 0.0000; 0.0175; 0.0000; 0.0000
0.0000; 0.0000; 0.0308; 0.8923; 0.0769; 0.0000; 0.0000; 0.0000; 0.0000
0.0000; 0.0000; 0.0000; 0.3448; 0.6552; 0.0000; 0.0000; 0.0000; 0.0000
0.1212; 0.1313; 0.0202; 0.0202; 0.0101; 0.3636; 0.1414; 0.1919; 0.0000
0.0000; 0.2500; 0.0000; 0.0000; 0.0000; 0.0000; 0.7500; 0.0000; 0.0000
0.1170; 0.0532; 0.0000; 0.0000; 0.0000; 0.2979; 0.0213; 0.5106; 0.0000
Bootstrap 16
Run TT with 161 training and 81 tests
Run CD with 264 training and 133 tests
Run FKW with 113 training and 57 tests
Run KW with 129 training and 65 tests
Run LPLT with 56 training and 29 tests
Run RD with 198 training and 99 tests
Run WBD with 6 training and 4 tests
Run WSD with 188 training and 94 tests
Confusion Matrix 17.0
0.6667; 0.1605; 0.0123; 0.0000; 0.0000; 0.0370; 0.0000; 0.1235; 0.0000
0.0827; 0.5639; 0.0075; 0.0000; 0.0000; 0.1805; 0.1053; 0.0602; 0.0000
0.0351; 0.0175; 0.9123; 0.0351; 0.0000; 0.0000; 0.0000; 0.0000; 0.0000
0.0000; 0.0000; 0.1385; 0.6308; 0.1538; 0.0000; 0.0769; 0.0000; 0.0000
0.0000; 0.0000; 0.0000; 0.5517; 0.4483; 0.0000; 0.0000; 0.0000; 0.0000
0.1313; 0.2323; 0.0101; 0.0000; 0.0101; 0.3131; 0.0808; 0.2222; 0.0000
0.0000; 0.2500; 0.0000; 0.0000; 0.0000; 0.2500; 0.2500; 0.2500; 0.0000
0.0957; 0.0426; 0.0000; 0.0000; 0.0000; 0.3830; 0.0213; 0.4574; 0.0000
Bootstrap 17
Run TT with 161 training and 81 tests
Run CD with 264 training and 133 tests
Run FKW with 113 training and 57 tests
Run KW with 129 training and 65 tests
Run LPLT with 56 training and 29 tests
Run RD with 198 training and 99 tests
Run WBD with 6 training and 4 tests
Run WSD with 188 training and 94 tests
Confusion Matrix 18.0
0.5185; 0.1605; 0.0494; 0.0000; 0.0000; 0.0494; 0.1358; 0.0864; 0.0000
0.0526; 0.5263; 0.0075; 0.0000; 0.0000; 0.1429; 0.2180; 0.0526; 0.0000
0.0175; 0.0351; 0.9123; 0.0000; 0.0351; 0.0000; 0.0000; 0.0000; 0.0000
0.0000; 0.0000; 0.1077; 0.5846; 0.2769; 0.0000; 0.0308; 0.0000; 0.0000
0.0000; 0.0000; 0.0345; 0.2069; 0.7586; 0.0000; 0.0000; 0.0000; 0.0000
0.1111; 0.1818; 0.0303; 0.0000; 0.0303; 0.3838; 0.1212; 0.1414; 0.0000
0.0000; 0.5000; 0.0000; 0.0000; 0.0000; 0.0000; 0.5000; 0.0000; 0.0000
0.0745; 0.0957; 0.0000; 0.0000; 0.0000; 0.3617; 0.0745; 0.3936; 0.0000
Bootstrap 18
Run TT with 161 training and 81 tests
Run CD with 264 training and 133 tests
Run FKW with 113 training and 57 tests
Run KW with 129 training and 65 tests
Run LPLT with 56 training and 29 tests
Run RD with 198 training and 99 tests
Run WBD with 6 training and 4 tests
Run WSD with 188 training and 94 tests
Confusion Matrix 19.0
0.5556; 0.1975; 0.0123; 0.0000; 0.0000; 0.1111; 0.0617; 0.0617; 0.0000
0.0602; 0.4060; 0.0150; 0.0075; 0.0000; 0.1654; 0.2632; 0.0827; 0.0000
0.0000; 0.0000; 0.8947; 0.0000; 0.0877; 0.0000; 0.0175; 0.0000; 0.0000
0.0000; 0.0000; 0.0308; 0.8923; 0.0769; 0.0000; 0.0000; 0.0000; 0.0000
0.0000; 0.0000; 0.0000; 0.7586; 0.2414; 0.0000; 0.0000; 0.0000; 0.0000
0.0101; 0.0202; 0.0000; 0.0000; 0.0000; 0.6061; 0.0000; 0.3636; 0.0000
0.0000; 0.2500; 0.0000; 0.0000; 0.0000; 0.0000; 0.5000; 0.2500; 0.0000
0.1170; 0.0532; 0.0000; 0.0000; 0.0000; 0.2021; 0.0319; 0.5957; 0.0000
Bootstrap 19
Run TT with 161 training and 81 tests
Run CD with 264 training and 133 tests
Run FKW with 113 training and 57 tests
Run KW with 129 training and 65 tests
Run LPLT with 56 training and 29 tests
Run RD with 198 training and 99 tests
Run WBD with 6 training and 4 tests
Run WSD with 188 training and 94 tests
Confusion Matrix 20.0
0.6296; 0.0988; 0.0247; 0.0000; 0.0000; 0.0247; 0.0988; 0.1235; 0.0000
0.0902; 0.4286; 0.0075; 0.0000; 0.0000; 0.2707; 0.0602; 0.1429; 0.0000
0.0000; 0.0351; 0.9649; 0.0000; 0.0000; 0.0000; 0.0000; 0.0000; 0.0000
0.0000; 0.0000; 0.0154; 0.8615; 0.1231; 0.0000; 0.0000; 0.0000; 0.0000
0.0000; 0.0000; 0.0345; 0.1034; 0.8276; 0.0000; 0.0345; 0.0000; 0.0000
0.0505; 0.1818; 0.0000; 0.0000; 0.0000; 0.4242; 0.0606; 0.2828; 0.0000
0.0000; 0.5000; 0.0000; 0.0000; 0.0000; 0.2500; 0.2500; 0.0000; 0.0000
0.0745; 0.0638; 0.0000; 0.0000; 0.0000; 0.3191; 0.0213; 0.5213; 0.0000
Bootstrap 20
Run TT with 161 training and 81 tests
Run CD with 264 training and 133 tests
Run FKW with 113 training and 57 tests
Run KW with 129 training and 65 tests
Run LPLT with 56 training and 29 tests
Run RD with 198 training and 99 tests
Run WBD with 6 training and 4 tests
Run WSD with 188 training and 94 tests
Confusion Matrix 21.0
0.8272; 0.0123; 0.0247; 0.0000; 0.0123; 0.0494; 0.0000; 0.0741; 0.0000
0.1504; 0.2932; 0.0150; 0.0000; 0.0000; 0.2406; 0.1654; 0.1353; 0.0000
0.0000; 0.0000; 0.9123; 0.0351; 0.0526; 0.0000; 0.0000; 0.0000; 0.0000
0.0000; 0.0000; 0.0462; 0.7846; 0.1231; 0.0000; 0.0462; 0.0000; 0.0000
0.0000; 0.0000; 0.0000; 0.5517; 0.4483; 0.0000; 0.0000; 0.0000; 0.0000
0.0303; 0.1414; 0.0000; 0.0000; 0.0000; 0.4141; 0.0202; 0.3939; 0.0000
0.0000; 0.5000; 0.0000; 0.0000; 0.0000; 0.0000; 0.5000; 0.0000; 0.0000
0.0745; 0.0426; 0.0000; 0.0000; 0.0106; 0.2660; 0.0213; 0.5851; 0.0000
Bootstrap 21
Run TT with 161 training and 81 tests
Run CD with 264 training and 133 tests
Run FKW with 113 training and 57 tests
Run KW with 129 training and 65 tests
Run LPLT with 56 training and 29 tests
Run RD with 198 training and 99 tests
Run WBD with 6 training and 4 tests
Run WSD with 188 training and 94 tests
Confusion Matrix 22.0
0.3704; 0.2840; 0.0247; 0.0000; 0.0000; 0.1481; 0.0988; 0.0741; 0.0000
0.1053; 0.4361; 0.0075; 0.0000; 0.0000; 0.2105; 0.1579; 0.0827; 0.0000
0.0000; 0.0526; 0.8596; 0.0000; 0.0877; 0.0000; 0.0000; 0.0000; 0.0000
0.0000; 0.0000; 0.0000; 0.7385; 0.2615; 0.0000; 0.0000; 0.0000; 0.0000
0.0000; 0.0000; 0.1034; 0.2414; 0.6207; 0.0000; 0.0345; 0.0000; 0.0000
0.0303; 0.0505; 0.0000; 0.0000; 0.0000; 0.5051; 0.0000; 0.4141; 0.0000
0.0000; 0.5000; 0.0000; 0.0000; 0.0000; 0.0000; 0.5000; 0.0000; 0.0000
0.0851; 0.0532; 0.0000; 0.0000; 0.0000; 0.2340; 0.0000; 0.6277; 0.0000
Bootstrap 22
Run TT with 161 training and 81 tests
Run CD with 264 training and 133 tests
Run FKW with 113 training and 57 tests
Run KW with 129 training and 65 tests
Run LPLT with 56 training and 29 tests
Run RD with 198 training and 99 tests
Run WBD with 6 training and 4 tests
Run WSD with 188 training and 94 tests
Confusion Matrix 23.0
0.3951; 0.2593; 0.0370; 0.0000; 0.0000; 0.0494; 0.1358; 0.1235; 0.0000
0.0526; 0.3383; 0.0000; 0.0000; 0.0000; 0.1880; 0.3684; 0.0526; 0.0000
0.0000; 0.0000; 0.8772; 0.0000; 0.0877; 0.0000; 0.0351; 0.0000; 0.0000
0.0000; 0.0000; 0.0154; 0.8154; 0.1538; 0.0000; 0.0154; 0.0000; 0.0000
0.0000; 0.0000; 0.0690; 0.2069; 0.6897; 0.0000; 0.0345; 0.0000; 0.0000
0.0000; 0.1313; 0.0000; 0.0000; 0.0000; 0.5354; 0.0404; 0.2929; 0.0000
0.0000; 0.2500; 0.0000; 0.0000; 0.0000; 0.0000; 0.7500; 0.0000; 0.0000
0.0851; 0.0532; 0.0000; 0.0000; 0.0106; 0.2021; 0.0532; 0.5957; 0.0000
Bootstrap 23
Run TT with 161 training and 81 tests
Run CD with 264 training and 133 tests
Run FKW with 113 training and 57 tests
Run KW with 129 training and 65 tests
Run LPLT with 56 training and 29 tests
Run RD with 198 training and 99 tests
Run WBD with 6 training and 4 tests
Run WSD with 188 training and 94 tests
Confusion Matrix 24.0
0.4815; 0.2346; 0.0494; 0.0000; 0.0000; 0.1111; 0.0988; 0.0247; 0.0000
0.0526; 0.5564; 0.0000; 0.0000; 0.0000; 0.1203; 0.1805; 0.0902; 0.0000
0.0000; 0.0000; 0.9474; 0.0000; 0.0175; 0.0000; 0.0351; 0.0000; 0.0000
0.0000; 0.0000; 0.1231; 0.5385; 0.2615; 0.0000; 0.0769; 0.0000; 0.0000
0.0000; 0.0000; 0.0690; 0.1034; 0.7586; 0.0000; 0.0690; 0.0000; 0.0000
0.0101; 0.2424; 0.0000; 0.0000; 0.0000; 0.3939; 0.0404; 0.3131; 0.0000
0.0000; 0.5000; 0.0000; 0.0000; 0.0000; 0.0000; 0.5000; 0.0000; 0.0000
0.1170; 0.1064; 0.0000; 0.0000; 0.0000; 0.2234; 0.0426; 0.5106; 0.0000
Bootstrap 24
Run TT with 161 training and 81 tests
Run CD with 264 training and 133 tests
Run FKW with 113 training and 57 tests
Run KW with 129 training and 65 tests
Run LPLT with 56 training and 29 tests
Run RD with 198 training and 99 tests
Run WBD with 6 training and 4 tests
Run WSD with 188 training and 94 tests
Confusion Matrix 25.0
0.7284; 0.0741; 0.0247; 0.0000; 0.0000; 0.0000; 0.1111; 0.0617; 0.0000
0.1278; 0.3609; 0.0226; 0.0000; 0.0075; 0.2331; 0.1429; 0.1053; 0.0000
0.0175; 0.0526; 0.8947; 0.0000; 0.0351; 0.0000; 0.0000; 0.0000; 0.0000
0.0000; 0.0000; 0.1846; 0.6615; 0.1231; 0.0000; 0.0308; 0.0000; 0.0000
0.0000; 0.0000; 0.0000; 0.7241; 0.2759; 0.0000; 0.0000; 0.0000; 0.0000
0.1212; 0.0909; 0.0303; 0.0101; 0.0202; 0.4040; 0.0808; 0.2424; 0.0000
0.0000; 0.0000; 0.0000; 0.0000; 0.0000; 0.2500; 0.7500; 0.0000; 0.0000
0.0851; 0.0426; 0.0000; 0.0000; 0.0000; 0.3404; 0.0532; 0.4787; 0.0000
Bootstrap 25
Run TT with 161 training and 81 tests
Run CD with 264 training and 133 tests
Run FKW with 113 training and 57 tests
Run KW with 129 training and 65 tests
Run LPLT with 56 training and 29 tests
Run RD with 198 training and 99 tests
Run WBD with 6 training and 4 tests
Run WSD with 188 training and 94 tests
Confusion Matrix 26.0
0.6296; 0.1605; 0.0247; 0.0000; 0.0000; 0.0741; 0.0370; 0.0741; 0.0000
0.0977; 0.3083; 0.0150; 0.0000; 0.0000; 0.3233; 0.1805; 0.0752; 0.0000
0.0175; 0.0351; 0.9298; 0.0000; 0.0000; 0.0000; 0.0175; 0.0000; 0.0000
0.0000; 0.0000; 0.0462; 0.7385; 0.1692; 0.0000; 0.0462; 0.0000; 0.0000
0.0000; 0.0000; 0.1034; 0.3103; 0.5862; 0.0000; 0.0000; 0.0000; 0.0000
0.0202; 0.0606; 0.0000; 0.0000; 0.0000; 0.5960; 0.0000; 0.3232; 0.0000
0.0000; 0.5000; 0.0000; 0.0000; 0.0000; 0.0000; 0.5000; 0.0000; 0.0000
0.0957; 0.0638; 0.0000; 0.0000; 0.0000; 0.3511; 0.0319; 0.4574; 0.0000
Bootstrap 26
Run TT with 161 training and 81 tests
Run CD with 264 training and 133 tests
Run FKW with 113 training and 57 tests
Run KW with 129 training and 65 tests
Run LPLT with 56 training and 29 tests
Run RD with 198 training and 99 tests
Run WBD with 6 training and 4 tests
Run WSD with 188 training and 94 tests
Confusion Matrix 27.0
0.6667; 0.1481; 0.0123; 0.0000; 0.0000; 0.0617; 0.0370; 0.0741; 0.0000
0.0526; 0.4737; 0.0000; 0.0000; 0.0000; 0.1128; 0.3534; 0.0075; 0.0000
0.0000; 0.0000; 0.8421; 0.0702; 0.0351; 0.0351; 0.0175; 0.0000; 0.0000
0.0000; 0.0000; 0.0462; 0.8000; 0.1231; 0.0000; 0.0308; 0.0000; 0.0000
0.0000; 0.0000; 0.0000; 0.5517; 0.4483; 0.0000; 0.0000; 0.0000; 0.0000
0.0202; 0.1515; 0.0000; 0.0000; 0.0000; 0.4848; 0.0202; 0.3232; 0.0000
0.0000; 0.0000; 0.0000; 0.0000; 0.0000; 0.0000; 1.0000; 0.0000; 0.0000
0.1170; 0.0957; 0.0000; 0.0000; 0.0000; 0.1915; 0.0532; 0.5426; 0.0000
Bootstrap 27
Run TT with 161 training and 81 tests
Run CD with 264 training and 133 tests
Run FKW with 113 training and 57 tests
Run KW with 129 training and 65 tests
Run LPLT with 56 training and 29 tests
Run RD with 198 training and 99 tests
Run WBD with 6 training and 4 tests
Run WSD with 188 training and 94 tests
Confusion Matrix 28.0
0.4815; 0.1605; 0.0370; 0.0000; 0.0000; 0.0247; 0.1852; 0.1111; 0.0000
0.0301; 0.3684; 0.0075; 0.0000; 0.0000; 0.1880; 0.3308; 0.0752; 0.0000
0.0000; 0.0000; 0.8772; 0.0526; 0.0526; 0.0175; 0.0000; 0.0000; 0.0000
0.0000; 0.0000; 0.0462; 0.7846; 0.1077; 0.0000; 0.0615; 0.0000; 0.0000
0.0000; 0.0000; 0.0345; 0.7241; 0.2414; 0.0000; 0.0000; 0.0000; 0.0000
0.0101; 0.0606; 0.0000; 0.0000; 0.0000; 0.4747; 0.0000; 0.4545; 0.0000
0.0000; 0.5000; 0.0000; 0.0000; 0.0000; 0.0000; 0.5000; 0.0000; 0.0000
0.0745; 0.0426; 0.0000; 0.0000; 0.0106; 0.2660; 0.0213; 0.5851; 0.0000
Bootstrap 28
Run TT with 161 training and 81 tests
Run CD with 264 training and 133 tests
Run FKW with 113 training and 57 tests
Run KW with 129 training and 65 tests
Run LPLT with 56 training and 29 tests
Run RD with 198 training and 99 tests
Run WBD with 6 training and 4 tests
Run WSD with 188 training and 94 tests
Confusion Matrix 29.0
0.7284; 0.0617; 0.0123; 0.0000; 0.0000; 0.0000; 0.1111; 0.0864; 0.0000
0.0677; 0.5414; 0.0075; 0.0000; 0.0000; 0.0827; 0.2632; 0.0376; 0.0000
0.0175; 0.0000; 0.9298; 0.0175; 0.0175; 0.0175; 0.0000; 0.0000; 0.0000
0.0000; 0.0000; 0.0923; 0.6462; 0.2154; 0.0000; 0.0462; 0.0000; 0.0000
0.0000; 0.0000; 0.0000; 0.2069; 0.7931; 0.0000; 0.0000; 0.0000; 0.0000
0.0606; 0.2424; 0.0000; 0.0000; 0.0000; 0.3535; 0.0303; 0.3131; 0.0000
0.0000; 0.2500; 0.0000; 0.0000; 0.0000; 0.0000; 0.7500; 0.0000; 0.0000
0.1170; 0.0319; 0.0000; 0.0000; 0.0000; 0.3085; 0.0319; 0.5106; 0.0000
Bootstrap 29
Run TT with 161 training and 81 tests
Run CD with 264 training and 133 tests
Run FKW with 113 training and 57 tests
Run KW with 129 training and 65 tests
Run LPLT with 56 training and 29 tests
Run RD with 198 training and 99 tests
Run WBD with 6 training and 4 tests
Run WSD with 188 training and 94 tests
Confusion Matrix 30.0
0.4321; 0.2099; 0.0741; 0.0000; 0.0000; 0.0494; 0.1728; 0.0617; 0.0000
0.0902; 0.3910; 0.0150; 0.0000; 0.0000; 0.2105; 0.1805; 0.1128; 0.0000
0.0000; 0.0175; 0.9123; 0.0175; 0.0351; 0.0175; 0.0000; 0.0000; 0.0000
0.0000; 0.0000; 0.0308; 0.8154; 0.1538; 0.0000; 0.0000; 0.0000; 0.0000
0.0000; 0.0000; 0.0690; 0.1034; 0.7931; 0.0000; 0.0345; 0.0000; 0.0000
0.0000; 0.0202; 0.0000; 0.0000; 0.0000; 0.6465; 0.0202; 0.3131; 0.0000
0.0000; 0.5000; 0.0000; 0.0000; 0.0000; 0.0000; 0.5000; 0.0000; 0.0000
0.0745; 0.0532; 0.0213; 0.0000; 0.0106; 0.2128; 0.0319; 0.5957; 0.0000
Mean confusion
0.5893; 0.1547; 0.0284; 0.0004; 0.0004; 0.0593; 0.0840; 0.0835; 0.0000
0.0699; 0.4514; 0.0090; 0.0003; 0.0005; 0.1684; 0.2293; 0.0712; 0.0000
0.0070; 0.0222; 0.8988; 0.0193; 0.0345; 0.0035; 0.0140; 0.0006; 0.0000
0.0000; 0.0005; 0.0692; 0.7323; 0.1667; 0.0000; 0.0313; 0.0000; 0.0000
0.0011; 0.0000; 0.0287; 0.3989; 0.5621; 0.0000; 0.0092; 0.0000; 0.0000
0.0434; 0.1370; 0.0037; 0.0017; 0.0044; 0.4431; 0.0354; 0.3313; 0.0000
0.0000; 0.3750; 0.0000; 0.0000; 0.0000; 0.0417; 0.5417; 0.0417; 0.0000
0.0901; 0.0582; 0.0021; 0.0000; 0.0025; 0.2706; 0.0340; 0.5426; 0.0000
STD Confusion
0.1590; 0.0911; 0.0213; 0.0023; 0.0023; 0.0381; 0.0595; 0.0265; 0.0000
0.0325; 0.0862; 0.0064; 0.0014; 0.0019; 0.0645; 0.0862; 0.0373; 0.0000
0.0099; 0.0184; 0.0387; 0.0203; 0.0286; 0.0085; 0.0149; 0.0032; 0.0000
0.0000; 0.0028; 0.0478; 0.1146; 0.0733; 0.0000; 0.0247; 0.0000; 0.0000
0.0063; 0.0000; 0.0328; 0.2082; 0.1829; 0.0000; 0.0201; 0.0000; 0.0000
0.0442; 0.0850; 0.0090; 0.0054; 0.0102; 0.0907; 0.0383; 0.0909; 0.0000
0.0000; 0.2153; 0.0000; 0.0000; 0.0000; 0.0948; 0.2550; 0.0948; 0.0000
0.0169; 0.0248; 0.0059; 0.0000; 0.0046; 0.0562; 0.0173; 0.0603; 0.0000
Lower 95% CI
0.3086; 0.0000; 0.0000; 0.0000; 0.0000; 0.0000; 0.0000; 0.0247; 0.0000
0.0150; 0.2932; 0.0000; 0.0000; 0.0000; 0.0526; 0.0602; 0.0075; 0.0000
0.0000; 0.0000; 0.8246; 0.0000; 0.0000; 0.0000; 0.0000; 0.0000; 0.0000
0.0000; 0.0000; 0.0000; 0.4923; 0.0615; 0.0000; 0.0000; 0.0000; 0.0000
0.0000; 0.0000; 0.0000; 0.1034; 0.2069; 0.0000; 0.0000; 0.0000; 0.0000
0.0000; 0.0202; 0.0000; 0.0000; 0.0000; 0.2727; 0.0000; 0.1414; 0.0000
0.0000; 0.0000; 0.0000; 0.0000; 0.0000; 0.0000; 0.0000; 0.0000; 0.0000
0.0638; 0.0213; 0.0000; 0.0000; 0.0000; 0.1915; 0.0000; 0.3936; 0.0000
Upper 95% CI
0.8642; 0.2963; 0.0741; 0.0123; 0.0123; 0.1481; 0.2222; 0.1235; 0.0000
0.1504; 0.6015; 0.0226; 0.0075; 0.0075; 0.3233; 0.3835; 0.1429; 0.0000
0.0351; 0.0526; 0.9649; 0.0702; 0.0877; 0.0351; 0.0526; 0.0175; 0.0000
0.0000; 0.0154; 0.1846; 0.8923; 0.3231; 0.0000; 0.0769; 0.0000; 0.0000
0.0345; 0.0000; 0.1034; 0.7586; 0.8276; 0.0000; 0.0690; 0.0000; 0.0000
0.1313; 0.2727; 0.0303; 0.0202; 0.0404; 0.6465; 0.1414; 0.4646; 0.0000
0.0000; 0.7500; 0.0000; 0.0000; 0.0000; 0.2500; 1.0000; 0.2500; 0.0000
0.1170; 0.1277; 0.0213; 0.0000; 0.0106; 0.3830; 0.0745; 0.6277; 0.0000
Run TT with 242 training and 0 tests
Run CD with 397 training and 0 tests
Run FKW with 170 training and 0 tests
Run KW with 194 training and 0 tests
Run LPLT with 85 training and 0 tests
Run RD with 297 training and 0 tests
Run WBD with 10 training and 0 tests
Run WSD with 282 training and 0 tests