Total Bootstraps 30
Num Species 8
FragmentLength 22; Section Length 60
TT; CD; FKW; KW; LPLT; RD; WBD; WSD
Bootstrap 0
Run TT with 136 training and 68 tests
Run CD with 222 training and 111 tests
Run FKW with 86 training and 44 tests
Run KW with 112 training and 57 tests
Run LPLT with 49 training and 25 tests
Run RD with 176 training and 89 tests
Run WBD with 5 training and 3 tests
Run WSD with 168 training and 85 tests
Confusion Matrix 1.0
0.6912; 0.1618; 0.0147; 0.0000; 0.0000; 0.0588; 0.0588; 0.0147; 0.0000
0.0450; 0.3964; 0.0000; 0.0000; 0.0000; 0.1892; 0.2973; 0.0721; 0.0000
0.0000; 0.0000; 0.9091; 0.0000; 0.0682; 0.0000; 0.0227; 0.0000; 0.0000
0.0000; 0.0000; 0.0175; 0.7719; 0.2105; 0.0000; 0.0000; 0.0000; 0.0000
0.0000; 0.0000; 0.0400; 0.1600; 0.8000; 0.0000; 0.0000; 0.0000; 0.0000
0.0000; 0.2022; 0.0000; 0.0000; 0.0000; 0.4719; 0.0337; 0.2921; 0.0000
0.0000; 0.3333; 0.0000; 0.0000; 0.0000; 0.0000; 0.6667; 0.0000; 0.0000
0.0471; 0.0941; 0.0000; 0.0000; 0.0000; 0.2588; 0.0118; 0.5882; 0.0000
Bootstrap 1
Run TT with 136 training and 68 tests
Run CD with 222 training and 111 tests
Run FKW with 86 training and 44 tests
Run KW with 112 training and 57 tests
Run LPLT with 49 training and 25 tests
Run RD with 176 training and 89 tests
Run WBD with 5 training and 3 tests
Run WSD with 168 training and 85 tests
Confusion Matrix 2.0
0.8971; 0.0147; 0.0294; 0.0000; 0.0000; 0.0147; 0.0000; 0.0441; 0.0000
0.0811; 0.5586; 0.0000; 0.0000; 0.0000; 0.1802; 0.1802; 0.0000; 0.0000
0.0000; 0.0000; 0.9091; 0.0000; 0.0682; 0.0227; 0.0000; 0.0000; 0.0000
0.0000; 0.0000; 0.0526; 0.8246; 0.1228; 0.0000; 0.0000; 0.0000; 0.0000
0.0000; 0.0000; 0.0000; 0.6400; 0.3600; 0.0000; 0.0000; 0.0000; 0.0000
0.0000; 0.0225; 0.0000; 0.0000; 0.0000; 0.7640; 0.0000; 0.2135; 0.0000
0.0000; 0.6667; 0.0000; 0.0000; 0.0000; 0.0000; 0.3333; 0.0000; 0.0000
0.0706; 0.0706; 0.0000; 0.0000; 0.0000; 0.3176; 0.0118; 0.5294; 0.0000
Bootstrap 2
Run TT with 136 training and 68 tests
Run CD with 222 training and 111 tests
Run FKW with 86 training and 44 tests
Run KW with 112 training and 57 tests
Run LPLT with 49 training and 25 tests
Run RD with 176 training and 89 tests
Run WBD with 5 training and 3 tests
Run WSD with 168 training and 85 tests
Confusion Matrix 3.0
0.5000; 0.1912; 0.0441; 0.0000; 0.0000; 0.0882; 0.0735; 0.1029; 0.0000
0.0180; 0.5586; 0.0090; 0.0000; 0.0000; 0.1532; 0.1982; 0.0631; 0.0000
0.0000; 0.0000; 0.9773; 0.0227; 0.0000; 0.0000; 0.0000; 0.0000; 0.0000
0.0000; 0.0000; 0.0526; 0.7719; 0.1754; 0.0000; 0.0000; 0.0000; 0.0000
0.0000; 0.0000; 0.0000; 0.4400; 0.5600; 0.0000; 0.0000; 0.0000; 0.0000
0.0000; 0.0112; 0.0000; 0.0000; 0.0000; 0.6966; 0.0000; 0.2921; 0.0000
0.0000; 0.6667; 0.0000; 0.0000; 0.0000; 0.0000; 0.3333; 0.0000; 0.0000
0.0824; 0.0471; 0.0000; 0.0000; 0.0118; 0.2353; 0.0353; 0.5882; 0.0000
Bootstrap 3
Run TT with 136 training and 68 tests
Run CD with 222 training and 111 tests
Run FKW with 86 training and 44 tests
Run KW with 112 training and 57 tests
Run LPLT with 49 training and 25 tests
Run RD with 176 training and 89 tests
Run WBD with 5 training and 3 tests
Run WSD with 168 training and 85 tests
Confusion Matrix 4.0
0.7500; 0.1176; 0.0000; 0.0000; 0.0000; 0.0588; 0.0147; 0.0588; 0.0000
0.0991; 0.4414; 0.0090; 0.0000; 0.0000; 0.2613; 0.1171; 0.0721; 0.0000
0.0000; 0.0455; 0.9318; 0.0000; 0.0227; 0.0000; 0.0000; 0.0000; 0.0000
0.0000; 0.0000; 0.0526; 0.7193; 0.2105; 0.0000; 0.0175; 0.0000; 0.0000
0.0000; 0.0000; 0.1600; 0.0400; 0.8000; 0.0000; 0.0000; 0.0000; 0.0000
0.0112; 0.0112; 0.0000; 0.0000; 0.0000; 0.7528; 0.0000; 0.2247; 0.0000
0.0000; 0.6667; 0.0000; 0.0000; 0.0000; 0.0000; 0.3333; 0.0000; 0.0000
0.0941; 0.0353; 0.0000; 0.0000; 0.0118; 0.2353; 0.0353; 0.5882; 0.0000
Bootstrap 4
Run TT with 136 training and 68 tests
Run CD with 222 training and 111 tests
Run FKW with 86 training and 44 tests
Run KW with 112 training and 57 tests
Run LPLT with 49 training and 25 tests
Run RD with 176 training and 89 tests
Run WBD with 5 training and 3 tests
Run WSD with 168 training and 85 tests
Confusion Matrix 5.0
0.8088; 0.0588; 0.0147; 0.0000; 0.0000; 0.0294; 0.0294; 0.0588; 0.0000
0.1081; 0.3694; 0.0090; 0.0000; 0.0000; 0.3333; 0.1171; 0.0631; 0.0000
0.0000; 0.0455; 0.8636; 0.0227; 0.0682; 0.0000; 0.0000; 0.0000; 0.0000
0.0000; 0.0000; 0.1228; 0.7719; 0.1053; 0.0000; 0.0000; 0.0000; 0.0000
0.0000; 0.0000; 0.0000; 0.7600; 0.2400; 0.0000; 0.0000; 0.0000; 0.0000
0.0000; 0.0000; 0.0000; 0.0000; 0.0000; 0.7416; 0.0000; 0.2584; 0.0000
0.0000; 0.3333; 0.0000; 0.0000; 0.0000; 0.0000; 0.6667; 0.0000; 0.0000
0.0706; 0.0235; 0.0118; 0.0000; 0.0118; 0.2824; 0.0353; 0.5647; 0.0000
Bootstrap 5
Run TT with 136 training and 68 tests
Run CD with 222 training and 111 tests
Run FKW with 86 training and 44 tests
Run KW with 112 training and 57 tests
Run LPLT with 49 training and 25 tests
Run RD with 176 training and 89 tests
Run WBD with 5 training and 3 tests
Run WSD with 168 training and 85 tests
Confusion Matrix 6.0
0.8676; 0.0588; 0.0000; 0.0000; 0.0147; 0.0000; 0.0147; 0.0441; 0.0000
0.0991; 0.5135; 0.0000; 0.0000; 0.0000; 0.1802; 0.2072; 0.0000; 0.0000
0.0000; 0.0455; 0.8636; 0.0455; 0.0455; 0.0000; 0.0000; 0.0000; 0.0000
0.0000; 0.0000; 0.0877; 0.8596; 0.0526; 0.0000; 0.0000; 0.0000; 0.0000
0.0000; 0.0000; 0.0000; 0.5600; 0.4400; 0.0000; 0.0000; 0.0000; 0.0000
0.0000; 0.0112; 0.0000; 0.0000; 0.0000; 0.7528; 0.0000; 0.2360; 0.0000
0.0000; 0.3333; 0.0000; 0.0000; 0.0000; 0.0000; 0.6667; 0.0000; 0.0000
0.0706; 0.0471; 0.0000; 0.0000; 0.0000; 0.3294; 0.0235; 0.5294; 0.0000
Bootstrap 6
Run TT with 136 training and 68 tests
Run CD with 222 training and 111 tests
Run FKW with 86 training and 44 tests
Run KW with 112 training and 57 tests
Run LPLT with 49 training and 25 tests
Run RD with 176 training and 89 tests
Run WBD with 5 training and 3 tests
Run WSD with 168 training and 85 tests
Confusion Matrix 7.0
0.4706; 0.2794; 0.0294; 0.0000; 0.0000; 0.1324; 0.0441; 0.0441; 0.0000
0.0721; 0.3964; 0.0090; 0.0000; 0.0000; 0.3333; 0.0901; 0.0991; 0.0000
0.0000; 0.0227; 0.8409; 0.0455; 0.0682; 0.0000; 0.0227; 0.0000; 0.0000
0.0000; 0.0000; 0.0000; 0.8596; 0.1228; 0.0000; 0.0175; 0.0000; 0.0000
0.0000; 0.0000; 0.0000; 0.2000; 0.8000; 0.0000; 0.0000; 0.0000; 0.0000
0.0000; 0.0449; 0.0000; 0.0000; 0.0000; 0.7191; 0.0000; 0.2360; 0.0000
0.0000; 0.3333; 0.0000; 0.0000; 0.0000; 0.0000; 0.6667; 0.0000; 0.0000
0.0824; 0.0588; 0.0000; 0.0000; 0.0000; 0.3294; 0.0235; 0.5059; 0.0000
Bootstrap 7
Run TT with 136 training and 68 tests
Run CD with 222 training and 111 tests
Run FKW with 86 training and 44 tests
Run KW with 112 training and 57 tests
Run LPLT with 49 training and 25 tests
Run RD with 176 training and 89 tests
Run WBD with 5 training and 3 tests
Run WSD with 168 training and 85 tests
Confusion Matrix 8.0
0.3382; 0.3529; 0.0294; 0.0000; 0.0000; 0.1765; 0.0294; 0.0735; 0.0000
0.0901; 0.3784; 0.0180; 0.0000; 0.0000; 0.3063; 0.0811; 0.1261; 0.0000
0.0000; 0.0227; 0.9545; 0.0000; 0.0227; 0.0000; 0.0000; 0.0000; 0.0000
0.0000; 0.0000; 0.0351; 0.8070; 0.1579; 0.0000; 0.0000; 0.0000; 0.0000
0.0000; 0.0000; 0.0400; 0.0000; 0.9200; 0.0000; 0.0400; 0.0000; 0.0000
0.0000; 0.0112; 0.0000; 0.0000; 0.0000; 0.6292; 0.0000; 0.3596; 0.0000
0.0000; 0.6667; 0.0000; 0.0000; 0.0000; 0.0000; 0.3333; 0.0000; 0.0000
0.0588; 0.0353; 0.0118; 0.0000; 0.0000; 0.2588; 0.0235; 0.6118; 0.0000
Bootstrap 8
Run TT with 136 training and 68 tests
Run CD with 222 training and 111 tests
Run FKW with 86 training and 44 tests
Run KW with 112 training and 57 tests
Run LPLT with 49 training and 25 tests
Run RD with 176 training and 89 tests
Run WBD with 5 training and 3 tests
Run WSD with 168 training and 85 tests
Confusion Matrix 9.0
0.8235; 0.0735; 0.0147; 0.0000; 0.0000; 0.0441; 0.0147; 0.0294; 0.0000
0.0360; 0.4685; 0.0000; 0.0000; 0.0000; 0.1351; 0.2883; 0.0721; 0.0000
0.0000; 0.0227; 0.8636; 0.0000; 0.0909; 0.0000; 0.0227; 0.0000; 0.0000
0.0000; 0.0000; 0.0351; 0.8772; 0.0877; 0.0000; 0.0000; 0.0000; 0.0000
0.0000; 0.0000; 0.0000; 0.8400; 0.1600; 0.0000; 0.0000; 0.0000; 0.0000
0.0000; 0.0337; 0.0000; 0.0000; 0.0000; 0.7303; 0.0000; 0.2360; 0.0000
0.0000; 0.6667; 0.0000; 0.0000; 0.0000; 0.0000; 0.3333; 0.0000; 0.0000
0.0824; 0.0353; 0.0000; 0.0000; 0.0000; 0.2588; 0.0353; 0.5882; 0.0000
Bootstrap 9
Run TT with 136 training and 68 tests
Run CD with 222 training and 111 tests
Run FKW with 86 training and 44 tests
Run KW with 112 training and 57 tests
Run LPLT with 49 training and 25 tests
Run RD with 176 training and 89 tests
Run WBD with 5 training and 3 tests
Run WSD with 168 training and 85 tests
Confusion Matrix 10.0
0.4265; 0.2941; 0.0441; 0.0000; 0.0000; 0.0735; 0.1471; 0.0147; 0.0000
0.0450; 0.4685; 0.0000; 0.0000; 0.0000; 0.0541; 0.3874; 0.0450; 0.0000
0.0000; 0.0000; 0.9545; 0.0227; 0.0227; 0.0000; 0.0000; 0.0000; 0.0000
0.0000; 0.0000; 0.0877; 0.6842; 0.2281; 0.0000; 0.0000; 0.0000; 0.0000
0.0000; 0.0000; 0.0000; 0.4800; 0.5200; 0.0000; 0.0000; 0.0000; 0.0000
0.0225; 0.0225; 0.0112; 0.0000; 0.0674; 0.6404; 0.0337; 0.2022; 0.0000
0.0000; 0.0000; 0.0000; 0.0000; 0.0000; 0.0000; 1.0000; 0.0000; 0.0000
0.0588; 0.0588; 0.0000; 0.0000; 0.0000; 0.2941; 0.0235; 0.5647; 0.0000
Bootstrap 10
Run TT with 136 training and 68 tests
Run CD with 222 training and 111 tests
Run FKW with 86 training and 44 tests
Run KW with 112 training and 57 tests
Run LPLT with 49 training and 25 tests
Run RD with 176 training and 89 tests
Run WBD with 5 training and 3 tests
Run WSD with 168 training and 85 tests
Confusion Matrix 11.0
0.4706; 0.2941; 0.0441; 0.0000; 0.0000; 0.0441; 0.1029; 0.0441; 0.0000
0.0180; 0.5495; 0.0090; 0.0000; 0.0000; 0.1982; 0.1171; 0.1081; 0.0000
0.0000; 0.0000; 0.9773; 0.0000; 0.0227; 0.0000; 0.0000; 0.0000; 0.0000
0.0000; 0.0000; 0.0351; 0.8070; 0.1579; 0.0000; 0.0000; 0.0000; 0.0000
0.0000; 0.0000; 0.0000; 0.6800; 0.3200; 0.0000; 0.0000; 0.0000; 0.0000
0.0674; 0.0899; 0.0112; 0.0337; 0.0787; 0.5618; 0.0225; 0.1348; 0.0000
0.0000; 0.6667; 0.0000; 0.0000; 0.0000; 0.0000; 0.3333; 0.0000; 0.0000
0.0588; 0.0824; 0.0000; 0.0000; 0.0000; 0.3294; 0.0118; 0.5176; 0.0000
Bootstrap 11
Run TT with 136 training and 68 tests
Run CD with 222 training and 111 tests
Run FKW with 86 training and 44 tests
Run KW with 112 training and 57 tests
Run LPLT with 49 training and 25 tests
Run RD with 176 training and 89 tests
Run WBD with 5 training and 3 tests
Run WSD with 168 training and 85 tests
Confusion Matrix 12.0
0.8676; 0.0294; 0.0147; 0.0000; 0.0000; 0.0294; 0.0147; 0.0441; 0.0000
0.0721; 0.5495; 0.0000; 0.0000; 0.0000; 0.1261; 0.2342; 0.0180; 0.0000
0.0000; 0.0227; 0.9545; 0.0000; 0.0227; 0.0000; 0.0000; 0.0000; 0.0000
0.0000; 0.0000; 0.0702; 0.7368; 0.1930; 0.0000; 0.0000; 0.0000; 0.0000
0.0000; 0.0000; 0.0000; 0.2800; 0.7200; 0.0000; 0.0000; 0.0000; 0.0000
0.0225; 0.0225; 0.0000; 0.0000; 0.0000; 0.5730; 0.0000; 0.3820; 0.0000
0.0000; 0.6667; 0.0000; 0.0000; 0.0000; 0.0000; 0.3333; 0.0000; 0.0000
0.0706; 0.0588; 0.0000; 0.0000; 0.0000; 0.2353; 0.0118; 0.6235; 0.0000
Bootstrap 12
Run TT with 136 training and 68 tests
Run CD with 222 training and 111 tests
Run FKW with 86 training and 44 tests
Run KW with 112 training and 57 tests
Run LPLT with 49 training and 25 tests
Run RD with 176 training and 89 tests
Run WBD with 5 training and 3 tests
Run WSD with 168 training and 85 tests
Confusion Matrix 13.0
0.5000; 0.2941; 0.0294; 0.0000; 0.0000; 0.0735; 0.0735; 0.0294; 0.0000
0.0090; 0.4865; 0.0000; 0.0000; 0.0000; 0.1081; 0.3423; 0.0541; 0.0000
0.0000; 0.0227; 0.9545; 0.0227; 0.0000; 0.0000; 0.0000; 0.0000; 0.0000
0.0000; 0.0000; 0.0175; 0.7018; 0.2807; 0.0000; 0.0000; 0.0000; 0.0000
0.0000; 0.0000; 0.0800; 0.0800; 0.8400; 0.0000; 0.0000; 0.0000; 0.0000
0.0562; 0.1910; 0.0000; 0.0000; 0.0000; 0.4382; 0.0449; 0.2697; 0.0000
0.0000; 0.3333; 0.0000; 0.0000; 0.0000; 0.0000; 0.6667; 0.0000; 0.0000
0.0588; 0.0824; 0.0000; 0.0000; 0.0000; 0.3176; 0.0588; 0.4824; 0.0000
Bootstrap 13
Run TT with 136 training and 68 tests
Run CD with 222 training and 111 tests
Run FKW with 86 training and 44 tests
Run KW with 112 training and 57 tests
Run LPLT with 49 training and 25 tests
Run RD with 176 training and 89 tests
Run WBD with 5 training and 3 tests
Run WSD with 168 training and 85 tests
Confusion Matrix 14.0
0.8235; 0.0588; 0.0294; 0.0000; 0.0000; 0.0147; 0.0147; 0.0588; 0.0000
0.0721; 0.4775; 0.0000; 0.0000; 0.0000; 0.0721; 0.3333; 0.0450; 0.0000
0.0000; 0.0227; 0.9318; 0.0000; 0.0227; 0.0000; 0.0227; 0.0000; 0.0000
0.0000; 0.0000; 0.0000; 0.7544; 0.2456; 0.0000; 0.0000; 0.0000; 0.0000
0.0000; 0.0000; 0.0400; 0.1600; 0.8000; 0.0000; 0.0000; 0.0000; 0.0000
0.0225; 0.0112; 0.0000; 0.0000; 0.0000; 0.6180; 0.0000; 0.3483; 0.0000
0.0000; 0.0000; 0.0000; 0.0000; 0.0000; 0.0000; 1.0000; 0.0000; 0.0000
0.0941; 0.0471; 0.0000; 0.0000; 0.0118; 0.2588; 0.0118; 0.5765; 0.0000
Bootstrap 14
Run TT with 136 training and 68 tests
Run CD with 222 training and 111 tests
Run FKW with 86 training and 44 tests
Run KW with 112 training and 57 tests
Run LPLT with 49 training and 25 tests
Run RD with 176 training and 89 tests
Run WBD with 5 training and 3 tests
Run WSD with 168 training and 85 tests
Confusion Matrix 15.0
0.3971; 0.2794; 0.0441; 0.0000; 0.0147; 0.0441; 0.1029; 0.1176; 0.0000
0.0360; 0.5856; 0.0000; 0.0000; 0.0000; 0.1081; 0.1802; 0.0901; 0.0000
0.0000; 0.0455; 0.9545; 0.0000; 0.0000; 0.0000; 0.0000; 0.0000; 0.0000
0.0000; 0.0000; 0.0351; 0.5789; 0.3860; 0.0000; 0.0000; 0.0000; 0.0000
0.0000; 0.0000; 0.0800; 0.0400; 0.8400; 0.0000; 0.0400; 0.0000; 0.0000
0.1124; 0.0787; 0.0337; 0.0112; 0.0449; 0.5169; 0.0674; 0.1348; 0.0000
0.0000; 0.0000; 0.0000; 0.0000; 0.0000; 0.0000; 1.0000; 0.0000; 0.0000
0.0706; 0.0941; 0.0000; 0.0000; 0.0000; 0.2471; 0.0118; 0.5765; 0.0000
Bootstrap 15
Run TT with 136 training and 68 tests
Run CD with 222 training and 111 tests
Run FKW with 86 training and 44 tests
Run KW with 112 training and 57 tests
Run LPLT with 49 training and 25 tests
Run RD with 176 training and 89 tests
Run WBD with 5 training and 3 tests
Run WSD with 168 training and 85 tests
Confusion Matrix 16.0
0.8824; 0.0000; 0.0294; 0.0000; 0.0000; 0.0147; 0.0147; 0.0588; 0.0000
0.1622; 0.4775; 0.0090; 0.0000; 0.0000; 0.2252; 0.0541; 0.0721; 0.0000
0.0000; 0.0455; 0.8864; 0.0227; 0.0455; 0.0000; 0.0000; 0.0000; 0.0000
0.0000; 0.0000; 0.0526; 0.7895; 0.1579; 0.0000; 0.0000; 0.0000; 0.0000
0.0000; 0.0000; 0.0000; 0.2400; 0.7600; 0.0000; 0.0000; 0.0000; 0.0000
0.1124; 0.1348; 0.0000; 0.0000; 0.0449; 0.4270; 0.1011; 0.1798; 0.0000
0.0000; 0.6667; 0.0000; 0.0000; 0.0000; 0.0000; 0.3333; 0.0000; 0.0000
0.0706; 0.0471; 0.0000; 0.0000; 0.0000; 0.3765; 0.0118; 0.4941; 0.0000
Bootstrap 16
Run TT with 136 training and 68 tests
Run CD with 222 training and 111 tests
Run FKW with 86 training and 44 tests
Run KW with 112 training and 57 tests
Run LPLT with 49 training and 25 tests
Run RD with 176 training and 89 tests
Run WBD with 5 training and 3 tests
Run WSD with 168 training and 85 tests
Confusion Matrix 17.0
0.7353; 0.1176; 0.0147; 0.0000; 0.0000; 0.0441; 0.0294; 0.0588; 0.0000
0.0450; 0.6306; 0.0000; 0.0000; 0.0000; 0.0991; 0.1982; 0.0270; 0.0000
0.0000; 0.0000; 0.9318; 0.0000; 0.0455; 0.0000; 0.0227; 0.0000; 0.0000
0.0000; 0.0000; 0.0526; 0.7193; 0.2281; 0.0000; 0.0000; 0.0000; 0.0000
0.0000; 0.0000; 0.0000; 0.4800; 0.5200; 0.0000; 0.0000; 0.0000; 0.0000
0.1011; 0.1685; 0.0225; 0.0112; 0.0337; 0.4382; 0.0674; 0.1573; 0.0000
0.0000; 0.0000; 0.0000; 0.0000; 0.0000; 0.0000; 1.0000; 0.0000; 0.0000
0.0471; 0.0706; 0.0000; 0.0000; 0.0000; 0.2706; 0.0471; 0.5647; 0.0000
Bootstrap 17
Run TT with 136 training and 68 tests
Run CD with 222 training and 111 tests
Run FKW with 86 training and 44 tests
Run KW with 112 training and 57 tests
Run LPLT with 49 training and 25 tests
Run RD with 176 training and 89 tests
Run WBD with 5 training and 3 tests
Run WSD with 168 training and 85 tests
Confusion Matrix 18.0
0.3971; 0.2941; 0.0147; 0.0000; 0.0147; 0.0735; 0.1029; 0.1029; 0.0000
0.0450; 0.6126; 0.0000; 0.0000; 0.0000; 0.1802; 0.0901; 0.0721; 0.0000
0.0000; 0.0455; 0.9318; 0.0000; 0.0227; 0.0000; 0.0000; 0.0000; 0.0000
0.0000; 0.0000; 0.0526; 0.8421; 0.1053; 0.0000; 0.0000; 0.0000; 0.0000
0.0000; 0.0000; 0.0000; 0.7200; 0.2800; 0.0000; 0.0000; 0.0000; 0.0000
0.0000; 0.0225; 0.0000; 0.0000; 0.0000; 0.6517; 0.0000; 0.3258; 0.0000
0.0000; 0.3333; 0.0000; 0.0000; 0.0000; 0.0000; 0.6667; 0.0000; 0.0000
0.0471; 0.0471; 0.0000; 0.0000; 0.0000; 0.2706; 0.0353; 0.6000; 0.0000
Bootstrap 18
Run TT with 136 training and 68 tests
Run CD with 222 training and 111 tests
Run FKW with 86 training and 44 tests
Run KW with 112 training and 57 tests
Run LPLT with 49 training and 25 tests
Run RD with 176 training and 89 tests
Run WBD with 5 training and 3 tests
Run WSD with 168 training and 85 tests
Confusion Matrix 19.0
0.6765; 0.1029; 0.0294; 0.0000; 0.0000; 0.0441; 0.0441; 0.1029; 0.0000
0.0811; 0.5766; 0.0000; 0.0000; 0.0000; 0.0541; 0.2252; 0.0631; 0.0000
0.0000; 0.0000; 0.9773; 0.0000; 0.0227; 0.0000; 0.0000; 0.0000; 0.0000
0.0000; 0.0000; 0.0877; 0.7719; 0.1404; 0.0000; 0.0000; 0.0000; 0.0000
0.0000; 0.0000; 0.0000; 0.6800; 0.3200; 0.0000; 0.0000; 0.0000; 0.0000
0.0899; 0.1573; 0.0225; 0.0000; 0.1011; 0.4831; 0.0674; 0.0787; 0.0000
0.0000; 0.6667; 0.0000; 0.0000; 0.0000; 0.0000; 0.3333; 0.0000; 0.0000
0.0941; 0.0588; 0.0000; 0.0000; 0.0118; 0.3765; 0.0118; 0.4471; 0.0000
Bootstrap 19
Run TT with 136 training and 68 tests
Run CD with 222 training and 111 tests
Run FKW with 86 training and 44 tests
Run KW with 112 training and 57 tests
Run LPLT with 49 training and 25 tests
Run RD with 176 training and 89 tests
Run WBD with 5 training and 3 tests
Run WSD with 168 training and 85 tests
Confusion Matrix 20.0
0.2941; 0.3971; 0.0441; 0.0000; 0.0000; 0.1471; 0.0588; 0.0588; 0.0000
0.0811; 0.3514; 0.0000; 0.0000; 0.0000; 0.2883; 0.1802; 0.0991; 0.0000
0.0000; 0.0000; 0.9773; 0.0227; 0.0000; 0.0000; 0.0000; 0.0000; 0.0000
0.0000; 0.0000; 0.0175; 0.6842; 0.2807; 0.0000; 0.0175; 0.0000; 0.0000
0.0000; 0.0000; 0.0400; 0.0400; 0.8800; 0.0000; 0.0400; 0.0000; 0.0000
0.0000; 0.1348; 0.0000; 0.0000; 0.0000; 0.5056; 0.0449; 0.3146; 0.0000
0.0000; 0.0000; 0.0000; 0.0000; 0.0000; 0.0000; 1.0000; 0.0000; 0.0000
0.0588; 0.0588; 0.0000; 0.0000; 0.0000; 0.3294; 0.0471; 0.5059; 0.0000
Bootstrap 20
Run TT with 136 training and 68 tests
Run CD with 222 training and 111 tests
Run FKW with 86 training and 44 tests
Run KW with 112 training and 57 tests
Run LPLT with 49 training and 25 tests
Run RD with 176 training and 89 tests
Run WBD with 5 training and 3 tests
Run WSD with 168 training and 85 tests
Confusion Matrix 21.0
0.4559; 0.2500; 0.0441; 0.0000; 0.0000; 0.0735; 0.1029; 0.0735; 0.0000
0.0541; 0.5766; 0.0000; 0.0000; 0.0000; 0.1081; 0.2162; 0.0450; 0.0000
0.0000; 0.0000; 1.0000; 0.0000; 0.0000; 0.0000; 0.0000; 0.0000; 0.0000
0.0000; 0.0000; 0.0175; 0.7193; 0.2632; 0.0000; 0.0000; 0.0000; 0.0000
0.0000; 0.0000; 0.1200; 0.0000; 0.8800; 0.0000; 0.0000; 0.0000; 0.0000
0.0674; 0.1461; 0.0337; 0.0000; 0.0674; 0.4157; 0.0899; 0.1798; 0.0000
0.0000; 0.3333; 0.0000; 0.0000; 0.0000; 0.0000; 0.6667; 0.0000; 0.0000
0.0588; 0.0824; 0.0000; 0.0000; 0.0000; 0.3647; 0.0353; 0.4588; 0.0000
Bootstrap 21
Run TT with 136 training and 68 tests
Run CD with 222 training and 111 tests
Run FKW with 86 training and 44 tests
Run KW with 112 training and 57 tests
Run LPLT with 49 training and 25 tests
Run RD with 176 training and 89 tests
Run WBD with 5 training and 3 tests
Run WSD with 168 training and 85 tests
Confusion Matrix 22.0
0.5441; 0.1324; 0.0441; 0.0000; 0.0000; 0.0147; 0.0735; 0.1912; 0.0000
0.0450; 0.4505; 0.0000; 0.0000; 0.0000; 0.0811; 0.3874; 0.0360; 0.0000
0.0000; 0.0000; 0.8636; 0.0455; 0.0682; 0.0227; 0.0000; 0.0000; 0.0000
0.0000; 0.0000; 0.0351; 0.8772; 0.0702; 0.0000; 0.0175; 0.0000; 0.0000
0.0000; 0.0000; 0.0000; 0.4000; 0.6000; 0.0000; 0.0000; 0.0000; 0.0000
0.0000; 0.2022; 0.0000; 0.0000; 0.0000; 0.4831; 0.0337; 0.2809; 0.0000
0.0000; 0.0000; 0.0000; 0.0000; 0.0000; 0.0000; 1.0000; 0.0000; 0.0000
0.0588; 0.0588; 0.0000; 0.0000; 0.0000; 0.3882; 0.0353; 0.4588; 0.0000
Bootstrap 22
Run TT with 136 training and 68 tests
Run CD with 222 training and 111 tests
Run FKW with 86 training and 44 tests
Run KW with 112 training and 57 tests
Run LPLT with 49 training and 25 tests
Run RD with 176 training and 89 tests
Run WBD with 5 training and 3 tests
Run WSD with 168 training and 85 tests
Confusion Matrix 23.0
0.9265; 0.0000; 0.0294; 0.0000; 0.0000; 0.0147; 0.0000; 0.0294; 0.0000
0.1351; 0.4865; 0.0090; 0.0000; 0.0000; 0.2432; 0.0721; 0.0541; 0.0000
0.0000; 0.0227; 0.9318; 0.0000; 0.0455; 0.0000; 0.0000; 0.0000; 0.0000
0.0000; 0.0000; 0.0351; 0.9123; 0.0526; 0.0000; 0.0000; 0.0000; 0.0000
0.0000; 0.0000; 0.0000; 0.6000; 0.4000; 0.0000; 0.0000; 0.0000; 0.0000
0.1124; 0.1461; 0.0000; 0.0000; 0.1011; 0.4719; 0.0337; 0.1348; 0.0000
0.0000; 1.0000; 0.0000; 0.0000; 0.0000; 0.0000; 0.0000; 0.0000; 0.0000
0.0824; 0.0588; 0.0000; 0.0000; 0.0000; 0.2824; 0.0118; 0.5647; 0.0000
Bootstrap 23
Run TT with 136 training and 68 tests
Run CD with 222 training and 111 tests
Run FKW with 86 training and 44 tests
Run KW with 112 training and 57 tests
Run LPLT with 49 training and 25 tests
Run RD with 176 training and 89 tests
Run WBD with 5 training and 3 tests
Run WSD with 168 training and 85 tests
Confusion Matrix 24.0
0.3971; 0.2941; 0.0441; 0.0000; 0.0000; 0.1029; 0.1029; 0.0588; 0.0000
0.0541; 0.5045; 0.0090; 0.0000; 0.0000; 0.2342; 0.1441; 0.0541; 0.0000
0.0000; 0.0682; 0.9091; 0.0000; 0.0227; 0.0000; 0.0000; 0.0000; 0.0000
0.0000; 0.0000; 0.0175; 0.8421; 0.1404; 0.0000; 0.0000; 0.0000; 0.0000
0.0000; 0.0000; 0.0000; 0.4000; 0.6000; 0.0000; 0.0000; 0.0000; 0.0000
0.0225; 0.1236; 0.0000; 0.0000; 0.0000; 0.4944; 0.0562; 0.3034; 0.0000
0.0000; 1.0000; 0.0000; 0.0000; 0.0000; 0.0000; 0.0000; 0.0000; 0.0000
0.0824; 0.0471; 0.0000; 0.0000; 0.0000; 0.3059; 0.0235; 0.5412; 0.0000
Bootstrap 24
Run TT with 136 training and 68 tests
Run CD with 222 training and 111 tests
Run FKW with 86 training and 44 tests
Run KW with 112 training and 57 tests
Run LPLT with 49 training and 25 tests
Run RD with 176 training and 89 tests
Run WBD with 5 training and 3 tests
Run WSD with 168 training and 85 tests
Confusion Matrix 25.0
0.4265; 0.2941; 0.0441; 0.0000; 0.0000; 0.1324; 0.0735; 0.0294; 0.0000
0.0991; 0.4685; 0.0000; 0.0000; 0.0000; 0.2703; 0.0901; 0.0721; 0.0000
0.0000; 0.0000; 0.9545; 0.0000; 0.0227; 0.0000; 0.0227; 0.0000; 0.0000
0.0000; 0.0000; 0.0351; 0.8596; 0.1053; 0.0000; 0.0000; 0.0000; 0.0000
0.0000; 0.0000; 0.0000; 0.7200; 0.2800; 0.0000; 0.0000; 0.0000; 0.0000
0.0000; 0.0337; 0.0000; 0.0000; 0.0000; 0.7303; 0.0000; 0.2360; 0.0000
0.0000; 0.3333; 0.0000; 0.0000; 0.0000; 0.0000; 0.6667; 0.0000; 0.0000
0.0588; 0.0824; 0.0000; 0.0000; 0.0235; 0.3176; 0.0000; 0.5176; 0.0000
Bootstrap 25
Run TT with 136 training and 68 tests
Run CD with 222 training and 111 tests
Run FKW with 86 training and 44 tests
Run KW with 112 training and 57 tests
Run LPLT with 49 training and 25 tests
Run RD with 176 training and 89 tests
Run WBD with 5 training and 3 tests
Run WSD with 168 training and 85 tests
Confusion Matrix 26.0
0.4412; 0.2500; 0.0441; 0.0000; 0.0147; 0.0588; 0.0882; 0.1029; 0.0000
0.0360; 0.6306; 0.0000; 0.0000; 0.0000; 0.0721; 0.2523; 0.0090; 0.0000
0.0000; 0.0455; 0.9318; 0.0000; 0.0227; 0.0000; 0.0000; 0.0000; 0.0000
0.0000; 0.0000; 0.0175; 0.8246; 0.1404; 0.0000; 0.0175; 0.0000; 0.0000
0.0000; 0.0000; 0.0000; 0.8000; 0.2000; 0.0000; 0.0000; 0.0000; 0.0000
0.0449; 0.1573; 0.0112; 0.0000; 0.1124; 0.4382; 0.0899; 0.1461; 0.0000
0.0000; 0.3333; 0.0000; 0.0000; 0.0000; 0.0000; 0.6667; 0.0000; 0.0000
0.0706; 0.0824; 0.0000; 0.0000; 0.0235; 0.3176; 0.0235; 0.4824; 0.0000
Bootstrap 26
Run TT with 136 training and 68 tests
Run CD with 222 training and 111 tests
Run FKW with 86 training and 44 tests
Run KW with 112 training and 57 tests
Run LPLT with 49 training and 25 tests
Run RD with 176 training and 89 tests
Run WBD with 5 training and 3 tests
Run WSD with 168 training and 85 tests
Confusion Matrix 27.0
0.7353; 0.0588; 0.0000; 0.0000; 0.0000; 0.0441; 0.0441; 0.1176; 0.0000
0.0541; 0.5766; 0.0000; 0.0000; 0.0000; 0.1351; 0.2342; 0.0000; 0.0000
0.0000; 0.0000; 0.9318; 0.0455; 0.0000; 0.0227; 0.0000; 0.0000; 0.0000
0.0000; 0.0000; 0.0000; 0.7018; 0.2982; 0.0000; 0.0000; 0.0000; 0.0000
0.0000; 0.0000; 0.1600; 0.1600; 0.6400; 0.0000; 0.0400; 0.0000; 0.0000
0.0000; 0.0674; 0.0000; 0.0000; 0.0000; 0.6404; 0.0000; 0.2921; 0.0000
0.0000; 0.3333; 0.0000; 0.0000; 0.0000; 0.3333; 0.3333; 0.0000; 0.0000
0.0706; 0.0588; 0.0000; 0.0000; 0.0000; 0.3176; 0.0000; 0.5529; 0.0000
Bootstrap 27
Run TT with 136 training and 68 tests
Run CD with 222 training and 111 tests
Run FKW with 86 training and 44 tests
Run KW with 112 training and 57 tests
Run LPLT with 49 training and 25 tests
Run RD with 176 training and 89 tests
Run WBD with 5 training and 3 tests
Run WSD with 168 training and 85 tests
Confusion Matrix 28.0
0.7206; 0.1029; 0.0294; 0.0000; 0.0000; 0.0147; 0.0294; 0.1029; 0.0000
0.0901; 0.5405; 0.0000; 0.0000; 0.0000; 0.1622; 0.1532; 0.0541; 0.0000
0.0000; 0.0227; 0.9773; 0.0000; 0.0000; 0.0000; 0.0000; 0.0000; 0.0000
0.0000; 0.0000; 0.0000; 0.8421; 0.1579; 0.0000; 0.0000; 0.0000; 0.0000
0.0000; 0.0000; 0.0800; 0.1200; 0.8000; 0.0000; 0.0000; 0.0000; 0.0000
0.1011; 0.1798; 0.0112; 0.0000; 0.0899; 0.4719; 0.0899; 0.0562; 0.0000
0.0000; 0.6667; 0.0000; 0.0000; 0.0000; 0.0000; 0.3333; 0.0000; 0.0000
0.0588; 0.0706; 0.0000; 0.0000; 0.0000; 0.2941; 0.0235; 0.5529; 0.0000
Bootstrap 28
Run TT with 136 training and 68 tests
Run CD with 222 training and 111 tests
Run FKW with 86 training and 44 tests
Run KW with 112 training and 57 tests
Run LPLT with 49 training and 25 tests
Run RD with 176 training and 89 tests
Run WBD with 5 training and 3 tests
Run WSD with 168 training and 85 tests
Confusion Matrix 29.0
0.9559; 0.0000; 0.0147; 0.0000; 0.0000; 0.0000; 0.0000; 0.0294; 0.0000
0.0541; 0.5045; 0.0000; 0.0000; 0.0000; 0.1261; 0.2523; 0.0631; 0.0000
0.0000; 0.0000; 0.9091; 0.0455; 0.0455; 0.0000; 0.0000; 0.0000; 0.0000
0.0000; 0.0000; 0.0526; 0.8246; 0.1228; 0.0000; 0.0000; 0.0000; 0.0000
0.0000; 0.0000; 0.0000; 0.8800; 0.1200; 0.0000; 0.0000; 0.0000; 0.0000
0.0000; 0.0112; 0.0000; 0.0000; 0.0000; 0.7303; 0.0000; 0.2584; 0.0000
0.0000; 0.6667; 0.0000; 0.0000; 0.0000; 0.0000; 0.3333; 0.0000; 0.0000
0.1059; 0.0353; 0.0000; 0.0000; 0.0000; 0.3529; 0.0235; 0.4824; 0.0000
Bootstrap 29
Run TT with 136 training and 68 tests
Run CD with 222 training and 111 tests
Run FKW with 86 training and 44 tests
Run KW with 112 training and 57 tests
Run LPLT with 49 training and 25 tests
Run RD with 176 training and 89 tests
Run WBD with 5 training and 3 tests
Run WSD with 168 training and 85 tests
Confusion Matrix 30.0
0.8676; 0.0588; 0.0000; 0.0000; 0.0147; 0.0000; 0.0147; 0.0441; 0.0000
0.0631; 0.4955; 0.0000; 0.0000; 0.0000; 0.1261; 0.2432; 0.0721; 0.0000
0.0000; 0.0000; 0.9545; 0.0227; 0.0227; 0.0000; 0.0000; 0.0000; 0.0000
0.0000; 0.0000; 0.0351; 0.8596; 0.1053; 0.0000; 0.0000; 0.0000; 0.0000
0.0000; 0.0000; 0.0000; 0.6400; 0.3600; 0.0000; 0.0000; 0.0000; 0.0000
0.0000; 0.0674; 0.0000; 0.0000; 0.0000; 0.5955; 0.0000; 0.3371; 0.0000
0.0000; 0.6667; 0.0000; 0.0000; 0.0000; 0.0000; 0.3333; 0.0000; 0.0000
0.0824; 0.0588; 0.0000; 0.0000; 0.0000; 0.2471; 0.0235; 0.5882; 0.0000
Mean confusion
0.6363; 0.1637; 0.0270; 0.0000; 0.0025; 0.0554; 0.0505; 0.0647; 0.0000
0.0667; 0.5027; 0.0030; 0.0000; 0.0000; 0.1715; 0.1988; 0.0574; 0.0000
0.0000; 0.0189; 0.9303; 0.0129; 0.0311; 0.0023; 0.0045; 0.0000; 0.0000
0.0000; 0.0000; 0.0404; 0.7865; 0.1702; 0.0000; 0.0029; 0.0000; 0.0000
0.0000; 0.0000; 0.0280; 0.4080; 0.5587; 0.0000; 0.0053; 0.0000; 0.0000
0.0322; 0.0839; 0.0052; 0.0019; 0.0247; 0.5861; 0.0292; 0.2367; 0.0000
0.0000; 0.4444; 0.0000; 0.0000; 0.0000; 0.0111; 0.5444; 0.0000; 0.0000
0.0706; 0.0596; 0.0008; 0.0000; 0.0035; 0.3000; 0.0239; 0.5416; 0.0000
STD Confusion
0.2081; 0.1219; 0.0155; 0.0000; 0.0056; 0.0458; 0.0395; 0.0385; 0.0000
0.0344; 0.0768; 0.0049; 0.0000; 0.0000; 0.0825; 0.0931; 0.0317; 0.0000
0.0000; 0.0207; 0.0413; 0.0176; 0.0257; 0.0069; 0.0092; 0.0000; 0.0000
0.0000; 0.0000; 0.0296; 0.0753; 0.0796; 0.0000; 0.0066; 0.0000; 0.0000
0.0000; 0.0000; 0.0483; 0.2883; 0.2516; 0.0000; 0.0138; 0.0000; 0.0000
0.0422; 0.0700; 0.0101; 0.0067; 0.0386; 0.1200; 0.0346; 0.0835; 0.0000
0.0000; 0.2947; 0.0000; 0.0000; 0.0000; 0.0609; 0.2966; 0.0000; 0.0000
0.0151; 0.0185; 0.0030; 0.0000; 0.0070; 0.0451; 0.0140; 0.0492; 0.0000
Lower 95% CI
0.2941; 0.0000; 0.0000; 0.0000; 0.0000; 0.0000; 0.0000; 0.0147; 0.0000
0.0090; 0.3514; 0.0000; 0.0000; 0.0000; 0.0541; 0.0541; 0.0000; 0.0000
0.0000; 0.0000; 0.8409; 0.0000; 0.0000; 0.0000; 0.0000; 0.0000; 0.0000
0.0000; 0.0000; 0.0000; 0.5789; 0.0526; 0.0000; 0.0000; 0.0000; 0.0000
0.0000; 0.0000; 0.0000; 0.0000; 0.1200; 0.0000; 0.0000; 0.0000; 0.0000
0.0000; 0.0000; 0.0000; 0.0000; 0.0000; 0.4157; 0.0000; 0.0562; 0.0000
0.0000; 0.0000; 0.0000; 0.0000; 0.0000; 0.0000; 0.0000; 0.0000; 0.0000
0.0471; 0.0235; 0.0000; 0.0000; 0.0000; 0.2353; 0.0000; 0.4471; 0.0000
Upper 95% CI
0.9559; 0.3971; 0.0441; 0.0000; 0.0147; 0.1765; 0.1471; 0.1912; 0.0000
0.1622; 0.6306; 0.0180; 0.0000; 0.0000; 0.3333; 0.3874; 0.1261; 0.0000
0.0000; 0.0682; 1.0000; 0.0455; 0.0909; 0.0227; 0.0227; 0.0000; 0.0000
0.0000; 0.0000; 0.1228; 0.9123; 0.3860; 0.0000; 0.0175; 0.0000; 0.0000
0.0000; 0.0000; 0.1600; 0.8800; 0.9200; 0.0000; 0.0400; 0.0000; 0.0000
0.1124; 0.2022; 0.0337; 0.0337; 0.1124; 0.7640; 0.1011; 0.3820; 0.0000
0.0000; 1.0000; 0.0000; 0.0000; 0.0000; 0.3333; 1.0000; 0.0000; 0.0000
0.1059; 0.0941; 0.0118; 0.0000; 0.0235; 0.3882; 0.0588; 0.6235; 0.0000
Run TT with 204 training and 0 tests
Run CD with 333 training and 0 tests
Run FKW with 130 training and 0 tests
Run KW with 169 training and 0 tests
Run LPLT with 74 training and 0 tests
Run RD with 265 training and 0 tests
Run WBD with 8 training and 0 tests
Run WSD with 253 training and 0 tests