Total Bootstraps 30
Num Species 8
FragmentLength 28; Section Length 50
TT; CD; FKW; KW; LPLT; RD; WBD; WSD
Bootstrap 0
Run TT with 108 training and 55 tests
Run CD with 179 training and 90 tests
Run FKW with 75 training and 38 tests
Run KW with 88 training and 44 tests
Run LPLT with 38 training and 20 tests
Run RD with 135 training and 68 tests
Run WBD with 4 training and 3 tests
Run WSD with 130 training and 66 tests
Confusion Matrix 1.0
0.9455; 0.0000; 0.0182; 0.0000; 0.0000; 0.0182; 0.0000; 0.0182; 0.0000
0.1111; 0.3333; 0.0111; 0.0000; 0.0000; 0.3667; 0.0778; 0.1000; 0.0000
0.0000; 0.0000; 0.9474; 0.0000; 0.0263; 0.0000; 0.0263; 0.0000; 0.0000
0.0000; 0.0000; 0.1591; 0.6364; 0.2045; 0.0000; 0.0000; 0.0000; 0.0000
0.0000; 0.0000; 0.0000; 0.2500; 0.7500; 0.0000; 0.0000; 0.0000; 0.0000
0.0000; 0.0000; 0.0000; 0.0000; 0.0000; 0.7059; 0.0147; 0.2794; 0.0000
0.0000; 0.0000; 0.0000; 0.0000; 0.0000; 0.3333; 0.6667; 0.0000; 0.0000
0.1061; 0.0303; 0.0000; 0.0000; 0.0000; 0.2121; 0.0606; 0.5909; 0.0000
Bootstrap 1
Run TT with 108 training and 55 tests
Run CD with 179 training and 90 tests
Run FKW with 75 training and 38 tests
Run KW with 88 training and 44 tests
Run LPLT with 38 training and 20 tests
Run RD with 135 training and 68 tests
Run WBD with 4 training and 3 tests
Run WSD with 130 training and 66 tests
Confusion Matrix 2.0
0.8727; 0.0364; 0.0182; 0.0000; 0.0000; 0.0182; 0.0182; 0.0364; 0.0000
0.0222; 0.6000; 0.0000; 0.0000; 0.0000; 0.0444; 0.3111; 0.0222; 0.0000
0.0000; 0.0263; 0.9211; 0.0263; 0.0263; 0.0000; 0.0000; 0.0000; 0.0000
0.0000; 0.0000; 0.0000; 0.8636; 0.1364; 0.0000; 0.0000; 0.0000; 0.0000
0.0000; 0.0000; 0.0000; 0.1000; 0.9000; 0.0000; 0.0000; 0.0000; 0.0000
0.0735; 0.1765; 0.0000; 0.0000; 0.0294; 0.4706; 0.0882; 0.1618; 0.0000
0.0000; 0.3333; 0.0000; 0.0000; 0.0000; 0.0000; 0.6667; 0.0000; 0.0000
0.0758; 0.0909; 0.0000; 0.0000; 0.0000; 0.3030; 0.0303; 0.5000; 0.0000
Bootstrap 2
Run TT with 108 training and 55 tests
Run CD with 179 training and 90 tests
Run FKW with 75 training and 38 tests
Run KW with 88 training and 44 tests
Run LPLT with 38 training and 20 tests
Run RD with 135 training and 68 tests
Run WBD with 4 training and 3 tests
Run WSD with 130 training and 66 tests
Confusion Matrix 3.0
0.6727; 0.2182; 0.0000; 0.0000; 0.0000; 0.0545; 0.0182; 0.0364; 0.0000
0.0333; 0.6778; 0.0111; 0.0000; 0.0000; 0.0667; 0.1889; 0.0222; 0.0000
0.0000; 0.0000; 0.9474; 0.0000; 0.0526; 0.0000; 0.0000; 0.0000; 0.0000
0.0000; 0.0000; 0.1591; 0.6591; 0.1818; 0.0000; 0.0000; 0.0000; 0.0000
0.0000; 0.0000; 0.0000; 0.7500; 0.2500; 0.0000; 0.0000; 0.0000; 0.0000
0.0588; 0.2647; 0.0000; 0.0000; 0.0000; 0.3971; 0.0294; 0.2500; 0.0000
0.0000; 0.6667; 0.0000; 0.0000; 0.0000; 0.0000; 0.3333; 0.0000; 0.0000
0.0909; 0.1061; 0.0000; 0.0000; 0.0000; 0.2424; 0.0303; 0.5303; 0.0000
Bootstrap 3
Run TT with 108 training and 55 tests
Run CD with 179 training and 90 tests
Run FKW with 75 training and 38 tests
Run KW with 88 training and 44 tests
Run LPLT with 38 training and 20 tests
Run RD with 135 training and 68 tests
Run WBD with 4 training and 3 tests
Run WSD with 130 training and 66 tests
Confusion Matrix 4.0
0.4727; 0.2000; 0.0000; 0.0000; 0.0000; 0.0545; 0.1273; 0.1455; 0.0000
0.0333; 0.5333; 0.0000; 0.0000; 0.0000; 0.1556; 0.2333; 0.0444; 0.0000
0.0000; 0.0263; 0.9474; 0.0000; 0.0263; 0.0000; 0.0000; 0.0000; 0.0000
0.0000; 0.0000; 0.0682; 0.7500; 0.1818; 0.0000; 0.0000; 0.0000; 0.0000
0.0000; 0.0000; 0.0500; 0.4500; 0.5000; 0.0000; 0.0000; 0.0000; 0.0000
0.0000; 0.0294; 0.0147; 0.0147; 0.0000; 0.6029; 0.0294; 0.3088; 0.0000
0.0000; 0.3333; 0.0000; 0.0000; 0.0000; 0.0000; 0.6667; 0.0000; 0.0000
0.0152; 0.0758; 0.0000; 0.0000; 0.0000; 0.2879; 0.0606; 0.5606; 0.0000
Bootstrap 4
Run TT with 108 training and 55 tests
Run CD with 179 training and 90 tests
Run FKW with 75 training and 38 tests
Run KW with 88 training and 44 tests
Run LPLT with 38 training and 20 tests
Run RD with 135 training and 68 tests
Run WBD with 4 training and 3 tests
Run WSD with 130 training and 66 tests
Confusion Matrix 5.0
0.5818; 0.1455; 0.0364; 0.0000; 0.0000; 0.0182; 0.0909; 0.1273; 0.0000
0.0444; 0.4111; 0.0000; 0.0000; 0.0000; 0.1333; 0.3333; 0.0778; 0.0000
0.0000; 0.0000; 0.8947; 0.0263; 0.0526; 0.0263; 0.0000; 0.0000; 0.0000
0.0000; 0.0000; 0.0909; 0.7273; 0.1818; 0.0000; 0.0000; 0.0000; 0.0000
0.0000; 0.0000; 0.0000; 0.4000; 0.6000; 0.0000; 0.0000; 0.0000; 0.0000
0.0000; 0.0294; 0.0000; 0.0000; 0.0000; 0.5000; 0.0000; 0.4706; 0.0000
0.0000; 0.3333; 0.0000; 0.0000; 0.0000; 0.0000; 0.6667; 0.0000; 0.0000
0.0303; 0.0909; 0.0000; 0.0000; 0.0000; 0.2273; 0.0303; 0.6212; 0.0000
Bootstrap 5
Run TT with 108 training and 55 tests
Run CD with 179 training and 90 tests
Run FKW with 75 training and 38 tests
Run KW with 88 training and 44 tests
Run LPLT with 38 training and 20 tests
Run RD with 135 training and 68 tests
Run WBD with 4 training and 3 tests
Run WSD with 130 training and 66 tests
Confusion Matrix 6.0
0.4909; 0.2545; 0.0545; 0.0000; 0.0000; 0.0182; 0.0727; 0.1091; 0.0000
0.0000; 0.6111; 0.0000; 0.0000; 0.0000; 0.0444; 0.3111; 0.0333; 0.0000
0.0000; 0.0000; 0.9474; 0.0263; 0.0000; 0.0263; 0.0000; 0.0000; 0.0000
0.0000; 0.0000; 0.0000; 0.8636; 0.1364; 0.0000; 0.0000; 0.0000; 0.0000
0.0000; 0.0000; 0.0000; 0.2000; 0.8000; 0.0000; 0.0000; 0.0000; 0.0000
0.1029; 0.2206; 0.0147; 0.0000; 0.0294; 0.3824; 0.0588; 0.1912; 0.0000
0.0000; 0.3333; 0.0000; 0.0000; 0.0000; 0.0000; 0.6667; 0.0000; 0.0000
0.0455; 0.1061; 0.0000; 0.0000; 0.0000; 0.3030; 0.0152; 0.5303; 0.0000
Bootstrap 6
Run TT with 108 training and 55 tests
Run CD with 179 training and 90 tests
Run FKW with 75 training and 38 tests
Run KW with 88 training and 44 tests
Run LPLT with 38 training and 20 tests
Run RD with 135 training and 68 tests
Run WBD with 4 training and 3 tests
Run WSD with 130 training and 66 tests
Confusion Matrix 7.0
0.3455; 0.4000; 0.0182; 0.0000; 0.0000; 0.0727; 0.0545; 0.1091; 0.0000
0.0556; 0.3444; 0.0111; 0.0000; 0.0000; 0.3444; 0.1444; 0.1000; 0.0000
0.0000; 0.0526; 0.9474; 0.0000; 0.0000; 0.0000; 0.0000; 0.0000; 0.0000
0.0000; 0.0000; 0.0227; 0.7273; 0.2500; 0.0000; 0.0000; 0.0000; 0.0000
0.0000; 0.0000; 0.1500; 0.0500; 0.7500; 0.0000; 0.0500; 0.0000; 0.0000
0.0000; 0.0000; 0.0000; 0.0000; 0.0000; 0.6471; 0.0147; 0.3382; 0.0000
0.0000; 0.3333; 0.0000; 0.0000; 0.0000; 0.0000; 0.6667; 0.0000; 0.0000
0.0152; 0.0303; 0.0000; 0.0000; 0.0000; 0.2121; 0.1061; 0.6364; 0.0000
Bootstrap 7
Run TT with 108 training and 55 tests
Run CD with 179 training and 90 tests
Run FKW with 75 training and 38 tests
Run KW with 88 training and 44 tests
Run LPLT with 38 training and 20 tests
Run RD with 135 training and 68 tests
Run WBD with 4 training and 3 tests
Run WSD with 130 training and 66 tests
Confusion Matrix 8.0
0.9455; 0.0000; 0.0182; 0.0000; 0.0000; 0.0000; 0.0000; 0.0364; 0.0000
0.1000; 0.5333; 0.0000; 0.0000; 0.0000; 0.1000; 0.2111; 0.0556; 0.0000
0.0000; 0.0263; 0.9211; 0.0000; 0.0263; 0.0263; 0.0000; 0.0000; 0.0000
0.0000; 0.0000; 0.0455; 0.8864; 0.0455; 0.0000; 0.0227; 0.0000; 0.0000
0.0000; 0.0000; 0.0000; 0.6000; 0.4000; 0.0000; 0.0000; 0.0000; 0.0000
0.1324; 0.1324; 0.0000; 0.0147; 0.0147; 0.3971; 0.1176; 0.1912; 0.0000
0.0000; 0.6667; 0.0000; 0.0000; 0.0000; 0.0000; 0.3333; 0.0000; 0.0000
0.1061; 0.0909; 0.0000; 0.0000; 0.0000; 0.2576; 0.0152; 0.5303; 0.0000
Bootstrap 8
Run TT with 108 training and 55 tests
Run CD with 179 training and 90 tests
Run FKW with 75 training and 38 tests
Run KW with 88 training and 44 tests
Run LPLT with 38 training and 20 tests
Run RD with 135 training and 68 tests
Run WBD with 4 training and 3 tests
Run WSD with 130 training and 66 tests
Confusion Matrix 9.0
0.7455; 0.0364; 0.0182; 0.0000; 0.0000; 0.0182; 0.1273; 0.0545; 0.0000
0.0778; 0.5778; 0.0000; 0.0000; 0.0000; 0.0444; 0.2667; 0.0333; 0.0000
0.0000; 0.0000; 0.9211; 0.0000; 0.0263; 0.0000; 0.0526; 0.0000; 0.0000
0.0000; 0.0000; 0.0227; 0.8864; 0.0909; 0.0000; 0.0000; 0.0000; 0.0000
0.0000; 0.0000; 0.0000; 0.4500; 0.5500; 0.0000; 0.0000; 0.0000; 0.0000
0.1324; 0.1324; 0.0000; 0.0000; 0.0588; 0.3971; 0.0882; 0.1912; 0.0000
0.0000; 0.0000; 0.0000; 0.0000; 0.0000; 0.0000; 0.6667; 0.3333; 0.0000
0.0606; 0.1061; 0.0000; 0.0000; 0.0000; 0.2879; 0.0000; 0.5455; 0.0000
Bootstrap 9
Run TT with 108 training and 55 tests
Run CD with 179 training and 90 tests
Run FKW with 75 training and 38 tests
Run KW with 88 training and 44 tests
Run LPLT with 38 training and 20 tests
Run RD with 135 training and 68 tests
Run WBD with 4 training and 3 tests
Run WSD with 130 training and 66 tests
Confusion Matrix 10.0
0.4364; 0.3636; 0.0364; 0.0000; 0.0182; 0.0364; 0.0545; 0.0545; 0.0000
0.0222; 0.5444; 0.0000; 0.0000; 0.0000; 0.1444; 0.2000; 0.0889; 0.0000
0.0000; 0.0263; 0.9474; 0.0263; 0.0000; 0.0000; 0.0000; 0.0000; 0.0000
0.0000; 0.0000; 0.0227; 0.9091; 0.0455; 0.0000; 0.0227; 0.0000; 0.0000
0.0000; 0.0000; 0.0500; 0.7500; 0.2000; 0.0000; 0.0000; 0.0000; 0.0000
0.0000; 0.0000; 0.0000; 0.0000; 0.0000; 0.7353; 0.0000; 0.2647; 0.0000
0.0000; 0.6667; 0.0000; 0.0000; 0.0000; 0.0000; 0.3333; 0.0000; 0.0000
0.0455; 0.0303; 0.0000; 0.0000; 0.0000; 0.2879; 0.0152; 0.6212; 0.0000
Bootstrap 10
Run TT with 108 training and 55 tests
Run CD with 179 training and 90 tests
Run FKW with 75 training and 38 tests
Run KW with 88 training and 44 tests
Run LPLT with 38 training and 20 tests
Run RD with 135 training and 68 tests
Run WBD with 4 training and 3 tests
Run WSD with 130 training and 66 tests
Confusion Matrix 11.0
0.4727; 0.2364; 0.0182; 0.0000; 0.0000; 0.0909; 0.1273; 0.0545; 0.0000
0.0333; 0.5667; 0.0000; 0.0000; 0.0000; 0.0889; 0.2778; 0.0333; 0.0000
0.0000; 0.0000; 0.8684; 0.0526; 0.0526; 0.0263; 0.0000; 0.0000; 0.0000
0.0000; 0.0000; 0.0000; 0.9773; 0.0227; 0.0000; 0.0000; 0.0000; 0.0000
0.0000; 0.0000; 0.0000; 0.7500; 0.2500; 0.0000; 0.0000; 0.0000; 0.0000
0.0000; 0.0147; 0.0000; 0.0000; 0.0000; 0.6765; 0.0147; 0.2941; 0.0000
0.0000; 0.0000; 0.0000; 0.0000; 0.0000; 0.0000; 1.0000; 0.0000; 0.0000
0.0606; 0.0909; 0.0000; 0.0000; 0.0000; 0.2576; 0.0152; 0.5758; 0.0000
Bootstrap 11
Run TT with 108 training and 55 tests
Run CD with 179 training and 90 tests
Run FKW with 75 training and 38 tests
Run KW with 88 training and 44 tests
Run LPLT with 38 training and 20 tests
Run RD with 135 training and 68 tests
Run WBD with 4 training and 3 tests
Run WSD with 130 training and 66 tests
Confusion Matrix 12.0
0.8909; 0.0364; 0.0000; 0.0000; 0.0000; 0.0545; 0.0000; 0.0182; 0.0000
0.0556; 0.5444; 0.0000; 0.0000; 0.0000; 0.0556; 0.3000; 0.0444; 0.0000
0.0000; 0.0000; 1.0000; 0.0000; 0.0000; 0.0000; 0.0000; 0.0000; 0.0000
0.0000; 0.0000; 0.0455; 0.5909; 0.3409; 0.0000; 0.0227; 0.0000; 0.0000
0.0000; 0.0000; 0.1000; 0.0500; 0.8500; 0.0000; 0.0000; 0.0000; 0.0000
0.1029; 0.2059; 0.0000; 0.0000; 0.0147; 0.4412; 0.0294; 0.2059; 0.0000
0.0000; 0.0000; 0.0000; 0.0000; 0.0000; 0.3333; 0.6667; 0.0000; 0.0000
0.0758; 0.0606; 0.0000; 0.0000; 0.0000; 0.3182; 0.0152; 0.5303; 0.0000
Bootstrap 12
Run TT with 108 training and 55 tests
Run CD with 179 training and 90 tests
Run FKW with 75 training and 38 tests
Run KW with 88 training and 44 tests
Run LPLT with 38 training and 20 tests
Run RD with 135 training and 68 tests
Run WBD with 4 training and 3 tests
Run WSD with 130 training and 66 tests
Confusion Matrix 13.0
0.5818; 0.1818; 0.0364; 0.0000; 0.0000; 0.0000; 0.1091; 0.0909; 0.0000
0.0444; 0.5778; 0.0000; 0.0000; 0.0000; 0.0667; 0.3111; 0.0000; 0.0000
0.0000; 0.0000; 0.9474; 0.0263; 0.0263; 0.0000; 0.0000; 0.0000; 0.0000
0.0000; 0.0000; 0.1136; 0.7045; 0.1591; 0.0000; 0.0227; 0.0000; 0.0000
0.0000; 0.0000; 0.0000; 0.4500; 0.5500; 0.0000; 0.0000; 0.0000; 0.0000
0.1029; 0.1618; 0.0441; 0.0147; 0.0147; 0.4118; 0.0882; 0.1618; 0.0000
0.0000; 0.3333; 0.0000; 0.0000; 0.0000; 0.0000; 0.6667; 0.0000; 0.0000
0.0455; 0.0909; 0.0000; 0.0000; 0.0152; 0.2879; 0.0455; 0.5152; 0.0000
Bootstrap 13
Run TT with 108 training and 55 tests
Run CD with 179 training and 90 tests
Run FKW with 75 training and 38 tests
Run KW with 88 training and 44 tests
Run LPLT with 38 training and 20 tests
Run RD with 135 training and 68 tests
Run WBD with 4 training and 3 tests
Run WSD with 130 training and 66 tests
Confusion Matrix 14.0
0.9273; 0.0000; 0.0182; 0.0000; 0.0000; 0.0000; 0.0000; 0.0545; 0.0000
0.0556; 0.5556; 0.0111; 0.0000; 0.0000; 0.0667; 0.2667; 0.0444; 0.0000
0.0000; 0.0000; 0.9737; 0.0000; 0.0263; 0.0000; 0.0000; 0.0000; 0.0000
0.0000; 0.0000; 0.0227; 0.8636; 0.1136; 0.0000; 0.0000; 0.0000; 0.0000
0.0000; 0.0000; 0.1500; 0.1500; 0.6500; 0.0000; 0.0500; 0.0000; 0.0000
0.0147; 0.0588; 0.0000; 0.0000; 0.0000; 0.6765; 0.0000; 0.2500; 0.0000
0.0000; 0.3333; 0.0000; 0.0000; 0.0000; 0.0000; 0.6667; 0.0000; 0.0000
0.0606; 0.0606; 0.0000; 0.0000; 0.0000; 0.2879; 0.0000; 0.5909; 0.0000
Bootstrap 14
Run TT with 108 training and 55 tests
Run CD with 179 training and 90 tests
Run FKW with 75 training and 38 tests
Run KW with 88 training and 44 tests
Run LPLT with 38 training and 20 tests
Run RD with 135 training and 68 tests
Run WBD with 4 training and 3 tests
Run WSD with 130 training and 66 tests
Confusion Matrix 15.0
0.5273; 0.1636; 0.0364; 0.0000; 0.0000; 0.0000; 0.1455; 0.1273; 0.0000
0.0889; 0.4444; 0.0000; 0.0000; 0.0000; 0.2556; 0.0889; 0.1222; 0.0000
0.0000; 0.0000; 0.9474; 0.0263; 0.0000; 0.0263; 0.0000; 0.0000; 0.0000
0.0000; 0.0000; 0.0000; 0.9545; 0.0455; 0.0000; 0.0000; 0.0000; 0.0000
0.0000; 0.0000; 0.0000; 0.8500; 0.1500; 0.0000; 0.0000; 0.0000; 0.0000
0.1176; 0.1471; 0.0000; 0.0147; 0.0294; 0.4412; 0.0882; 0.1618; 0.0000
0.0000; 0.6667; 0.0000; 0.0000; 0.0000; 0.0000; 0.3333; 0.0000; 0.0000
0.0606; 0.0606; 0.0000; 0.0000; 0.0152; 0.2727; 0.0000; 0.5909; 0.0000
Bootstrap 15
Run TT with 108 training and 55 tests
Run CD with 179 training and 90 tests
Run FKW with 75 training and 38 tests
Run KW with 88 training and 44 tests
Run LPLT with 38 training and 20 tests
Run RD with 135 training and 68 tests
Run WBD with 4 training and 3 tests
Run WSD with 130 training and 66 tests
Confusion Matrix 16.0
0.4727; 0.2727; 0.0545; 0.0000; 0.0000; 0.0182; 0.0909; 0.0909; 0.0000
0.0333; 0.7889; 0.0111; 0.0000; 0.0000; 0.0556; 0.1111; 0.0000; 0.0000
0.0000; 0.0000; 0.8684; 0.0526; 0.0263; 0.0526; 0.0000; 0.0000; 0.0000
0.0000; 0.0000; 0.2500; 0.6364; 0.1136; 0.0000; 0.0000; 0.0000; 0.0000
0.0000; 0.0000; 0.0000; 0.5000; 0.5000; 0.0000; 0.0000; 0.0000; 0.0000
0.1029; 0.2206; 0.0147; 0.0147; 0.0147; 0.3971; 0.0588; 0.1765; 0.0000
0.0000; 0.6667; 0.0000; 0.0000; 0.0000; 0.0000; 0.3333; 0.0000; 0.0000
0.0152; 0.1212; 0.0000; 0.0000; 0.0000; 0.3636; 0.0000; 0.5000; 0.0000
Bootstrap 16
Run TT with 108 training and 55 tests
Run CD with 179 training and 90 tests
Run FKW with 75 training and 38 tests
Run KW with 88 training and 44 tests
Run LPLT with 38 training and 20 tests
Run RD with 135 training and 68 tests
Run WBD with 4 training and 3 tests
Run WSD with 130 training and 66 tests
Confusion Matrix 17.0
0.7273; 0.1818; 0.0000; 0.0000; 0.0000; 0.0727; 0.0000; 0.0182; 0.0000
0.0333; 0.5667; 0.0000; 0.0000; 0.0000; 0.1000; 0.2778; 0.0222; 0.0000
0.0000; 0.0000; 0.9737; 0.0000; 0.0263; 0.0000; 0.0000; 0.0000; 0.0000
0.0000; 0.0000; 0.0227; 0.7500; 0.2045; 0.0000; 0.0227; 0.0000; 0.0000
0.0000; 0.0000; 0.0000; 0.2500; 0.7500; 0.0000; 0.0000; 0.0000; 0.0000
0.0000; 0.0147; 0.0000; 0.0000; 0.0000; 0.5882; 0.0147; 0.3824; 0.0000
0.0000; 0.3333; 0.0000; 0.0000; 0.0000; 0.0000; 0.6667; 0.0000; 0.0000
0.0606; 0.0455; 0.0000; 0.0000; 0.0152; 0.2879; 0.0303; 0.5606; 0.0000
Bootstrap 17
Run TT with 108 training and 55 tests
Run CD with 179 training and 90 tests
Run FKW with 75 training and 38 tests
Run KW with 88 training and 44 tests
Run LPLT with 38 training and 20 tests
Run RD with 135 training and 68 tests
Run WBD with 4 training and 3 tests
Run WSD with 130 training and 66 tests
Confusion Matrix 18.0
0.4000; 0.2727; 0.0364; 0.0000; 0.0182; 0.0727; 0.1636; 0.0364; 0.0000
0.0111; 0.4444; 0.0111; 0.0000; 0.0000; 0.1000; 0.3889; 0.0444; 0.0000
0.0000; 0.0263; 0.9211; 0.0263; 0.0263; 0.0000; 0.0000; 0.0000; 0.0000
0.0000; 0.0000; 0.0227; 0.8864; 0.0909; 0.0000; 0.0000; 0.0000; 0.0000
0.0000; 0.0000; 0.0000; 0.3500; 0.6500; 0.0000; 0.0000; 0.0000; 0.0000
0.0588; 0.2500; 0.0294; 0.0147; 0.0294; 0.3824; 0.0735; 0.1618; 0.0000
0.0000; 0.0000; 0.0000; 0.0000; 0.0000; 0.0000; 1.0000; 0.0000; 0.0000
0.0606; 0.1212; 0.0000; 0.0000; 0.0000; 0.3030; 0.0606; 0.4545; 0.0000
Bootstrap 18
Run TT with 108 training and 55 tests
Run CD with 179 training and 90 tests
Run FKW with 75 training and 38 tests
Run KW with 88 training and 44 tests
Run LPLT with 38 training and 20 tests
Run RD with 135 training and 68 tests
Run WBD with 4 training and 3 tests
Run WSD with 130 training and 66 tests
Confusion Matrix 19.0
0.4000; 0.4545; 0.0000; 0.0000; 0.0000; 0.0364; 0.0727; 0.0364; 0.0000
0.0556; 0.4556; 0.0111; 0.0000; 0.0000; 0.1667; 0.2333; 0.0778; 0.0000
0.0000; 0.0263; 0.8684; 0.0000; 0.0263; 0.0000; 0.0789; 0.0000; 0.0000
0.0000; 0.0000; 0.0000; 0.8636; 0.1364; 0.0000; 0.0000; 0.0000; 0.0000
0.0000; 0.0000; 0.1000; 0.0500; 0.8500; 0.0000; 0.0000; 0.0000; 0.0000
0.0882; 0.1618; 0.0147; 0.0000; 0.0294; 0.4706; 0.0735; 0.1618; 0.0000
0.0000; 0.3333; 0.0000; 0.0000; 0.0000; 0.0000; 0.6667; 0.0000; 0.0000
0.0303; 0.1364; 0.0000; 0.0000; 0.0000; 0.3182; 0.0152; 0.5000; 0.0000
Bootstrap 19
Run TT with 108 training and 55 tests
Run CD with 179 training and 90 tests
Run FKW with 75 training and 38 tests
Run KW with 88 training and 44 tests
Run LPLT with 38 training and 20 tests
Run RD with 135 training and 68 tests
Run WBD with 4 training and 3 tests
Run WSD with 130 training and 66 tests
Confusion Matrix 20.0
0.4909; 0.2727; 0.0000; 0.0000; 0.0000; 0.0545; 0.0545; 0.1273; 0.0000
0.0889; 0.4778; 0.0000; 0.0000; 0.0000; 0.2444; 0.0889; 0.1000; 0.0000
0.0000; 0.0000; 1.0000; 0.0000; 0.0000; 0.0000; 0.0000; 0.0000; 0.0000
0.0000; 0.0000; 0.0000; 0.9318; 0.0682; 0.0000; 0.0000; 0.0000; 0.0000
0.0000; 0.0000; 0.0000; 0.6500; 0.3500; 0.0000; 0.0000; 0.0000; 0.0000
0.0294; 0.1765; 0.0000; 0.0000; 0.0000; 0.3824; 0.0882; 0.3235; 0.0000
0.0000; 0.6667; 0.0000; 0.0000; 0.0000; 0.0000; 0.3333; 0.0000; 0.0000
0.0303; 0.0606; 0.0000; 0.0000; 0.0000; 0.3182; 0.0152; 0.5758; 0.0000
Bootstrap 20
Run TT with 108 training and 55 tests
Run CD with 179 training and 90 tests
Run FKW with 75 training and 38 tests
Run KW with 88 training and 44 tests
Run LPLT with 38 training and 20 tests
Run RD with 135 training and 68 tests
Run WBD with 4 training and 3 tests
Run WSD with 130 training and 66 tests
Confusion Matrix 21.0
0.4909; 0.2364; 0.0545; 0.0000; 0.0000; 0.0364; 0.0727; 0.1091; 0.0000
0.0444; 0.5333; 0.0000; 0.0000; 0.0000; 0.1556; 0.1889; 0.0778; 0.0000
0.0000; 0.0263; 0.9737; 0.0000; 0.0000; 0.0000; 0.0000; 0.0000; 0.0000
0.0000; 0.0000; 0.0909; 0.7045; 0.2045; 0.0000; 0.0000; 0.0000; 0.0000
0.0000; 0.0000; 0.1000; 0.0500; 0.8500; 0.0000; 0.0000; 0.0000; 0.0000
0.0000; 0.1176; 0.0000; 0.0000; 0.0000; 0.4853; 0.0735; 0.3235; 0.0000
0.0000; 0.6667; 0.0000; 0.0000; 0.0000; 0.0000; 0.3333; 0.0000; 0.0000
0.0758; 0.0606; 0.0000; 0.0000; 0.0000; 0.1667; 0.0758; 0.6212; 0.0000
Bootstrap 21
Run TT with 108 training and 55 tests
Run CD with 179 training and 90 tests
Run FKW with 75 training and 38 tests
Run KW with 88 training and 44 tests
Run LPLT with 38 training and 20 tests
Run RD with 135 training and 68 tests
Run WBD with 4 training and 3 tests
Run WSD with 130 training and 66 tests
Confusion Matrix 22.0
0.8000; 0.0545; 0.0000; 0.0000; 0.0000; 0.0000; 0.0364; 0.1091; 0.0000
0.1333; 0.3889; 0.0111; 0.0000; 0.0000; 0.2444; 0.1222; 0.1000; 0.0000
0.0000; 0.0526; 0.8947; 0.0526; 0.0000; 0.0000; 0.0000; 0.0000; 0.0000
0.0000; 0.0000; 0.0000; 0.7500; 0.2273; 0.0000; 0.0227; 0.0000; 0.0000
0.0000; 0.0000; 0.0000; 0.2500; 0.7500; 0.0000; 0.0000; 0.0000; 0.0000
0.0147; 0.0294; 0.0000; 0.0000; 0.0000; 0.6176; 0.0000; 0.3382; 0.0000
0.0000; 0.6667; 0.0000; 0.0000; 0.0000; 0.0000; 0.3333; 0.0000; 0.0000
0.0455; 0.0455; 0.0000; 0.0000; 0.0000; 0.3030; 0.0303; 0.5758; 0.0000
Bootstrap 22
Run TT with 108 training and 55 tests
Run CD with 179 training and 90 tests
Run FKW with 75 training and 38 tests
Run KW with 88 training and 44 tests
Run LPLT with 38 training and 20 tests
Run RD with 135 training and 68 tests
Run WBD with 4 training and 3 tests
Run WSD with 130 training and 66 tests
Confusion Matrix 23.0
0.9636; 0.0000; 0.0182; 0.0000; 0.0000; 0.0182; 0.0000; 0.0000; 0.0000
0.0556; 0.5889; 0.0000; 0.0000; 0.0000; 0.0667; 0.2444; 0.0444; 0.0000
0.0000; 0.0263; 0.8684; 0.0000; 0.0789; 0.0000; 0.0263; 0.0000; 0.0000
0.0000; 0.0000; 0.0000; 0.8409; 0.1591; 0.0000; 0.0000; 0.0000; 0.0000
0.0000; 0.0000; 0.0000; 0.3500; 0.6500; 0.0000; 0.0000; 0.0000; 0.0000
0.0147; 0.0294; 0.0000; 0.0000; 0.0000; 0.5147; 0.0147; 0.4265; 0.0000
0.0000; 0.6667; 0.0000; 0.0000; 0.0000; 0.0000; 0.3333; 0.0000; 0.0000
0.1515; 0.0152; 0.0000; 0.0000; 0.0000; 0.3030; 0.0455; 0.4848; 0.0000
Bootstrap 23
Run TT with 108 training and 55 tests
Run CD with 179 training and 90 tests
Run FKW with 75 training and 38 tests
Run KW with 88 training and 44 tests
Run LPLT with 38 training and 20 tests
Run RD with 135 training and 68 tests
Run WBD with 4 training and 3 tests
Run WSD with 130 training and 66 tests
Confusion Matrix 24.0
0.4727; 0.2727; 0.0000; 0.0000; 0.0000; 0.0727; 0.0727; 0.1091; 0.0000
0.0889; 0.3889; 0.0111; 0.0000; 0.0000; 0.3000; 0.0778; 0.1333; 0.0000
0.0000; 0.0263; 0.8947; 0.0000; 0.0526; 0.0000; 0.0263; 0.0000; 0.0000
0.0000; 0.0000; 0.0000; 0.8409; 0.1591; 0.0000; 0.0000; 0.0000; 0.0000
0.0000; 0.0000; 0.0000; 0.1500; 0.8500; 0.0000; 0.0000; 0.0000; 0.0000
0.0000; 0.0147; 0.0000; 0.0000; 0.0000; 0.6912; 0.0147; 0.2794; 0.0000
0.0000; 0.3333; 0.0000; 0.0000; 0.0000; 0.0000; 0.6667; 0.0000; 0.0000
0.0303; 0.0455; 0.0000; 0.0000; 0.0000; 0.2879; 0.0303; 0.6061; 0.0000
Bootstrap 24
Run TT with 108 training and 55 tests
Run CD with 179 training and 90 tests
Run FKW with 75 training and 38 tests
Run KW with 88 training and 44 tests
Run LPLT with 38 training and 20 tests
Run RD with 135 training and 68 tests
Run WBD with 4 training and 3 tests
Run WSD with 130 training and 66 tests
Confusion Matrix 25.0
0.4727; 0.3455; 0.0000; 0.0000; 0.0000; 0.0182; 0.0545; 0.1091; 0.0000
0.0444; 0.6222; 0.0000; 0.0000; 0.0000; 0.1556; 0.1556; 0.0222; 0.0000
0.0000; 0.0526; 0.9211; 0.0000; 0.0263; 0.0000; 0.0000; 0.0000; 0.0000
0.0000; 0.0000; 0.0227; 0.6818; 0.2727; 0.0000; 0.0227; 0.0000; 0.0000
0.0000; 0.0000; 0.0000; 0.2500; 0.7000; 0.0000; 0.0500; 0.0000; 0.0000
0.0000; 0.0588; 0.0000; 0.0000; 0.0000; 0.7059; 0.0000; 0.2353; 0.0000
0.0000; 0.3333; 0.0000; 0.0000; 0.0000; 0.0000; 0.6667; 0.0000; 0.0000
0.0758; 0.0909; 0.0000; 0.0000; 0.0000; 0.2576; 0.0606; 0.5152; 0.0000
Bootstrap 25
Run TT with 108 training and 55 tests
Run CD with 179 training and 90 tests
Run FKW with 75 training and 38 tests
Run KW with 88 training and 44 tests
Run LPLT with 38 training and 20 tests
Run RD with 135 training and 68 tests
Run WBD with 4 training and 3 tests
Run WSD with 130 training and 66 tests
Confusion Matrix 26.0
0.7273; 0.2000; 0.0000; 0.0000; 0.0000; 0.0364; 0.0182; 0.0182; 0.0000
0.0222; 0.5333; 0.0000; 0.0000; 0.0000; 0.1444; 0.3000; 0.0000; 0.0000
0.0000; 0.0000; 0.9474; 0.0000; 0.0526; 0.0000; 0.0000; 0.0000; 0.0000
0.0000; 0.0000; 0.0682; 0.7727; 0.1364; 0.0000; 0.0227; 0.0000; 0.0000
0.0000; 0.0000; 0.0000; 0.7500; 0.2500; 0.0000; 0.0000; 0.0000; 0.0000
0.0000; 0.0294; 0.0000; 0.0000; 0.0000; 0.7206; 0.0000; 0.2500; 0.0000
0.0000; 0.0000; 0.0000; 0.0000; 0.0000; 0.0000; 1.0000; 0.0000; 0.0000
0.0303; 0.0455; 0.0000; 0.0000; 0.0000; 0.3030; 0.0152; 0.6061; 0.0000
Bootstrap 26
Run TT with 108 training and 55 tests
Run CD with 179 training and 90 tests
Run FKW with 75 training and 38 tests
Run KW with 88 training and 44 tests
Run LPLT with 38 training and 20 tests
Run RD with 135 training and 68 tests
Run WBD with 4 training and 3 tests
Run WSD with 130 training and 66 tests
Confusion Matrix 27.0
0.4727; 0.2909; 0.0000; 0.0000; 0.0000; 0.0364; 0.0727; 0.1273; 0.0000
0.0333; 0.5778; 0.0000; 0.0000; 0.0000; 0.1222; 0.2667; 0.0000; 0.0000
0.0000; 0.0263; 0.9211; 0.0263; 0.0263; 0.0000; 0.0000; 0.0000; 0.0000
0.0000; 0.0000; 0.0227; 0.9091; 0.0682; 0.0000; 0.0000; 0.0000; 0.0000
0.0000; 0.0000; 0.0000; 0.7000; 0.3000; 0.0000; 0.0000; 0.0000; 0.0000
0.0000; 0.0000; 0.0000; 0.0000; 0.0000; 0.6471; 0.0441; 0.3088; 0.0000
0.0000; 0.0000; 0.0000; 0.0000; 0.0000; 0.0000; 1.0000; 0.0000; 0.0000
0.0152; 0.1061; 0.0000; 0.0000; 0.0000; 0.2273; 0.0152; 0.6364; 0.0000
Bootstrap 27
Run TT with 108 training and 55 tests
Run CD with 179 training and 90 tests
Run FKW with 75 training and 38 tests
Run KW with 88 training and 44 tests
Run LPLT with 38 training and 20 tests
Run RD with 135 training and 68 tests
Run WBD with 4 training and 3 tests
Run WSD with 130 training and 66 tests
Confusion Matrix 28.0
0.8909; 0.0000; 0.0182; 0.0000; 0.0000; 0.0000; 0.0000; 0.0909; 0.0000
0.1111; 0.4889; 0.0000; 0.0000; 0.0000; 0.2000; 0.1000; 0.1000; 0.0000
0.0000; 0.0000; 0.9737; 0.0000; 0.0000; 0.0000; 0.0263; 0.0000; 0.0000
0.0000; 0.0000; 0.0227; 0.8864; 0.0909; 0.0000; 0.0000; 0.0000; 0.0000
0.0000; 0.0000; 0.0000; 0.7500; 0.2500; 0.0000; 0.0000; 0.0000; 0.0000
0.1176; 0.1765; 0.0294; 0.0000; 0.0147; 0.3971; 0.0588; 0.2059; 0.0000
0.0000; 0.3333; 0.0000; 0.0000; 0.0000; 0.0000; 0.6667; 0.0000; 0.0000
0.0606; 0.0606; 0.0000; 0.0000; 0.0152; 0.3485; 0.0000; 0.5152; 0.0000
Bootstrap 28
Run TT with 108 training and 55 tests
Run CD with 179 training and 90 tests
Run FKW with 75 training and 38 tests
Run KW with 88 training and 44 tests
Run LPLT with 38 training and 20 tests
Run RD with 135 training and 68 tests
Run WBD with 4 training and 3 tests
Run WSD with 130 training and 66 tests
Confusion Matrix 29.0
0.2727; 0.3818; 0.0545; 0.0000; 0.0000; 0.0727; 0.1273; 0.0909; 0.0000
0.0000; 0.5778; 0.0111; 0.0000; 0.0000; 0.0556; 0.3333; 0.0222; 0.0000
0.0000; 0.0000; 0.9474; 0.0000; 0.0263; 0.0263; 0.0000; 0.0000; 0.0000
0.0000; 0.0000; 0.0000; 0.9091; 0.0909; 0.0000; 0.0000; 0.0000; 0.0000
0.0000; 0.0000; 0.0000; 0.8500; 0.1500; 0.0000; 0.0000; 0.0000; 0.0000
0.0735; 0.1912; 0.0147; 0.0147; 0.0441; 0.3971; 0.0735; 0.1912; 0.0000
0.0000; 0.3333; 0.0000; 0.0000; 0.0000; 0.0000; 0.6667; 0.0000; 0.0000
0.0455; 0.0758; 0.0000; 0.0000; 0.0152; 0.3182; 0.0303; 0.5152; 0.0000
Bootstrap 29
Run TT with 108 training and 55 tests
Run CD with 179 training and 90 tests
Run FKW with 75 training and 38 tests
Run KW with 88 training and 44 tests
Run LPLT with 38 training and 20 tests
Run RD with 135 training and 68 tests
Run WBD with 4 training and 3 tests
Run WSD with 130 training and 66 tests
Confusion Matrix 30.0
0.7455; 0.1091; 0.0364; 0.0000; 0.0000; 0.0182; 0.0182; 0.0727; 0.0000
0.0444; 0.6667; 0.0000; 0.0000; 0.0000; 0.1556; 0.1000; 0.0333; 0.0000
0.0000; 0.0000; 0.9211; 0.0263; 0.0263; 0.0263; 0.0000; 0.0000; 0.0000
0.0000; 0.0000; 0.0000; 0.8864; 0.0682; 0.0000; 0.0455; 0.0000; 0.0000
0.0000; 0.0000; 0.0000; 0.7500; 0.2500; 0.0000; 0.0000; 0.0000; 0.0000
0.0000; 0.0000; 0.0000; 0.0000; 0.0000; 0.5588; 0.0000; 0.4412; 0.0000
0.0000; 0.6667; 0.0000; 0.0000; 0.0000; 0.0000; 0.3333; 0.0000; 0.0000
0.0606; 0.0758; 0.0000; 0.0000; 0.0000; 0.2727; 0.0152; 0.5758; 0.0000
Mean confusion
0.6236; 0.1873; 0.0200; 0.0000; 0.0012; 0.0339; 0.0600; 0.0739; 0.0000
0.0526; 0.5319; 0.0037; 0.0000; 0.0000; 0.1415; 0.2170; 0.0533; 0.0000
0.0000; 0.0140; 0.9325; 0.0132; 0.0246; 0.0079; 0.0079; 0.0000; 0.0000
0.0000; 0.0000; 0.0432; 0.8083; 0.1409; 0.0000; 0.0076; 0.0000; 0.0000
0.0000; 0.0000; 0.0233; 0.4300; 0.5417; 0.0000; 0.0050; 0.0000; 0.0000
0.0446; 0.1015; 0.0059; 0.0034; 0.0108; 0.5279; 0.0417; 0.2642; 0.0000
0.0000; 0.3667; 0.0000; 0.0000; 0.0000; 0.0222; 0.6000; 0.0111; 0.0000
0.0561; 0.0742; 0.0000; 0.0000; 0.0025; 0.2808; 0.0293; 0.5571; 0.0000
STD Confusion
0.2070; 0.1353; 0.0193; 0.0000; 0.0046; 0.0273; 0.0506; 0.0422; 0.0000
0.0336; 0.1009; 0.0053; 0.0000; 0.0000; 0.0905; 0.0916; 0.0386; 0.0000
0.0000; 0.0179; 0.0370; 0.0180; 0.0207; 0.0141; 0.0185; 0.0000; 0.0000
0.0000; 0.0000; 0.0601; 0.1069; 0.0751; 0.0000; 0.0124; 0.0000; 0.0000
0.0000; 0.0000; 0.0469; 0.2731; 0.2478; 0.0000; 0.0153; 0.0000; 0.0000
0.0500; 0.0887; 0.0113; 0.0063; 0.0159; 0.1266; 0.0365; 0.0885; 0.0000
0.0000; 0.2530; 0.0000; 0.0000; 0.0000; 0.0846; 0.2215; 0.0609; 0.0000
0.0309; 0.0309; 0.0000; 0.0000; 0.0057; 0.0422; 0.0255; 0.0492; 0.0000
Lower 95% CI
0.2727; 0.0000; 0.0000; 0.0000; 0.0000; 0.0000; 0.0000; 0.0000; 0.0000
0.0000; 0.3333; 0.0000; 0.0000; 0.0000; 0.0444; 0.0778; 0.0000; 0.0000
0.0000; 0.0000; 0.8684; 0.0000; 0.0000; 0.0000; 0.0000; 0.0000; 0.0000
0.0000; 0.0000; 0.0000; 0.5909; 0.0227; 0.0000; 0.0000; 0.0000; 0.0000
0.0000; 0.0000; 0.0000; 0.0500; 0.1500; 0.0000; 0.0000; 0.0000; 0.0000
0.0000; 0.0000; 0.0000; 0.0000; 0.0000; 0.3824; 0.0000; 0.1618; 0.0000
0.0000; 0.0000; 0.0000; 0.0000; 0.0000; 0.0000; 0.3333; 0.0000; 0.0000
0.0152; 0.0152; 0.0000; 0.0000; 0.0000; 0.1667; 0.0000; 0.4545; 0.0000
Upper 95% CI
0.9636; 0.4545; 0.0545; 0.0000; 0.0182; 0.0909; 0.1636; 0.1455; 0.0000
0.1333; 0.7889; 0.0111; 0.0000; 0.0000; 0.3667; 0.3889; 0.1333; 0.0000
0.0000; 0.0526; 1.0000; 0.0526; 0.0789; 0.0526; 0.0789; 0.0000; 0.0000
0.0000; 0.0000; 0.2500; 0.9773; 0.3409; 0.0000; 0.0455; 0.0000; 0.0000
0.0000; 0.0000; 0.1500; 0.8500; 0.9000; 0.0000; 0.0500; 0.0000; 0.0000
0.1324; 0.2647; 0.0441; 0.0147; 0.0588; 0.7353; 0.1176; 0.4706; 0.0000
0.0000; 0.6667; 0.0000; 0.0000; 0.0000; 0.3333; 1.0000; 0.3333; 0.0000
0.1515; 0.1364; 0.0000; 0.0000; 0.0152; 0.3636; 0.1061; 0.6364; 0.0000
Run TT with 163 training and 0 tests
Run CD with 269 training and 0 tests
Run FKW with 113 training and 0 tests
Run KW with 132 training and 0 tests
Run LPLT with 58 training and 0 tests
Run RD with 203 training and 0 tests
Run WBD with 7 training and 0 tests
Run WSD with 196 training and 0 tests