Total Bootstraps 30
Num Species 8
FragmentLength 20; Section Length 50
TT; CD; FKW; KW; LPLT; RD; WBD; WSD
Bootstrap 0
Run TT with 191 training and 96 tests
Run CD with 309 training and 155 tests
Run FKW with 117 training and 59 tests
Run KW with 160 training and 80 tests
Run LPLT with 70 training and 36 tests
Run RD with 250 training and 126 tests
Run WBD with 7 training and 4 tests
Run WSD with 239 training and 120 tests
Confusion Matrix 1.0
0.5417; 0.1146; 0.0417; 0.0000; 0.0208; 0.0417; 0.1250; 0.1146; 0.0000
0.0387; 0.4065; 0.0000; 0.0000; 0.0000; 0.1161; 0.3935; 0.0452; 0.0000
0.0000; 0.0000; 0.8644; 0.0000; 0.1356; 0.0000; 0.0000; 0.0000; 0.0000
0.0000; 0.0000; 0.0125; 0.6125; 0.3625; 0.0000; 0.0125; 0.0000; 0.0000
0.0000; 0.0000; 0.0000; 0.2778; 0.7222; 0.0000; 0.0000; 0.0000; 0.0000
0.0000; 0.0794; 0.0000; 0.0000; 0.0000; 0.6984; 0.0000; 0.2222; 0.0000
0.0000; 0.0000; 0.0000; 0.0000; 0.0000; 0.0000; 1.0000; 0.0000; 0.0000
0.0667; 0.1083; 0.0083; 0.0000; 0.0000; 0.3083; 0.0250; 0.4833; 0.0000
Bootstrap 1
Run TT with 191 training and 96 tests
Run CD with 309 training and 155 tests
Run FKW with 117 training and 59 tests
Run KW with 160 training and 80 tests
Run LPLT with 70 training and 36 tests
Run RD with 250 training and 126 tests
Run WBD with 7 training and 4 tests
Run WSD with 239 training and 120 tests
Confusion Matrix 2.0
0.3958; 0.2188; 0.0729; 0.0000; 0.0104; 0.0625; 0.1563; 0.0833; 0.0000
0.0516; 0.4903; 0.0000; 0.0000; 0.0000; 0.2387; 0.2065; 0.0129; 0.0000
0.0000; 0.0339; 0.8983; 0.0000; 0.0169; 0.0000; 0.0508; 0.0000; 0.0000
0.0000; 0.0000; 0.0750; 0.6000; 0.3000; 0.0000; 0.0250; 0.0000; 0.0000
0.0000; 0.0000; 0.0833; 0.0833; 0.8056; 0.0000; 0.0278; 0.0000; 0.0000
0.0000; 0.0238; 0.0000; 0.0000; 0.0000; 0.6667; 0.0000; 0.3095; 0.0000
0.0000; 0.0000; 0.0000; 0.0000; 0.0000; 0.2500; 0.7500; 0.0000; 0.0000
0.0750; 0.0583; 0.0000; 0.0000; 0.0167; 0.2500; 0.0333; 0.5667; 0.0000
Bootstrap 2
Run TT with 191 training and 96 tests
Run CD with 309 training and 155 tests
Run FKW with 117 training and 59 tests
Run KW with 160 training and 80 tests
Run LPLT with 70 training and 36 tests
Run RD with 250 training and 126 tests
Run WBD with 7 training and 4 tests
Run WSD with 239 training and 120 tests
Confusion Matrix 3.0
0.7708; 0.0729; 0.0313; 0.0000; 0.0104; 0.0417; 0.0104; 0.0625; 0.0000
0.0774; 0.5613; 0.0000; 0.0000; 0.0000; 0.1613; 0.1935; 0.0065; 0.0000
0.0339; 0.0169; 0.9322; 0.0000; 0.0169; 0.0000; 0.0000; 0.0000; 0.0000
0.0000; 0.0000; 0.0750; 0.7000; 0.2125; 0.0000; 0.0125; 0.0000; 0.0000
0.0000; 0.0000; 0.0000; 0.3333; 0.6667; 0.0000; 0.0000; 0.0000; 0.0000
0.0000; 0.0873; 0.0000; 0.0000; 0.0000; 0.6587; 0.0000; 0.2540; 0.0000
0.0000; 0.2500; 0.0000; 0.0000; 0.0000; 0.2500; 0.5000; 0.0000; 0.0000
0.0667; 0.1000; 0.0000; 0.0000; 0.0000; 0.2750; 0.0250; 0.5333; 0.0000
Bootstrap 3
Run TT with 191 training and 96 tests
Run CD with 309 training and 155 tests
Run FKW with 117 training and 59 tests
Run KW with 160 training and 80 tests
Run LPLT with 70 training and 36 tests
Run RD with 250 training and 126 tests
Run WBD with 7 training and 4 tests
Run WSD with 239 training and 120 tests
Confusion Matrix 4.0
0.7917; 0.0521; 0.0313; 0.0000; 0.0208; 0.0313; 0.0313; 0.0417; 0.0000
0.0968; 0.3419; 0.0000; 0.0000; 0.0000; 0.2645; 0.2000; 0.0968; 0.0000
0.0000; 0.0000; 0.9661; 0.0000; 0.0339; 0.0000; 0.0000; 0.0000; 0.0000
0.0000; 0.0000; 0.0125; 0.8625; 0.1250; 0.0000; 0.0000; 0.0000; 0.0000
0.0000; 0.0000; 0.0278; 0.3611; 0.6111; 0.0000; 0.0000; 0.0000; 0.0000
0.0000; 0.0159; 0.0000; 0.0000; 0.0000; 0.6984; 0.0000; 0.2857; 0.0000
0.0000; 0.0000; 0.0000; 0.0000; 0.0000; 0.0000; 1.0000; 0.0000; 0.0000
0.1167; 0.0250; 0.0000; 0.0000; 0.0000; 0.3000; 0.0250; 0.5333; 0.0000
Bootstrap 4
Run TT with 191 training and 96 tests
Run CD with 309 training and 155 tests
Run FKW with 117 training and 59 tests
Run KW with 160 training and 80 tests
Run LPLT with 70 training and 36 tests
Run RD with 250 training and 126 tests
Run WBD with 7 training and 4 tests
Run WSD with 239 training and 120 tests
Confusion Matrix 5.0
0.3750; 0.2813; 0.0313; 0.0000; 0.0208; 0.0417; 0.1458; 0.1042; 0.0000
0.0516; 0.6065; 0.0065; 0.0000; 0.0000; 0.1032; 0.2194; 0.0129; 0.0000
0.0000; 0.0000; 0.9492; 0.0000; 0.0169; 0.0000; 0.0339; 0.0000; 0.0000
0.0000; 0.0000; 0.0500; 0.6625; 0.2750; 0.0000; 0.0125; 0.0000; 0.0000
0.0000; 0.0000; 0.0278; 0.4722; 0.5000; 0.0000; 0.0000; 0.0000; 0.0000
0.0873; 0.1587; 0.0317; 0.0079; 0.0873; 0.4603; 0.0635; 0.1032; 0.0000
0.0000; 1.0000; 0.0000; 0.0000; 0.0000; 0.0000; 0.0000; 0.0000; 0.0000
0.0500; 0.0833; 0.0167; 0.0000; 0.0000; 0.3417; 0.0083; 0.5000; 0.0000
Bootstrap 5
Run TT with 191 training and 96 tests
Run CD with 309 training and 155 tests
Run FKW with 117 training and 59 tests
Run KW with 160 training and 80 tests
Run LPLT with 70 training and 36 tests
Run RD with 250 training and 126 tests
Run WBD with 7 training and 4 tests
Run WSD with 239 training and 120 tests
Confusion Matrix 6.0
0.6354; 0.1875; 0.0417; 0.0000; 0.0000; 0.0625; 0.0417; 0.0313; 0.0000
0.0839; 0.4129; 0.0065; 0.0000; 0.0000; 0.2323; 0.1484; 0.1161; 0.0000
0.0000; 0.0000; 0.8983; 0.0169; 0.0508; 0.0000; 0.0339; 0.0000; 0.0000
0.0000; 0.0000; 0.0500; 0.7875; 0.1625; 0.0000; 0.0000; 0.0000; 0.0000
0.0000; 0.0000; 0.0000; 0.1667; 0.8333; 0.0000; 0.0000; 0.0000; 0.0000
0.0079; 0.0079; 0.0000; 0.0000; 0.0000; 0.6270; 0.0000; 0.3571; 0.0000
0.0000; 0.5000; 0.0000; 0.0000; 0.0000; 0.0000; 0.5000; 0.0000; 0.0000
0.0917; 0.0417; 0.0083; 0.0000; 0.0000; 0.2750; 0.0417; 0.5417; 0.0000
Bootstrap 6
Run TT with 191 training and 96 tests
Run CD with 309 training and 155 tests
Run FKW with 117 training and 59 tests
Run KW with 160 training and 80 tests
Run LPLT with 70 training and 36 tests
Run RD with 250 training and 126 tests
Run WBD with 7 training and 4 tests
Run WSD with 239 training and 120 tests
Confusion Matrix 7.0
0.7500; 0.0417; 0.0208; 0.0000; 0.0208; 0.0104; 0.0521; 0.1042; 0.0000
0.1032; 0.4194; 0.0065; 0.0000; 0.0000; 0.2903; 0.0903; 0.0903; 0.0000
0.0169; 0.0339; 0.9322; 0.0000; 0.0169; 0.0000; 0.0000; 0.0000; 0.0000
0.0000; 0.0000; 0.0375; 0.8875; 0.0750; 0.0000; 0.0000; 0.0000; 0.0000
0.0000; 0.0000; 0.0000; 0.6667; 0.3333; 0.0000; 0.0000; 0.0000; 0.0000
0.0079; 0.0397; 0.0000; 0.0000; 0.0000; 0.5952; 0.0000; 0.3571; 0.0000
0.0000; 0.2500; 0.0000; 0.0000; 0.0000; 0.0000; 0.7500; 0.0000; 0.0000
0.0917; 0.0417; 0.0083; 0.0000; 0.0000; 0.3000; 0.0167; 0.5417; 0.0000
Bootstrap 7
Run TT with 191 training and 96 tests
Run CD with 309 training and 155 tests
Run FKW with 117 training and 59 tests
Run KW with 160 training and 80 tests
Run LPLT with 70 training and 36 tests
Run RD with 250 training and 126 tests
Run WBD with 7 training and 4 tests
Run WSD with 239 training and 120 tests
Confusion Matrix 8.0
0.3542; 0.3333; 0.0625; 0.0000; 0.0000; 0.0417; 0.1354; 0.0729; 0.0000
0.0581; 0.5613; 0.0065; 0.0000; 0.0000; 0.0452; 0.2645; 0.0645; 0.0000
0.0000; 0.0169; 0.9322; 0.0000; 0.0508; 0.0000; 0.0000; 0.0000; 0.0000
0.0000; 0.0000; 0.0500; 0.6750; 0.2625; 0.0000; 0.0125; 0.0000; 0.0000
0.0278; 0.0000; 0.1111; 0.1111; 0.7222; 0.0000; 0.0278; 0.0000; 0.0000
0.1032; 0.1667; 0.0238; 0.0000; 0.0873; 0.4127; 0.1032; 0.1032; 0.0000
0.0000; 0.0000; 0.0000; 0.0000; 0.0000; 0.0000; 1.0000; 0.0000; 0.0000
0.0833; 0.0750; 0.0083; 0.0000; 0.0000; 0.3000; 0.0417; 0.4917; 0.0000
Bootstrap 8
Run TT with 191 training and 96 tests
Run CD with 309 training and 155 tests
Run FKW with 117 training and 59 tests
Run KW with 160 training and 80 tests
Run LPLT with 70 training and 36 tests
Run RD with 250 training and 126 tests
Run WBD with 7 training and 4 tests
Run WSD with 239 training and 120 tests
Confusion Matrix 9.0
0.3646; 0.3021; 0.0313; 0.0000; 0.0104; 0.0938; 0.1250; 0.0729; 0.0000
0.0387; 0.5355; 0.0000; 0.0000; 0.0000; 0.1290; 0.2387; 0.0581; 0.0000
0.0000; 0.0678; 0.8644; 0.0339; 0.0169; 0.0169; 0.0000; 0.0000; 0.0000
0.0000; 0.0000; 0.0500; 0.8750; 0.0750; 0.0000; 0.0000; 0.0000; 0.0000
0.0000; 0.0000; 0.0000; 0.5833; 0.4167; 0.0000; 0.0000; 0.0000; 0.0000
0.0000; 0.0159; 0.0000; 0.0000; 0.0000; 0.7302; 0.0000; 0.2540; 0.0000
0.0000; 0.5000; 0.0000; 0.0000; 0.0000; 0.2500; 0.2500; 0.0000; 0.0000
0.0667; 0.0833; 0.0000; 0.0000; 0.0000; 0.2500; 0.0167; 0.5833; 0.0000
Bootstrap 9
Run TT with 191 training and 96 tests
Run CD with 309 training and 155 tests
Run FKW with 117 training and 59 tests
Run KW with 160 training and 80 tests
Run LPLT with 70 training and 36 tests
Run RD with 250 training and 126 tests
Run WBD with 7 training and 4 tests
Run WSD with 239 training and 120 tests
Confusion Matrix 10.0
0.7604; 0.0833; 0.0000; 0.0000; 0.0208; 0.0521; 0.0313; 0.0521; 0.0000
0.0903; 0.4065; 0.0065; 0.0000; 0.0000; 0.2710; 0.1161; 0.1097; 0.0000
0.0000; 0.0000; 0.8814; 0.0000; 0.0847; 0.0000; 0.0339; 0.0000; 0.0000
0.0000; 0.0000; 0.0625; 0.6250; 0.3000; 0.0000; 0.0125; 0.0000; 0.0000
0.0000; 0.0000; 0.0000; 0.3611; 0.6389; 0.0000; 0.0000; 0.0000; 0.0000
0.0000; 0.0079; 0.0000; 0.0000; 0.0000; 0.6984; 0.0000; 0.2937; 0.0000
0.0000; 0.2500; 0.0000; 0.0000; 0.0000; 0.2500; 0.5000; 0.0000; 0.0000
0.0833; 0.0417; 0.0000; 0.0000; 0.0000; 0.2083; 0.0417; 0.6250; 0.0000
Bootstrap 10
Run TT with 191 training and 96 tests
Run CD with 309 training and 155 tests
Run FKW with 117 training and 59 tests
Run KW with 160 training and 80 tests
Run LPLT with 70 training and 36 tests
Run RD with 250 training and 126 tests
Run WBD with 7 training and 4 tests
Run WSD with 239 training and 120 tests
Confusion Matrix 11.0
0.6042; 0.1875; 0.0104; 0.0000; 0.0104; 0.0521; 0.0833; 0.0521; 0.0000
0.0387; 0.5677; 0.0000; 0.0000; 0.0000; 0.0452; 0.2839; 0.0645; 0.0000
0.0000; 0.0339; 0.9492; 0.0000; 0.0000; 0.0000; 0.0169; 0.0000; 0.0000
0.0000; 0.0000; 0.0250; 0.7250; 0.2375; 0.0000; 0.0125; 0.0000; 0.0000
0.0000; 0.0000; 0.0278; 0.2778; 0.6944; 0.0000; 0.0000; 0.0000; 0.0000
0.0794; 0.1746; 0.0317; 0.0079; 0.0714; 0.3492; 0.1032; 0.1825; 0.0000
0.0000; 0.7500; 0.0000; 0.0000; 0.0000; 0.0000; 0.2500; 0.0000; 0.0000
0.0833; 0.0833; 0.0000; 0.0000; 0.0167; 0.3583; 0.0417; 0.4167; 0.0000
Bootstrap 11
Run TT with 191 training and 96 tests
Run CD with 309 training and 155 tests
Run FKW with 117 training and 59 tests
Run KW with 160 training and 80 tests
Run LPLT with 70 training and 36 tests
Run RD with 250 training and 126 tests
Run WBD with 7 training and 4 tests
Run WSD with 239 training and 120 tests
Confusion Matrix 12.0
0.3333; 0.3646; 0.0625; 0.0000; 0.0000; 0.0417; 0.1354; 0.0625; 0.0000
0.0387; 0.4839; 0.0065; 0.0000; 0.0000; 0.0710; 0.3097; 0.0903; 0.0000
0.0000; 0.0000; 0.9322; 0.0508; 0.0000; 0.0169; 0.0000; 0.0000; 0.0000
0.0000; 0.0000; 0.0000; 0.8375; 0.1500; 0.0000; 0.0125; 0.0000; 0.0000
0.0000; 0.0000; 0.0000; 0.1944; 0.8056; 0.0000; 0.0000; 0.0000; 0.0000
0.0952; 0.1984; 0.0476; 0.0000; 0.0794; 0.4127; 0.0476; 0.1190; 0.0000
0.0000; 0.2500; 0.0000; 0.0000; 0.0000; 0.0000; 0.7500; 0.0000; 0.0000
0.0667; 0.0667; 0.0083; 0.0000; 0.0000; 0.3250; 0.0250; 0.5083; 0.0000
Bootstrap 12
Run TT with 191 training and 96 tests
Run CD with 309 training and 155 tests
Run FKW with 117 training and 59 tests
Run KW with 160 training and 80 tests
Run LPLT with 70 training and 36 tests
Run RD with 250 training and 126 tests
Run WBD with 7 training and 4 tests
Run WSD with 239 training and 120 tests
Confusion Matrix 13.0
0.8854; 0.0104; 0.0104; 0.0000; 0.0104; 0.0104; 0.0208; 0.0521; 0.0000
0.0839; 0.4839; 0.0000; 0.0000; 0.0000; 0.1290; 0.2839; 0.0194; 0.0000
0.0000; 0.0000; 0.8814; 0.0000; 0.0847; 0.0000; 0.0339; 0.0000; 0.0000
0.0000; 0.0000; 0.0250; 0.8375; 0.1375; 0.0000; 0.0000; 0.0000; 0.0000
0.0000; 0.0000; 0.0000; 0.2778; 0.7222; 0.0000; 0.0000; 0.0000; 0.0000
0.0000; 0.0159; 0.0000; 0.0000; 0.0000; 0.7619; 0.0000; 0.2222; 0.0000
0.0000; 0.5000; 0.2500; 0.0000; 0.0000; 0.0000; 0.2500; 0.0000; 0.0000
0.1000; 0.0583; 0.0000; 0.0000; 0.0000; 0.3250; 0.0000; 0.5167; 0.0000
Bootstrap 13
Run TT with 191 training and 96 tests
Run CD with 309 training and 155 tests
Run FKW with 117 training and 59 tests
Run KW with 160 training and 80 tests
Run LPLT with 70 training and 36 tests
Run RD with 250 training and 126 tests
Run WBD with 7 training and 4 tests
Run WSD with 239 training and 120 tests
Confusion Matrix 14.0
0.6563; 0.0833; 0.0313; 0.0000; 0.0000; 0.0833; 0.0625; 0.0833; 0.0000
0.0839; 0.4774; 0.0065; 0.0000; 0.0000; 0.2452; 0.1097; 0.0774; 0.0000
0.0000; 0.0339; 0.9153; 0.0169; 0.0339; 0.0000; 0.0000; 0.0000; 0.0000
0.0000; 0.0000; 0.0125; 0.8000; 0.1875; 0.0000; 0.0000; 0.0000; 0.0000
0.0278; 0.0000; 0.0556; 0.0833; 0.7778; 0.0000; 0.0556; 0.0000; 0.0000
0.0952; 0.1667; 0.0079; 0.0159; 0.0794; 0.4524; 0.0714; 0.1111; 0.0000
0.0000; 0.7500; 0.0000; 0.0000; 0.0000; 0.0000; 0.2500; 0.0000; 0.0000
0.0500; 0.0750; 0.0000; 0.0000; 0.0000; 0.3000; 0.0250; 0.5500; 0.0000
Bootstrap 14
Run TT with 191 training and 96 tests
Run CD with 309 training and 155 tests
Run FKW with 117 training and 59 tests
Run KW with 160 training and 80 tests
Run LPLT with 70 training and 36 tests
Run RD with 250 training and 126 tests
Run WBD with 7 training and 4 tests
Run WSD with 239 training and 120 tests
Confusion Matrix 15.0
0.5104; 0.2396; 0.0417; 0.0000; 0.0000; 0.0833; 0.1042; 0.0208; 0.0000
0.0581; 0.5226; 0.0000; 0.0000; 0.0000; 0.2065; 0.1677; 0.0452; 0.0000
0.0000; 0.0847; 0.8475; 0.0508; 0.0169; 0.0000; 0.0000; 0.0000; 0.0000
0.0000; 0.0000; 0.0375; 0.6875; 0.2500; 0.0000; 0.0250; 0.0000; 0.0000
0.0278; 0.0000; 0.0556; 0.0000; 0.8611; 0.0000; 0.0556; 0.0000; 0.0000
0.0000; 0.0238; 0.0000; 0.0000; 0.0000; 0.7381; 0.0000; 0.2381; 0.0000
0.0000; 0.5000; 0.2500; 0.0000; 0.0000; 0.0000; 0.2500; 0.0000; 0.0000
0.0667; 0.0583; 0.0167; 0.0000; 0.0000; 0.2750; 0.0333; 0.5500; 0.0000
Bootstrap 15
Run TT with 191 training and 96 tests
Run CD with 309 training and 155 tests
Run FKW with 117 training and 59 tests
Run KW with 160 training and 80 tests
Run LPLT with 70 training and 36 tests
Run RD with 250 training and 126 tests
Run WBD with 7 training and 4 tests
Run WSD with 239 training and 120 tests
Confusion Matrix 16.0
0.8854; 0.0104; 0.0313; 0.0000; 0.0104; 0.0208; 0.0104; 0.0313; 0.0000
0.1161; 0.3742; 0.0000; 0.0000; 0.0000; 0.3355; 0.0903; 0.0839; 0.0000
0.0000; 0.0508; 0.9322; 0.0000; 0.0169; 0.0000; 0.0000; 0.0000; 0.0000
0.0000; 0.0000; 0.0500; 0.6000; 0.3500; 0.0000; 0.0000; 0.0000; 0.0000
0.0000; 0.0000; 0.0000; 0.2500; 0.7500; 0.0000; 0.0000; 0.0000; 0.0000
0.0159; 0.0556; 0.0079; 0.0159; 0.0873; 0.5159; 0.0000; 0.3016; 0.0000
0.0000; 0.2500; 0.0000; 0.0000; 0.0000; 0.2500; 0.5000; 0.0000; 0.0000
0.1000; 0.0917; 0.0000; 0.0000; 0.0083; 0.2417; 0.0333; 0.5250; 0.0000
Bootstrap 16
Run TT with 191 training and 96 tests
Run CD with 309 training and 155 tests
Run FKW with 117 training and 59 tests
Run KW with 160 training and 80 tests
Run LPLT with 70 training and 36 tests
Run RD with 250 training and 126 tests
Run WBD with 7 training and 4 tests
Run WSD with 239 training and 120 tests
Confusion Matrix 17.0
0.3438; 0.3125; 0.0417; 0.0000; 0.0104; 0.1042; 0.1354; 0.0521; 0.0000
0.0516; 0.5484; 0.0000; 0.0000; 0.0000; 0.1871; 0.2065; 0.0065; 0.0000
0.0000; 0.0339; 0.8475; 0.0000; 0.0508; 0.0000; 0.0508; 0.0169; 0.0000
0.0000; 0.0000; 0.0625; 0.5000; 0.4125; 0.0000; 0.0250; 0.0000; 0.0000
0.0000; 0.0000; 0.0278; 0.2778; 0.6944; 0.0000; 0.0000; 0.0000; 0.0000
0.0000; 0.0556; 0.0000; 0.0000; 0.0000; 0.7460; 0.0000; 0.1984; 0.0000
0.0000; 0.5000; 0.0000; 0.0000; 0.0000; 0.2500; 0.2500; 0.0000; 0.0000
0.0667; 0.1083; 0.0000; 0.0000; 0.0000; 0.2500; 0.0250; 0.5500; 0.0000
Bootstrap 17
Run TT with 191 training and 96 tests
Run CD with 309 training and 155 tests
Run FKW with 117 training and 59 tests
Run KW with 160 training and 80 tests
Run LPLT with 70 training and 36 tests
Run RD with 250 training and 126 tests
Run WBD with 7 training and 4 tests
Run WSD with 239 training and 120 tests
Confusion Matrix 18.0
0.3750; 0.3333; 0.0729; 0.0000; 0.0000; 0.0313; 0.1042; 0.0833; 0.0000
0.0839; 0.5226; 0.0000; 0.0000; 0.0000; 0.0968; 0.2065; 0.0903; 0.0000
0.0000; 0.0508; 0.8983; 0.0169; 0.0339; 0.0000; 0.0000; 0.0000; 0.0000
0.0000; 0.0000; 0.0250; 0.7625; 0.2125; 0.0000; 0.0000; 0.0000; 0.0000
0.0000; 0.0000; 0.0833; 0.1389; 0.7500; 0.0000; 0.0278; 0.0000; 0.0000
0.0794; 0.1667; 0.0397; 0.0317; 0.0556; 0.3968; 0.0794; 0.1508; 0.0000
0.0000; 0.5000; 0.0000; 0.0000; 0.0000; 0.0000; 0.5000; 0.0000; 0.0000
0.0917; 0.0750; 0.0000; 0.0000; 0.0000; 0.2917; 0.0250; 0.5167; 0.0000
Bootstrap 18
Run TT with 191 training and 96 tests
Run CD with 309 training and 155 tests
Run FKW with 117 training and 59 tests
Run KW with 160 training and 80 tests
Run LPLT with 70 training and 36 tests
Run RD with 250 training and 126 tests
Run WBD with 7 training and 4 tests
Run WSD with 239 training and 120 tests
Confusion Matrix 19.0
0.8750; 0.0208; 0.0208; 0.0000; 0.0000; 0.0000; 0.0417; 0.0417; 0.0000
0.0774; 0.3677; 0.0065; 0.0000; 0.0000; 0.2645; 0.2516; 0.0323; 0.0000
0.0000; 0.0169; 0.8983; 0.0508; 0.0339; 0.0000; 0.0000; 0.0000; 0.0000
0.0000; 0.0000; 0.0250; 0.7500; 0.2000; 0.0000; 0.0250; 0.0000; 0.0000
0.0000; 0.0000; 0.0556; 0.1944; 0.7222; 0.0000; 0.0278; 0.0000; 0.0000
0.0000; 0.0159; 0.0000; 0.0000; 0.0000; 0.6508; 0.0000; 0.3333; 0.0000
0.0000; 0.5000; 0.0000; 0.0000; 0.0000; 0.2500; 0.2500; 0.0000; 0.0000
0.0750; 0.0750; 0.0000; 0.0000; 0.0000; 0.2750; 0.0417; 0.5333; 0.0000
Bootstrap 19
Run TT with 191 training and 96 tests
Run CD with 309 training and 155 tests
Run FKW with 117 training and 59 tests
Run KW with 160 training and 80 tests
Run LPLT with 70 training and 36 tests
Run RD with 250 training and 126 tests
Run WBD with 7 training and 4 tests
Run WSD with 239 training and 120 tests
Confusion Matrix 20.0
0.3854; 0.2813; 0.0625; 0.0000; 0.0000; 0.1146; 0.1146; 0.0417; 0.0000
0.0323; 0.4839; 0.0065; 0.0000; 0.0000; 0.1677; 0.3032; 0.0065; 0.0000
0.0000; 0.0000; 0.9153; 0.0000; 0.0678; 0.0000; 0.0169; 0.0000; 0.0000
0.0000; 0.0000; 0.0375; 0.5000; 0.4375; 0.0000; 0.0250; 0.0000; 0.0000
0.0000; 0.0000; 0.0278; 0.0833; 0.8333; 0.0000; 0.0556; 0.0000; 0.0000
0.0079; 0.1270; 0.0000; 0.0000; 0.0000; 0.4524; 0.0397; 0.3730; 0.0000
0.0000; 0.0000; 0.0000; 0.0000; 0.0000; 0.0000; 1.0000; 0.0000; 0.0000
0.0833; 0.0750; 0.0000; 0.0000; 0.0000; 0.3333; 0.0167; 0.4917; 0.0000
Bootstrap 20
Run TT with 191 training and 96 tests
Run CD with 309 training and 155 tests
Run FKW with 117 training and 59 tests
Run KW with 160 training and 80 tests
Run LPLT with 70 training and 36 tests
Run RD with 250 training and 126 tests
Run WBD with 7 training and 4 tests
Run WSD with 239 training and 120 tests
Confusion Matrix 21.0
0.8333; 0.0104; 0.0313; 0.0000; 0.0521; 0.0000; 0.0208; 0.0521; 0.0000
0.1097; 0.4516; 0.0065; 0.0000; 0.0000; 0.0710; 0.2903; 0.0710; 0.0000
0.0000; 0.0000; 0.9322; 0.0000; 0.0508; 0.0000; 0.0169; 0.0000; 0.0000
0.0000; 0.0000; 0.0250; 0.8750; 0.1000; 0.0000; 0.0000; 0.0000; 0.0000
0.0000; 0.0000; 0.0000; 0.8056; 0.1944; 0.0000; 0.0000; 0.0000; 0.0000
0.0794; 0.1667; 0.0079; 0.0317; 0.0714; 0.3810; 0.0952; 0.1667; 0.0000
0.0000; 0.2500; 0.0000; 0.0000; 0.0000; 0.0000; 0.7500; 0.0000; 0.0000
0.0750; 0.0833; 0.0083; 0.0000; 0.0083; 0.3583; 0.0250; 0.4417; 0.0000
Bootstrap 21
Run TT with 191 training and 96 tests
Run CD with 309 training and 155 tests
Run FKW with 117 training and 59 tests
Run KW with 160 training and 80 tests
Run LPLT with 70 training and 36 tests
Run RD with 250 training and 126 tests
Run WBD with 7 training and 4 tests
Run WSD with 239 training and 120 tests
Confusion Matrix 22.0
0.3438; 0.2813; 0.0313; 0.0000; 0.0000; 0.1667; 0.1563; 0.0208; 0.0000
0.0710; 0.4516; 0.0065; 0.0000; 0.0000; 0.2258; 0.1935; 0.0516; 0.0000
0.0000; 0.0169; 0.8983; 0.0339; 0.0508; 0.0000; 0.0000; 0.0000; 0.0000
0.0000; 0.0000; 0.0500; 0.7250; 0.2000; 0.0000; 0.0250; 0.0000; 0.0000
0.0000; 0.0000; 0.0000; 0.5556; 0.4444; 0.0000; 0.0000; 0.0000; 0.0000
0.0873; 0.1746; 0.0000; 0.0000; 0.0079; 0.4444; 0.0714; 0.2143; 0.0000
0.0000; 0.2500; 0.0000; 0.0000; 0.0000; 0.0000; 0.7500; 0.0000; 0.0000
0.0583; 0.1083; 0.0167; 0.0000; 0.0000; 0.3083; 0.0167; 0.4917; 0.0000
Bootstrap 22
Run TT with 191 training and 96 tests
Run CD with 309 training and 155 tests
Run FKW with 117 training and 59 tests
Run KW with 160 training and 80 tests
Run LPLT with 70 training and 36 tests
Run RD with 250 training and 126 tests
Run WBD with 7 training and 4 tests
Run WSD with 239 training and 120 tests
Confusion Matrix 23.0
0.3438; 0.2813; 0.0625; 0.0000; 0.0000; 0.0938; 0.1458; 0.0729; 0.0000
0.0645; 0.4387; 0.0129; 0.0000; 0.0000; 0.2839; 0.1290; 0.0710; 0.0000
0.0000; 0.0169; 0.8814; 0.0339; 0.0678; 0.0000; 0.0000; 0.0000; 0.0000
0.0000; 0.0000; 0.1500; 0.6250; 0.2250; 0.0000; 0.0000; 0.0000; 0.0000
0.0000; 0.0000; 0.0278; 0.0833; 0.8611; 0.0000; 0.0278; 0.0000; 0.0000
0.0079; 0.0159; 0.0079; 0.0000; 0.0476; 0.6032; 0.0079; 0.3095; 0.0000
0.0000; 0.5000; 0.0000; 0.0000; 0.0000; 0.0000; 0.5000; 0.0000; 0.0000
0.0917; 0.0667; 0.0000; 0.0083; 0.0000; 0.2917; 0.0250; 0.5167; 0.0000
Bootstrap 23
Run TT with 191 training and 96 tests
Run CD with 309 training and 155 tests
Run FKW with 117 training and 59 tests
Run KW with 160 training and 80 tests
Run LPLT with 70 training and 36 tests
Run RD with 250 training and 126 tests
Run WBD with 7 training and 4 tests
Run WSD with 239 training and 120 tests
Confusion Matrix 24.0
0.8438; 0.0313; 0.0104; 0.0000; 0.0000; 0.0521; 0.0000; 0.0625; 0.0000
0.1032; 0.4452; 0.0000; 0.0000; 0.0000; 0.2129; 0.2194; 0.0194; 0.0000
0.0339; 0.0508; 0.8983; 0.0169; 0.0000; 0.0000; 0.0000; 0.0000; 0.0000
0.0000; 0.0000; 0.0500; 0.5125; 0.4125; 0.0000; 0.0250; 0.0000; 0.0000
0.0000; 0.0000; 0.0556; 0.0833; 0.8056; 0.0000; 0.0556; 0.0000; 0.0000
0.0079; 0.0476; 0.0000; 0.0000; 0.0000; 0.5873; 0.0000; 0.3571; 0.0000
0.0000; 0.7500; 0.0000; 0.0000; 0.0000; 0.2500; 0.0000; 0.0000; 0.0000
0.0917; 0.0583; 0.0000; 0.0000; 0.0000; 0.2333; 0.0167; 0.6000; 0.0000
Bootstrap 24
Run TT with 191 training and 96 tests
Run CD with 309 training and 155 tests
Run FKW with 117 training and 59 tests
Run KW with 160 training and 80 tests
Run LPLT with 70 training and 36 tests
Run RD with 250 training and 126 tests
Run WBD with 7 training and 4 tests
Run WSD with 239 training and 120 tests
Confusion Matrix 25.0
0.3542; 0.2500; 0.0313; 0.0000; 0.0104; 0.1667; 0.1354; 0.0521; 0.0000
0.0387; 0.4903; 0.0065; 0.0000; 0.0000; 0.2323; 0.2000; 0.0323; 0.0000
0.0000; 0.0000; 0.9661; 0.0169; 0.0169; 0.0000; 0.0000; 0.0000; 0.0000
0.0000; 0.0000; 0.0250; 0.8625; 0.1125; 0.0000; 0.0000; 0.0000; 0.0000
0.0000; 0.0000; 0.0278; 0.3611; 0.6111; 0.0000; 0.0000; 0.0000; 0.0000
0.0000; 0.0159; 0.0000; 0.0000; 0.0000; 0.6825; 0.0000; 0.3016; 0.0000
0.0000; 0.2500; 0.0000; 0.0000; 0.0000; 0.2500; 0.5000; 0.0000; 0.0000
0.0417; 0.1000; 0.0083; 0.0000; 0.0000; 0.2583; 0.0333; 0.5583; 0.0000
Bootstrap 25
Run TT with 191 training and 96 tests
Run CD with 309 training and 155 tests
Run FKW with 117 training and 59 tests
Run KW with 160 training and 80 tests
Run LPLT with 70 training and 36 tests
Run RD with 250 training and 126 tests
Run WBD with 7 training and 4 tests
Run WSD with 239 training and 120 tests
Confusion Matrix 26.0
0.4375; 0.2500; 0.0313; 0.0000; 0.0000; 0.0938; 0.0938; 0.0938; 0.0000
0.0387; 0.5161; 0.0000; 0.0000; 0.0000; 0.2065; 0.1806; 0.0581; 0.0000
0.0000; 0.0000; 0.9661; 0.0000; 0.0169; 0.0000; 0.0169; 0.0000; 0.0000
0.0000; 0.0000; 0.0875; 0.6000; 0.3000; 0.0000; 0.0125; 0.0000; 0.0000
0.0278; 0.0000; 0.1111; 0.1389; 0.6944; 0.0000; 0.0278; 0.0000; 0.0000
0.0000; 0.1111; 0.0000; 0.0000; 0.0000; 0.4841; 0.0556; 0.3492; 0.0000
0.0000; 0.2500; 0.2500; 0.0000; 0.0000; 0.0000; 0.5000; 0.0000; 0.0000
0.0833; 0.0917; 0.0083; 0.0000; 0.0000; 0.2667; 0.0333; 0.5167; 0.0000
Bootstrap 26
Run TT with 191 training and 96 tests
Run CD with 309 training and 155 tests
Run FKW with 117 training and 59 tests
Run KW with 160 training and 80 tests
Run LPLT with 70 training and 36 tests
Run RD with 250 training and 126 tests
Run WBD with 7 training and 4 tests
Run WSD with 239 training and 120 tests
Confusion Matrix 27.0
0.4375; 0.3125; 0.0313; 0.0000; 0.0208; 0.0625; 0.0417; 0.0938; 0.0000
0.1097; 0.4194; 0.0129; 0.0000; 0.0000; 0.2258; 0.1032; 0.1290; 0.0000
0.0000; 0.0000; 0.9492; 0.0169; 0.0339; 0.0000; 0.0000; 0.0000; 0.0000
0.0000; 0.0000; 0.0125; 0.8625; 0.1250; 0.0000; 0.0000; 0.0000; 0.0000
0.0000; 0.0000; 0.0000; 0.5833; 0.4167; 0.0000; 0.0000; 0.0000; 0.0000
0.0000; 0.1111; 0.0000; 0.0000; 0.0000; 0.5000; 0.0476; 0.3413; 0.0000
0.0000; 0.5000; 0.0000; 0.0000; 0.0000; 0.0000; 0.5000; 0.0000; 0.0000
0.0583; 0.0500; 0.0000; 0.0000; 0.0000; 0.2750; 0.0500; 0.5667; 0.0000
Bootstrap 27
Run TT with 191 training and 96 tests
Run CD with 309 training and 155 tests
Run FKW with 117 training and 59 tests
Run KW with 160 training and 80 tests
Run LPLT with 70 training and 36 tests
Run RD with 250 training and 126 tests
Run WBD with 7 training and 4 tests
Run WSD with 239 training and 120 tests
Confusion Matrix 28.0
0.4375; 0.2604; 0.0208; 0.0000; 0.0313; 0.0417; 0.1354; 0.0729; 0.0000
0.0452; 0.4710; 0.0065; 0.0000; 0.0000; 0.1097; 0.2968; 0.0710; 0.0000
0.0000; 0.0000; 0.8814; 0.0000; 0.0847; 0.0000; 0.0169; 0.0169; 0.0000
0.0000; 0.0000; 0.0250; 0.7125; 0.2500; 0.0000; 0.0125; 0.0000; 0.0000
0.0000; 0.0000; 0.0000; 0.5000; 0.5000; 0.0000; 0.0000; 0.0000; 0.0000
0.0556; 0.2063; 0.0000; 0.0000; 0.0079; 0.4048; 0.0794; 0.2460; 0.0000
0.0000; 0.0000; 0.0000; 0.0000; 0.0000; 0.0000; 1.0000; 0.0000; 0.0000
0.0250; 0.1000; 0.0000; 0.0000; 0.0000; 0.2583; 0.0333; 0.5833; 0.0000
Bootstrap 28
Run TT with 191 training and 96 tests
Run CD with 309 training and 155 tests
Run FKW with 117 training and 59 tests
Run KW with 160 training and 80 tests
Run LPLT with 70 training and 36 tests
Run RD with 250 training and 126 tests
Run WBD with 7 training and 4 tests
Run WSD with 239 training and 120 tests
Confusion Matrix 29.0
0.7396; 0.0833; 0.0313; 0.0000; 0.0208; 0.0208; 0.0313; 0.0729; 0.0000
0.0903; 0.4452; 0.0000; 0.0000; 0.0000; 0.2452; 0.2129; 0.0065; 0.0000
0.0339; 0.0169; 0.9322; 0.0000; 0.0169; 0.0000; 0.0000; 0.0000; 0.0000
0.0000; 0.0000; 0.0375; 0.7375; 0.2250; 0.0000; 0.0000; 0.0000; 0.0000
0.0278; 0.0000; 0.0278; 0.1389; 0.7500; 0.0000; 0.0556; 0.0000; 0.0000
0.0159; 0.0238; 0.0000; 0.0000; 0.0000; 0.5635; 0.0000; 0.3968; 0.0000
0.0000; 0.7500; 0.0000; 0.0000; 0.0000; 0.2500; 0.0000; 0.0000; 0.0000
0.0583; 0.0500; 0.0000; 0.0000; 0.0000; 0.2500; 0.0167; 0.6250; 0.0000
Bootstrap 29
Run TT with 191 training and 96 tests
Run CD with 309 training and 155 tests
Run FKW with 117 training and 59 tests
Run KW with 160 training and 80 tests
Run LPLT with 70 training and 36 tests
Run RD with 250 training and 126 tests
Run WBD with 7 training and 4 tests
Run WSD with 239 training and 120 tests
Confusion Matrix 30.0
0.7917; 0.0625; 0.0104; 0.0000; 0.0104; 0.0417; 0.0313; 0.0521; 0.0000
0.0774; 0.3677; 0.0000; 0.0000; 0.0000; 0.1161; 0.4258; 0.0129; 0.0000
0.0000; 0.0169; 0.8644; 0.0169; 0.0678; 0.0000; 0.0339; 0.0000; 0.0000
0.0000; 0.0000; 0.0000; 0.8875; 0.0875; 0.0000; 0.0250; 0.0000; 0.0000
0.0000; 0.0000; 0.0278; 0.5556; 0.4167; 0.0000; 0.0000; 0.0000; 0.0000
0.0159; 0.0556; 0.0000; 0.0000; 0.0000; 0.7063; 0.0000; 0.2222; 0.0000
0.0000; 0.0000; 0.0000; 0.0000; 0.0000; 0.0000; 1.0000; 0.0000; 0.0000
0.0833; 0.0417; 0.0000; 0.0083; 0.0000; 0.3083; 0.0250; 0.5333; 0.0000
Mean confusion
0.5719; 0.1785; 0.0347; 0.0000; 0.0108; 0.0587; 0.0819; 0.0635; 0.0000
0.0701; 0.4690; 0.0037; 0.0000; 0.0000; 0.1843; 0.2178; 0.0551; 0.0000
0.0040; 0.0198; 0.9102; 0.0124; 0.0395; 0.0011; 0.0119; 0.0011; 0.0000
0.0000; 0.0000; 0.0412; 0.7229; 0.2254; 0.0000; 0.0104; 0.0000; 0.0000
0.0046; 0.0000; 0.0287; 0.3000; 0.6519; 0.0000; 0.0148; 0.0000; 0.0000
0.0283; 0.0844; 0.0069; 0.0037; 0.0228; 0.5693; 0.0288; 0.2558; 0.0000
0.0000; 0.3583; 0.0250; 0.0000; 0.0000; 0.0833; 0.5333; 0.0000; 0.0000
0.0747; 0.0725; 0.0039; 0.0006; 0.0017; 0.2864; 0.0272; 0.5331; 0.0000
STD Confusion
0.2057; 0.1204; 0.0190; 0.0000; 0.0121; 0.0422; 0.0526; 0.0245; 0.0000
0.0257; 0.0670; 0.0040; 0.0000; 0.0000; 0.0799; 0.0831; 0.0364; 0.0000
0.0106; 0.0232; 0.0351; 0.0172; 0.0313; 0.0043; 0.0167; 0.0043; 0.0000
0.0000; 0.0000; 0.0301; 0.1212; 0.1025; 0.0000; 0.0104; 0.0000; 0.0000
0.0105; 0.0000; 0.0338; 0.2073; 0.1726; 0.0000; 0.0216; 0.0000; 0.0000
0.0385; 0.0687; 0.0135; 0.0088; 0.0350; 0.1304; 0.0378; 0.0867; 0.0000
0.0000; 0.2761; 0.0763; 0.0000; 0.0000; 0.1199; 0.3198; 0.0000; 0.0000
0.0194; 0.0230; 0.0057; 0.0021; 0.0046; 0.0370; 0.0111; 0.0465; 0.0000
Lower 95% CI
0.3333; 0.0104; 0.0000; 0.0000; 0.0000; 0.0000; 0.0000; 0.0208; 0.0000
0.0323; 0.3419; 0.0000; 0.0000; 0.0000; 0.0452; 0.0903; 0.0065; 0.0000
0.0000; 0.0000; 0.8475; 0.0000; 0.0000; 0.0000; 0.0000; 0.0000; 0.0000
0.0000; 0.0000; 0.0000; 0.5000; 0.0750; 0.0000; 0.0000; 0.0000; 0.0000
0.0000; 0.0000; 0.0000; 0.0000; 0.1944; 0.0000; 0.0000; 0.0000; 0.0000
0.0000; 0.0079; 0.0000; 0.0000; 0.0000; 0.3492; 0.0000; 0.1032; 0.0000
0.0000; 0.0000; 0.0000; 0.0000; 0.0000; 0.0000; 0.0000; 0.0000; 0.0000
0.0250; 0.0250; 0.0000; 0.0000; 0.0000; 0.2083; 0.0000; 0.4167; 0.0000
Upper 95% CI
0.8854; 0.3646; 0.0729; 0.0000; 0.0521; 0.1667; 0.1563; 0.1146; 0.0000
0.1161; 0.6065; 0.0129; 0.0000; 0.0000; 0.3355; 0.4258; 0.1290; 0.0000
0.0339; 0.0847; 0.9661; 0.0508; 0.1356; 0.0169; 0.0508; 0.0169; 0.0000
0.0000; 0.0000; 0.1500; 0.8875; 0.4375; 0.0000; 0.0250; 0.0000; 0.0000
0.0278; 0.0000; 0.1111; 0.8056; 0.8611; 0.0000; 0.0556; 0.0000; 0.0000
0.1032; 0.2063; 0.0476; 0.0317; 0.0873; 0.7619; 0.1032; 0.3968; 0.0000
0.0000; 1.0000; 0.2500; 0.0000; 0.0000; 0.2500; 1.0000; 0.0000; 0.0000
0.1167; 0.1083; 0.0167; 0.0083; 0.0167; 0.3583; 0.0500; 0.6250; 0.0000
Run TT with 287 training and 0 tests
Run CD with 464 training and 0 tests
Run FKW with 176 training and 0 tests
Run KW with 240 training and 0 tests
Run LPLT with 106 training and 0 tests
Run RD with 376 training and 0 tests
Run WBD with 11 training and 0 tests
Run WSD with 359 training and 0 tests