Total Bootstraps 30
Num Species 8
FragmentLength 22; Section Length 30
TT; CD; FKW; KW; LPLT; RD; WBD; WSD
Bootstrap 0
Run TT with 272 training and 137 tests
Run CD with 444 training and 222 tests
Run FKW with 174 training and 87 tests
Run KW with 226 training and 113 tests
Run LPLT with 99 training and 50 tests
Run RD with 353 training and 177 tests
Run WBD with 11 training and 6 tests
Run WSD with 337 training and 169 tests
Confusion Matrix 1.0
0.3285; 0.2555; 0.0803; 0.0000; 0.0000; 0.1168; 0.1241; 0.0949; 0.0000
0.0270; 0.3739; 0.0090; 0.0000; 0.0000; 0.1577; 0.4189; 0.0135; 0.0000
0.0000; 0.0000; 0.9195; 0.0345; 0.0345; 0.0000; 0.0115; 0.0000; 0.0000
0.0000; 0.0000; 0.0354; 0.7611; 0.1770; 0.0000; 0.0265; 0.0000; 0.0000
0.0200; 0.0000; 0.0400; 0.1600; 0.7400; 0.0000; 0.0400; 0.0000; 0.0000
0.0056; 0.0508; 0.0000; 0.0000; 0.0000; 0.5876; 0.0056; 0.3503; 0.0000
0.0000; 0.1667; 0.0000; 0.0000; 0.0000; 0.0000; 0.8333; 0.0000; 0.0000
0.1124; 0.0769; 0.0059; 0.0059; 0.0118; 0.2485; 0.0237; 0.5148; 0.0000
Bootstrap 1
Run TT with 272 training and 137 tests
Run CD with 444 training and 222 tests
Run FKW with 174 training and 87 tests
Run KW with 226 training and 113 tests
Run LPLT with 99 training and 50 tests
Run RD with 353 training and 177 tests
Run WBD with 11 training and 6 tests
Run WSD with 337 training and 169 tests
Confusion Matrix 2.0
0.4234; 0.1825; 0.0511; 0.0146; 0.0073; 0.0584; 0.1095; 0.1533; 0.0000
0.1036; 0.4820; 0.0180; 0.0000; 0.0000; 0.2207; 0.1216; 0.0541; 0.0000
0.0000; 0.0115; 0.8506; 0.0345; 0.0920; 0.0115; 0.0000; 0.0000; 0.0000
0.0000; 0.0000; 0.0531; 0.7168; 0.2212; 0.0000; 0.0088; 0.0000; 0.0000
0.0400; 0.0000; 0.0800; 0.1600; 0.6800; 0.0000; 0.0400; 0.0000; 0.0000
0.1130; 0.1525; 0.0282; 0.0113; 0.0565; 0.3955; 0.0734; 0.1695; 0.0000
0.0000; 0.3333; 0.0000; 0.0000; 0.0000; 0.1667; 0.5000; 0.0000; 0.0000
0.0947; 0.0533; 0.0118; 0.0000; 0.0000; 0.4260; 0.0592; 0.3550; 0.0000
Bootstrap 2
Run TT with 272 training and 137 tests
Run CD with 444 training and 222 tests
Run FKW with 174 training and 87 tests
Run KW with 226 training and 113 tests
Run LPLT with 99 training and 50 tests
Run RD with 353 training and 177 tests
Run WBD with 11 training and 6 tests
Run WSD with 337 training and 169 tests
Confusion Matrix 3.0
0.7226; 0.0876; 0.0219; 0.0000; 0.0146; 0.0219; 0.0219; 0.1095; 0.0000
0.1396; 0.3288; 0.0180; 0.0000; 0.0045; 0.2207; 0.1982; 0.0901; 0.0000
0.0230; 0.0345; 0.8276; 0.0690; 0.0345; 0.0000; 0.0115; 0.0000; 0.0000
0.0000; 0.0000; 0.0354; 0.6991; 0.2655; 0.0000; 0.0000; 0.0000; 0.0000
0.0000; 0.0000; 0.0200; 0.1400; 0.8400; 0.0000; 0.0000; 0.0000; 0.0000
0.0169; 0.0621; 0.0000; 0.0000; 0.0000; 0.6102; 0.0282; 0.2825; 0.0000
0.0000; 0.0000; 0.0000; 0.0000; 0.0000; 0.0000; 1.0000; 0.0000; 0.0000
0.1243; 0.0769; 0.0059; 0.0000; 0.0118; 0.2604; 0.0533; 0.4675; 0.0000
Bootstrap 3
Run TT with 272 training and 137 tests
Run CD with 444 training and 222 tests
Run FKW with 174 training and 87 tests
Run KW with 226 training and 113 tests
Run LPLT with 99 training and 50 tests
Run RD with 353 training and 177 tests
Run WBD with 11 training and 6 tests
Run WSD with 337 training and 169 tests
Confusion Matrix 4.0
0.3650; 0.2409; 0.0584; 0.0000; 0.0146; 0.1387; 0.0876; 0.0949; 0.0000
0.1081; 0.3739; 0.0135; 0.0000; 0.0045; 0.2973; 0.1036; 0.0991; 0.0000
0.0000; 0.0345; 0.9310; 0.0115; 0.0230; 0.0000; 0.0000; 0.0000; 0.0000
0.0000; 0.0000; 0.0177; 0.7080; 0.2478; 0.0000; 0.0265; 0.0000; 0.0000
0.0000; 0.0000; 0.0000; 0.6000; 0.4000; 0.0000; 0.0000; 0.0000; 0.0000
0.0056; 0.0113; 0.0000; 0.0000; 0.0000; 0.6441; 0.0056; 0.3333; 0.0000
0.0000; 0.5000; 0.0000; 0.0000; 0.0000; 0.0000; 0.5000; 0.0000; 0.0000
0.1183; 0.0533; 0.0000; 0.0059; 0.0178; 0.3077; 0.0355; 0.4615; 0.0000
Bootstrap 4
Run TT with 272 training and 137 tests
Run CD with 444 training and 222 tests
Run FKW with 174 training and 87 tests
Run KW with 226 training and 113 tests
Run LPLT with 99 training and 50 tests
Run RD with 353 training and 177 tests
Run WBD with 11 training and 6 tests
Run WSD with 337 training and 169 tests
Confusion Matrix 5.0
0.4672; 0.2409; 0.0511; 0.0000; 0.0146; 0.0730; 0.0584; 0.0949; 0.0000
0.0495; 0.3604; 0.0045; 0.0000; 0.0045; 0.0901; 0.3964; 0.0946; 0.0000
0.0000; 0.0000; 0.8851; 0.0345; 0.0345; 0.0115; 0.0230; 0.0115; 0.0000
0.0000; 0.0000; 0.0442; 0.7257; 0.2212; 0.0000; 0.0088; 0.0000; 0.0000
0.0200; 0.0000; 0.1000; 0.1200; 0.7200; 0.0000; 0.0400; 0.0000; 0.0000
0.0960; 0.1808; 0.0226; 0.0169; 0.0282; 0.3616; 0.0678; 0.2260; 0.0000
0.0000; 0.1667; 0.0000; 0.0000; 0.0000; 0.0000; 0.8333; 0.0000; 0.0000
0.0947; 0.0947; 0.0000; 0.0000; 0.0000; 0.3728; 0.0473; 0.3905; 0.0000
Bootstrap 5
Run TT with 272 training and 137 tests
Run CD with 444 training and 222 tests
Run FKW with 174 training and 87 tests
Run KW with 226 training and 113 tests
Run LPLT with 99 training and 50 tests
Run RD with 353 training and 177 tests
Run WBD with 11 training and 6 tests
Run WSD with 337 training and 169 tests
Confusion Matrix 6.0
0.3942; 0.1971; 0.0657; 0.0000; 0.0219; 0.0949; 0.0803; 0.1460; 0.0000
0.0360; 0.3559; 0.0045; 0.0000; 0.0000; 0.1757; 0.4189; 0.0090; 0.0000
0.0115; 0.0000; 0.9080; 0.0230; 0.0345; 0.0000; 0.0230; 0.0000; 0.0000
0.0000; 0.0000; 0.0354; 0.7611; 0.2035; 0.0000; 0.0000; 0.0000; 0.0000
0.0200; 0.0000; 0.0000; 0.2000; 0.7600; 0.0000; 0.0200; 0.0000; 0.0000
0.0000; 0.0452; 0.0000; 0.0000; 0.0000; 0.6497; 0.0056; 0.2994; 0.0000
0.0000; 0.1667; 0.0000; 0.0000; 0.0000; 0.0000; 0.8333; 0.0000; 0.0000
0.1006; 0.0888; 0.0178; 0.0000; 0.0000; 0.2781; 0.0533; 0.4615; 0.0000
Bootstrap 6
Run TT with 272 training and 137 tests
Run CD with 444 training and 222 tests
Run FKW with 174 training and 87 tests
Run KW with 226 training and 113 tests
Run LPLT with 99 training and 50 tests
Run RD with 353 training and 177 tests
Run WBD with 11 training and 6 tests
Run WSD with 337 training and 169 tests
Confusion Matrix 7.0
0.5255; 0.1971; 0.0219; 0.0000; 0.0000; 0.1095; 0.0511; 0.0949; 0.0000
0.0811; 0.4099; 0.0090; 0.0000; 0.0045; 0.2793; 0.1261; 0.0901; 0.0000
0.0000; 0.0000; 0.9195; 0.0115; 0.0460; 0.0000; 0.0230; 0.0000; 0.0000
0.0000; 0.0000; 0.1327; 0.6195; 0.2124; 0.0000; 0.0354; 0.0000; 0.0000
0.0000; 0.0000; 0.0000; 0.4200; 0.5800; 0.0000; 0.0000; 0.0000; 0.0000
0.0452; 0.1356; 0.0000; 0.0000; 0.0000; 0.4633; 0.0508; 0.3051; 0.0000
0.0000; 0.3333; 0.0000; 0.0000; 0.0000; 0.0000; 0.6667; 0.0000; 0.0000
0.1124; 0.0533; 0.0000; 0.0000; 0.0118; 0.3373; 0.0651; 0.4201; 0.0000
Bootstrap 7
Run TT with 272 training and 137 tests
Run CD with 444 training and 222 tests
Run FKW with 174 training and 87 tests
Run KW with 226 training and 113 tests
Run LPLT with 99 training and 50 tests
Run RD with 353 training and 177 tests
Run WBD with 11 training and 6 tests
Run WSD with 337 training and 169 tests
Confusion Matrix 8.0
0.3139; 0.2774; 0.0584; 0.0000; 0.0146; 0.1314; 0.1022; 0.1022; 0.0000
0.0495; 0.3333; 0.0135; 0.0000; 0.0045; 0.1486; 0.3333; 0.1171; 0.0000
0.0000; 0.0115; 0.8276; 0.0460; 0.1034; 0.0000; 0.0115; 0.0000; 0.0000
0.0000; 0.0000; 0.0354; 0.8142; 0.1504; 0.0000; 0.0000; 0.0000; 0.0000
0.0000; 0.0000; 0.0000; 0.5200; 0.4800; 0.0000; 0.0000; 0.0000; 0.0000
0.0056; 0.1695; 0.0000; 0.0000; 0.0000; 0.3955; 0.0282; 0.4011; 0.0000
0.0000; 0.0000; 0.0000; 0.0000; 0.0000; 0.0000; 1.0000; 0.0000; 0.0000
0.0947; 0.0947; 0.0059; 0.0000; 0.0000; 0.2189; 0.0888; 0.4970; 0.0000
Bootstrap 8
Run TT with 272 training and 137 tests
Run CD with 444 training and 222 tests
Run FKW with 174 training and 87 tests
Run KW with 226 training and 113 tests
Run LPLT with 99 training and 50 tests
Run RD with 353 training and 177 tests
Run WBD with 11 training and 6 tests
Run WSD with 337 training and 169 tests
Confusion Matrix 9.0
0.4307; 0.1606; 0.0876; 0.0000; 0.0073; 0.0292; 0.1095; 0.1752; 0.0000
0.0946; 0.4550; 0.0045; 0.0000; 0.0045; 0.0856; 0.2297; 0.1261; 0.0000
0.0000; 0.0115; 0.8966; 0.0230; 0.0575; 0.0000; 0.0115; 0.0000; 0.0000
0.0000; 0.0000; 0.0442; 0.5487; 0.3805; 0.0000; 0.0265; 0.0000; 0.0000
0.0200; 0.0000; 0.0600; 0.1600; 0.7200; 0.0000; 0.0400; 0.0000; 0.0000
0.0960; 0.1356; 0.0339; 0.0113; 0.0678; 0.3955; 0.0791; 0.1808; 0.0000
0.0000; 0.5000; 0.0000; 0.0000; 0.0000; 0.1667; 0.3333; 0.0000; 0.0000
0.0947; 0.0651; 0.0059; 0.0000; 0.0237; 0.3609; 0.0296; 0.4201; 0.0000
Bootstrap 9
Run TT with 272 training and 137 tests
Run CD with 444 training and 222 tests
Run FKW with 174 training and 87 tests
Run KW with 226 training and 113 tests
Run LPLT with 99 training and 50 tests
Run RD with 353 training and 177 tests
Run WBD with 11 training and 6 tests
Run WSD with 337 training and 169 tests
Confusion Matrix 10.0
0.4088; 0.2482; 0.0438; 0.0146; 0.0073; 0.0584; 0.1095; 0.1095; 0.0000
0.0270; 0.5135; 0.0045; 0.0045; 0.0000; 0.1126; 0.2252; 0.1126; 0.0000
0.0000; 0.0345; 0.8851; 0.0115; 0.0460; 0.0000; 0.0230; 0.0000; 0.0000
0.0000; 0.0000; 0.0619; 0.7168; 0.2035; 0.0000; 0.0177; 0.0000; 0.0000
0.0000; 0.0000; 0.0000; 0.5000; 0.5000; 0.0000; 0.0000; 0.0000; 0.0000
0.1130; 0.1808; 0.0056; 0.0113; 0.0565; 0.3672; 0.0847; 0.1808; 0.0000
0.0000; 0.5000; 0.0000; 0.0000; 0.0000; 0.0000; 0.3333; 0.1667; 0.0000
0.0651; 0.1006; 0.0059; 0.0000; 0.0000; 0.3728; 0.0414; 0.4142; 0.0000
Bootstrap 10
Run TT with 272 training and 137 tests
Run CD with 444 training and 222 tests
Run FKW with 174 training and 87 tests
Run KW with 226 training and 113 tests
Run LPLT with 99 training and 50 tests
Run RD with 353 training and 177 tests
Run WBD with 11 training and 6 tests
Run WSD with 337 training and 169 tests
Confusion Matrix 11.0
0.3869; 0.2701; 0.0584; 0.0073; 0.0073; 0.0584; 0.0949; 0.1168; 0.0000
0.0450; 0.4820; 0.0090; 0.0000; 0.0045; 0.1622; 0.2297; 0.0676; 0.0000
0.0000; 0.0115; 0.9540; 0.0230; 0.0115; 0.0000; 0.0000; 0.0000; 0.0000
0.0000; 0.0000; 0.0354; 0.6637; 0.2566; 0.0000; 0.0442; 0.0000; 0.0000
0.0400; 0.0000; 0.0600; 0.1200; 0.7000; 0.0000; 0.0800; 0.0000; 0.0000
0.0113; 0.1243; 0.0000; 0.0000; 0.0000; 0.4689; 0.0056; 0.3898; 0.0000
0.0000; 0.6667; 0.0000; 0.0000; 0.0000; 0.0000; 0.1667; 0.1667; 0.0000
0.0769; 0.1183; 0.0118; 0.0000; 0.0000; 0.2840; 0.0237; 0.4852; 0.0000
Bootstrap 11
Run TT with 272 training and 137 tests
Run CD with 444 training and 222 tests
Run FKW with 174 training and 87 tests
Run KW with 226 training and 113 tests
Run LPLT with 99 training and 50 tests
Run RD with 353 training and 177 tests
Run WBD with 11 training and 6 tests
Run WSD with 337 training and 169 tests
Confusion Matrix 12.0
0.3650; 0.2336; 0.0584; 0.0000; 0.0146; 0.1241; 0.1168; 0.0876; 0.0000
0.0360; 0.4189; 0.0045; 0.0000; 0.0045; 0.1306; 0.3604; 0.0450; 0.0000
0.0000; 0.0000; 0.9080; 0.0460; 0.0345; 0.0115; 0.0000; 0.0000; 0.0000
0.0000; 0.0000; 0.0177; 0.7611; 0.2035; 0.0000; 0.0177; 0.0000; 0.0000
0.0000; 0.0000; 0.0000; 0.3400; 0.6600; 0.0000; 0.0000; 0.0000; 0.0000
0.0169; 0.1582; 0.0000; 0.0000; 0.0000; 0.4350; 0.0621; 0.3277; 0.0000
0.0000; 0.1667; 0.1667; 0.0000; 0.0000; 0.0000; 0.6667; 0.0000; 0.0000
0.1243; 0.1065; 0.0118; 0.0000; 0.0000; 0.2426; 0.0769; 0.4379; 0.0000
Bootstrap 12
Run TT with 272 training and 137 tests
Run CD with 444 training and 222 tests
Run FKW with 174 training and 87 tests
Run KW with 226 training and 113 tests
Run LPLT with 99 training and 50 tests
Run RD with 353 training and 177 tests
Run WBD with 11 training and 6 tests
Run WSD with 337 training and 169 tests
Confusion Matrix 13.0
0.4891; 0.1606; 0.0292; 0.0073; 0.0219; 0.0657; 0.0584; 0.1679; 0.0000
0.0991; 0.4459; 0.0225; 0.0000; 0.0000; 0.2793; 0.0811; 0.0721; 0.0000
0.0115; 0.0000; 0.7356; 0.0575; 0.1379; 0.0345; 0.0230; 0.0000; 0.0000
0.0000; 0.0000; 0.0442; 0.8584; 0.0885; 0.0000; 0.0088; 0.0000; 0.0000
0.0000; 0.0000; 0.0000; 0.7600; 0.2400; 0.0000; 0.0000; 0.0000; 0.0000
0.0226; 0.1299; 0.0000; 0.0000; 0.0000; 0.5141; 0.0056; 0.3277; 0.0000
0.0000; 0.6667; 0.0000; 0.0000; 0.0000; 0.1667; 0.1667; 0.0000; 0.0000
0.0769; 0.0651; 0.0059; 0.0059; 0.0118; 0.3018; 0.0296; 0.5030; 0.0000
Bootstrap 13
Run TT with 272 training and 137 tests
Run CD with 444 training and 222 tests
Run FKW with 174 training and 87 tests
Run KW with 226 training and 113 tests
Run LPLT with 99 training and 50 tests
Run RD with 353 training and 177 tests
Run WBD with 11 training and 6 tests
Run WSD with 337 training and 169 tests
Confusion Matrix 14.0
0.5912; 0.2044; 0.0219; 0.0000; 0.0146; 0.0511; 0.0511; 0.0657; 0.0000
0.1351; 0.4189; 0.0135; 0.0000; 0.0000; 0.2477; 0.0766; 0.1081; 0.0000
0.0000; 0.0230; 0.8621; 0.0230; 0.0920; 0.0000; 0.0000; 0.0000; 0.0000
0.0000; 0.0000; 0.1062; 0.6018; 0.2566; 0.0000; 0.0354; 0.0000; 0.0000
0.0000; 0.0000; 0.0200; 0.2400; 0.7200; 0.0000; 0.0200; 0.0000; 0.0000
0.0113; 0.0395; 0.0000; 0.0000; 0.0000; 0.6215; 0.0056; 0.3220; 0.0000
0.0000; 0.6667; 0.0000; 0.0000; 0.0000; 0.1667; 0.1667; 0.0000; 0.0000
0.1006; 0.0710; 0.0118; 0.0000; 0.0000; 0.2604; 0.0769; 0.4793; 0.0000
Bootstrap 14
Run TT with 272 training and 137 tests
Run CD with 444 training and 222 tests
Run FKW with 174 training and 87 tests
Run KW with 226 training and 113 tests
Run LPLT with 99 training and 50 tests
Run RD with 353 training and 177 tests
Run WBD with 11 training and 6 tests
Run WSD with 337 training and 169 tests
Confusion Matrix 15.0
0.3139; 0.2774; 0.0876; 0.0000; 0.0000; 0.0949; 0.0876; 0.1387; 0.0000
0.0766; 0.4595; 0.0180; 0.0000; 0.0045; 0.2387; 0.1081; 0.0946; 0.0000
0.0000; 0.0000; 0.9080; 0.0115; 0.0575; 0.0115; 0.0115; 0.0000; 0.0000
0.0000; 0.0000; 0.0442; 0.7257; 0.2124; 0.0000; 0.0177; 0.0000; 0.0000
0.0000; 0.0000; 0.0400; 0.3200; 0.6400; 0.0000; 0.0000; 0.0000; 0.0000
0.1017; 0.1412; 0.0282; 0.0169; 0.0621; 0.4181; 0.0791; 0.1525; 0.0000
0.0000; 0.3333; 0.0000; 0.0000; 0.0000; 0.0000; 0.5000; 0.1667; 0.0000
0.1065; 0.0888; 0.0059; 0.0000; 0.0059; 0.3077; 0.0414; 0.4438; 0.0000
Bootstrap 15
Run TT with 272 training and 137 tests
Run CD with 444 training and 222 tests
Run FKW with 174 training and 87 tests
Run KW with 226 training and 113 tests
Run LPLT with 99 training and 50 tests
Run RD with 353 training and 177 tests
Run WBD with 11 training and 6 tests
Run WSD with 337 training and 169 tests
Confusion Matrix 16.0
0.7956; 0.0803; 0.0219; 0.0000; 0.0146; 0.0146; 0.0000; 0.0730; 0.0000
0.0901; 0.2928; 0.0135; 0.0000; 0.0000; 0.1351; 0.4459; 0.0225; 0.0000
0.0000; 0.0115; 0.8276; 0.0460; 0.0920; 0.0000; 0.0230; 0.0000; 0.0000
0.0000; 0.0000; 0.0265; 0.8230; 0.1416; 0.0000; 0.0088; 0.0000; 0.0000
0.0000; 0.0000; 0.0000; 0.5000; 0.5000; 0.0000; 0.0000; 0.0000; 0.0000
0.0282; 0.1017; 0.0000; 0.0000; 0.0000; 0.5537; 0.0169; 0.2994; 0.0000
0.0000; 0.1667; 0.0000; 0.0000; 0.0000; 0.1667; 0.6667; 0.0000; 0.0000
0.1420; 0.0592; 0.0059; 0.0118; 0.0059; 0.2840; 0.0473; 0.4438; 0.0000
Bootstrap 16
Run TT with 272 training and 137 tests
Run CD with 444 training and 222 tests
Run FKW with 174 training and 87 tests
Run KW with 226 training and 113 tests
Run LPLT with 99 training and 50 tests
Run RD with 353 training and 177 tests
Run WBD with 11 training and 6 tests
Run WSD with 337 training and 169 tests
Confusion Matrix 17.0
0.3504; 0.2336; 0.0657; 0.0000; 0.0073; 0.1168; 0.1241; 0.1022; 0.0000
0.1216; 0.3739; 0.0135; 0.0000; 0.0000; 0.2613; 0.0991; 0.1306; 0.0000
0.0000; 0.0000; 0.8736; 0.0230; 0.0920; 0.0000; 0.0115; 0.0000; 0.0000
0.0000; 0.0088; 0.1062; 0.5664; 0.2832; 0.0000; 0.0354; 0.0000; 0.0000
0.0200; 0.0000; 0.1000; 0.2400; 0.6400; 0.0000; 0.0000; 0.0000; 0.0000
0.0056; 0.0282; 0.0000; 0.0000; 0.0000; 0.5593; 0.0113; 0.3955; 0.0000
0.0000; 0.3333; 0.0000; 0.0000; 0.0000; 0.0000; 0.6667; 0.0000; 0.0000
0.1065; 0.0414; 0.0178; 0.0000; 0.0000; 0.2781; 0.0592; 0.4970; 0.0000
Bootstrap 17
Run TT with 272 training and 137 tests
Run CD with 444 training and 222 tests
Run FKW with 174 training and 87 tests
Run KW with 226 training and 113 tests
Run LPLT with 99 training and 50 tests
Run RD with 353 training and 177 tests
Run WBD with 11 training and 6 tests
Run WSD with 337 training and 169 tests
Confusion Matrix 18.0
0.8029; 0.0438; 0.0292; 0.0000; 0.0146; 0.0292; 0.0073; 0.0730; 0.0000
0.1261; 0.2973; 0.0090; 0.0000; 0.0000; 0.2027; 0.3378; 0.0270; 0.0000
0.0115; 0.0230; 0.8851; 0.0460; 0.0115; 0.0000; 0.0230; 0.0000; 0.0000
0.0000; 0.0000; 0.0354; 0.8673; 0.0973; 0.0000; 0.0000; 0.0000; 0.0000
0.0000; 0.0000; 0.0400; 0.4800; 0.4800; 0.0000; 0.0000; 0.0000; 0.0000
0.0847; 0.1582; 0.0000; 0.0000; 0.0000; 0.4350; 0.0678; 0.2542; 0.0000
0.0000; 0.0000; 0.0000; 0.0000; 0.0000; 0.0000; 1.0000; 0.0000; 0.0000
0.1183; 0.0769; 0.0059; 0.0000; 0.0000; 0.3432; 0.0414; 0.4142; 0.0000
Bootstrap 18
Run TT with 272 training and 137 tests
Run CD with 444 training and 222 tests
Run FKW with 174 training and 87 tests
Run KW with 226 training and 113 tests
Run LPLT with 99 training and 50 tests
Run RD with 353 training and 177 tests
Run WBD with 11 training and 6 tests
Run WSD with 337 training and 169 tests
Confusion Matrix 19.0
0.3577; 0.2701; 0.0803; 0.0000; 0.0146; 0.0584; 0.1095; 0.1095; 0.0000
0.0721; 0.4234; 0.0045; 0.0045; 0.0000; 0.2928; 0.1036; 0.0991; 0.0000
0.0000; 0.0575; 0.8851; 0.0115; 0.0460; 0.0000; 0.0000; 0.0000; 0.0000
0.0000; 0.0000; 0.0265; 0.7522; 0.2124; 0.0000; 0.0088; 0.0000; 0.0000
0.0000; 0.0000; 0.0400; 0.5800; 0.3800; 0.0000; 0.0000; 0.0000; 0.0000
0.0282; 0.0734; 0.0226; 0.0113; 0.0565; 0.4576; 0.0056; 0.3446; 0.0000
0.0000; 0.3333; 0.0000; 0.0000; 0.0000; 0.0000; 0.5000; 0.1667; 0.0000
0.0947; 0.0533; 0.0000; 0.0000; 0.0000; 0.3077; 0.0355; 0.5089; 0.0000
Bootstrap 19
Run TT with 272 training and 137 tests
Run CD with 444 training and 222 tests
Run FKW with 174 training and 87 tests
Run KW with 226 training and 113 tests
Run LPLT with 99 training and 50 tests
Run RD with 353 training and 177 tests
Run WBD with 11 training and 6 tests
Run WSD with 337 training and 169 tests
Confusion Matrix 20.0
0.3723; 0.2263; 0.0657; 0.0000; 0.0146; 0.0876; 0.1241; 0.1095; 0.0000
0.0541; 0.4820; 0.0135; 0.0000; 0.0000; 0.1216; 0.3108; 0.0180; 0.0000
0.0000; 0.0115; 0.8506; 0.0115; 0.1034; 0.0000; 0.0115; 0.0115; 0.0000
0.0000; 0.0000; 0.0354; 0.7345; 0.2212; 0.0000; 0.0088; 0.0000; 0.0000
0.0200; 0.0000; 0.0200; 0.1600; 0.7800; 0.0000; 0.0200; 0.0000; 0.0000
0.1243; 0.1469; 0.0169; 0.0056; 0.0734; 0.4520; 0.0395; 0.1412; 0.0000
0.0000; 0.0000; 0.0000; 0.0000; 0.0000; 0.0000; 1.0000; 0.0000; 0.0000
0.1183; 0.0651; 0.0000; 0.0000; 0.0178; 0.3314; 0.0710; 0.3964; 0.0000
Bootstrap 20
Run TT with 272 training and 137 tests
Run CD with 444 training and 222 tests
Run FKW with 174 training and 87 tests
Run KW with 226 training and 113 tests
Run LPLT with 99 training and 50 tests
Run RD with 353 training and 177 tests
Run WBD with 11 training and 6 tests
Run WSD with 337 training and 169 tests
Confusion Matrix 21.0
0.3869; 0.2409; 0.0511; 0.0000; 0.0146; 0.0584; 0.1460; 0.1022; 0.0000
0.0586; 0.4685; 0.0045; 0.0000; 0.0000; 0.1667; 0.2883; 0.0135; 0.0000
0.0000; 0.0460; 0.8736; 0.0345; 0.0460; 0.0000; 0.0000; 0.0000; 0.0000
0.0000; 0.0000; 0.0442; 0.6814; 0.2212; 0.0000; 0.0531; 0.0000; 0.0000
0.0000; 0.0000; 0.0000; 0.6000; 0.4000; 0.0000; 0.0000; 0.0000; 0.0000
0.0791; 0.1977; 0.0000; 0.0000; 0.0169; 0.4068; 0.0791; 0.2203; 0.0000
0.0000; 0.1667; 0.0000; 0.0000; 0.0000; 0.0000; 0.6667; 0.1667; 0.0000
0.0947; 0.0947; 0.0059; 0.0000; 0.0000; 0.3254; 0.0592; 0.4201; 0.0000
Bootstrap 21
Run TT with 272 training and 137 tests
Run CD with 444 training and 222 tests
Run FKW with 174 training and 87 tests
Run KW with 226 training and 113 tests
Run LPLT with 99 training and 50 tests
Run RD with 353 training and 177 tests
Run WBD with 11 training and 6 tests
Run WSD with 337 training and 169 tests
Confusion Matrix 22.0
0.5693; 0.1679; 0.0219; 0.0000; 0.0073; 0.0803; 0.0584; 0.0949; 0.0000
0.0495; 0.3423; 0.0090; 0.0000; 0.0000; 0.1712; 0.4009; 0.0270; 0.0000
0.0000; 0.0115; 0.8966; 0.0115; 0.0460; 0.0000; 0.0345; 0.0000; 0.0000
0.0000; 0.0000; 0.0088; 0.7611; 0.2212; 0.0000; 0.0088; 0.0000; 0.0000
0.0000; 0.0000; 0.0400; 0.4000; 0.5600; 0.0000; 0.0000; 0.0000; 0.0000
0.0169; 0.1356; 0.0000; 0.0000; 0.0000; 0.4237; 0.0734; 0.3503; 0.0000
0.0000; 0.0000; 0.0000; 0.0000; 0.0000; 0.1667; 0.8333; 0.0000; 0.0000
0.1065; 0.0592; 0.0000; 0.0000; 0.0118; 0.3136; 0.0710; 0.4379; 0.0000
Bootstrap 22
Run TT with 272 training and 137 tests
Run CD with 444 training and 222 tests
Run FKW with 174 training and 87 tests
Run KW with 226 training and 113 tests
Run LPLT with 99 training and 50 tests
Run RD with 353 training and 177 tests
Run WBD with 11 training and 6 tests
Run WSD with 337 training and 169 tests
Confusion Matrix 23.0
0.3942; 0.1898; 0.0438; 0.0000; 0.0292; 0.0949; 0.1533; 0.0949; 0.0000
0.0360; 0.3514; 0.0000; 0.0000; 0.0000; 0.1937; 0.4099; 0.0090; 0.0000
0.0000; 0.0000; 0.8506; 0.0460; 0.0805; 0.0000; 0.0230; 0.0000; 0.0000
0.0000; 0.0000; 0.0177; 0.8319; 0.1239; 0.0000; 0.0265; 0.0000; 0.0000
0.0000; 0.0000; 0.0000; 0.6200; 0.3800; 0.0000; 0.0000; 0.0000; 0.0000
0.0000; 0.0621; 0.0000; 0.0000; 0.0000; 0.6045; 0.0000; 0.3333; 0.0000
0.0000; 0.0000; 0.0000; 0.0000; 0.0000; 0.0000; 1.0000; 0.0000; 0.0000
0.0947; 0.0888; 0.0000; 0.0000; 0.0059; 0.3077; 0.0592; 0.4438; 0.0000
Bootstrap 23
Run TT with 272 training and 137 tests
Run CD with 444 training and 222 tests
Run FKW with 174 training and 87 tests
Run KW with 226 training and 113 tests
Run LPLT with 99 training and 50 tests
Run RD with 353 training and 177 tests
Run WBD with 11 training and 6 tests
Run WSD with 337 training and 169 tests
Confusion Matrix 24.0
0.5109; 0.2263; 0.0219; 0.0000; 0.0219; 0.0803; 0.0584; 0.0803; 0.0000
0.0405; 0.5000; 0.0090; 0.0000; 0.0045; 0.1757; 0.2207; 0.0495; 0.0000
0.0000; 0.0000; 0.9080; 0.0115; 0.0575; 0.0115; 0.0115; 0.0000; 0.0000
0.0000; 0.0000; 0.0442; 0.7788; 0.1770; 0.0000; 0.0000; 0.0000; 0.0000
0.0000; 0.0000; 0.0600; 0.4200; 0.5200; 0.0000; 0.0000; 0.0000; 0.0000
0.0056; 0.1017; 0.0000; 0.0000; 0.0000; 0.6102; 0.0056; 0.2768; 0.0000
0.0000; 0.5000; 0.0000; 0.0000; 0.0000; 0.0000; 0.3333; 0.1667; 0.0000
0.0710; 0.0947; 0.0000; 0.0000; 0.0000; 0.2485; 0.0533; 0.5325; 0.0000
Bootstrap 24
Run TT with 272 training and 137 tests
Run CD with 444 training and 222 tests
Run FKW with 174 training and 87 tests
Run KW with 226 training and 113 tests
Run LPLT with 99 training and 50 tests
Run RD with 353 training and 177 tests
Run WBD with 11 training and 6 tests
Run WSD with 337 training and 169 tests
Confusion Matrix 25.0
0.6350; 0.1022; 0.0219; 0.0000; 0.0146; 0.0438; 0.0365; 0.1460; 0.0000
0.1171; 0.3784; 0.0090; 0.0000; 0.0000; 0.2162; 0.2162; 0.0631; 0.0000
0.0230; 0.0575; 0.8966; 0.0115; 0.0115; 0.0000; 0.0000; 0.0000; 0.0000
0.0000; 0.0000; 0.0531; 0.6195; 0.3009; 0.0000; 0.0265; 0.0000; 0.0000
0.0200; 0.0000; 0.0600; 0.1400; 0.7400; 0.0000; 0.0400; 0.0000; 0.0000
0.0113; 0.0508; 0.0169; 0.0000; 0.0339; 0.4802; 0.0169; 0.3898; 0.0000
0.0000; 0.3333; 0.0000; 0.0000; 0.0000; 0.0000; 0.5000; 0.1667; 0.0000
0.0828; 0.0888; 0.0059; 0.0000; 0.0000; 0.2781; 0.0355; 0.5089; 0.0000
Bootstrap 25
Run TT with 272 training and 137 tests
Run CD with 444 training and 222 tests
Run FKW with 174 training and 87 tests
Run KW with 226 training and 113 tests
Run LPLT with 99 training and 50 tests
Run RD with 353 training and 177 tests
Run WBD with 11 training and 6 tests
Run WSD with 337 training and 169 tests
Confusion Matrix 26.0
0.4161; 0.1752; 0.0584; 0.0146; 0.0073; 0.0511; 0.1387; 0.1387; 0.0000
0.0631; 0.3423; 0.0090; 0.0000; 0.0045; 0.0721; 0.4550; 0.0541; 0.0000
0.0115; 0.0230; 0.9080; 0.0345; 0.0115; 0.0000; 0.0115; 0.0000; 0.0000
0.0000; 0.0000; 0.0531; 0.8053; 0.1239; 0.0000; 0.0177; 0.0000; 0.0000
0.0000; 0.0000; 0.0200; 0.5400; 0.4400; 0.0000; 0.0000; 0.0000; 0.0000
0.0960; 0.1073; 0.0169; 0.0113; 0.0847; 0.4124; 0.0847; 0.1864; 0.0000
0.0000; 0.1667; 0.0000; 0.0000; 0.0000; 0.0000; 0.8333; 0.0000; 0.0000
0.0947; 0.0592; 0.0059; 0.0059; 0.0118; 0.3846; 0.0592; 0.3787; 0.0000
Bootstrap 26
Run TT with 272 training and 137 tests
Run CD with 444 training and 222 tests
Run FKW with 174 training and 87 tests
Run KW with 226 training and 113 tests
Run LPLT with 99 training and 50 tests
Run RD with 353 training and 177 tests
Run WBD with 11 training and 6 tests
Run WSD with 337 training and 169 tests
Confusion Matrix 27.0
0.7372; 0.0730; 0.0219; 0.0000; 0.0146; 0.0219; 0.0511; 0.0803; 0.0000
0.1036; 0.4414; 0.0090; 0.0000; 0.0000; 0.1622; 0.1982; 0.0856; 0.0000
0.0000; 0.0000; 0.9425; 0.0115; 0.0460; 0.0000; 0.0000; 0.0000; 0.0000
0.0000; 0.0000; 0.0796; 0.6637; 0.2124; 0.0000; 0.0442; 0.0000; 0.0000
0.0000; 0.0000; 0.0000; 0.5800; 0.4200; 0.0000; 0.0000; 0.0000; 0.0000
0.1130; 0.1638; 0.0056; 0.0113; 0.0452; 0.3842; 0.0621; 0.2147; 0.0000
0.0000; 0.5000; 0.0000; 0.0000; 0.0000; 0.0000; 0.5000; 0.0000; 0.0000
0.1479; 0.0769; 0.0059; 0.0059; 0.0118; 0.3077; 0.0414; 0.4024; 0.0000
Bootstrap 27
Run TT with 272 training and 137 tests
Run CD with 444 training and 222 tests
Run FKW with 174 training and 87 tests
Run KW with 226 training and 113 tests
Run LPLT with 99 training and 50 tests
Run RD with 353 training and 177 tests
Run WBD with 11 training and 6 tests
Run WSD with 337 training and 169 tests
Confusion Matrix 28.0
0.7591; 0.0511; 0.0292; 0.0000; 0.0219; 0.0146; 0.0146; 0.1095; 0.0000
0.1577; 0.3378; 0.0225; 0.0000; 0.0000; 0.2703; 0.1171; 0.0946; 0.0000
0.0000; 0.0690; 0.8966; 0.0115; 0.0115; 0.0000; 0.0115; 0.0000; 0.0000
0.0000; 0.0000; 0.0177; 0.8053; 0.1416; 0.0000; 0.0354; 0.0000; 0.0000
0.0200; 0.0000; 0.1200; 0.1800; 0.6200; 0.0000; 0.0600; 0.0000; 0.0000
0.0395; 0.0791; 0.0000; 0.0000; 0.0000; 0.5254; 0.0056; 0.3503; 0.0000
0.0000; 0.6667; 0.0000; 0.0000; 0.0000; 0.0000; 0.1667; 0.1667; 0.0000
0.1065; 0.0710; 0.0000; 0.0000; 0.0000; 0.2899; 0.0355; 0.4970; 0.0000
Bootstrap 28
Run TT with 272 training and 137 tests
Run CD with 444 training and 222 tests
Run FKW with 174 training and 87 tests
Run KW with 226 training and 113 tests
Run LPLT with 99 training and 50 tests
Run RD with 353 training and 177 tests
Run WBD with 11 training and 6 tests
Run WSD with 337 training and 169 tests
Confusion Matrix 29.0
0.4526; 0.2117; 0.0511; 0.0000; 0.0292; 0.0365; 0.0584; 0.1606; 0.0000
0.1216; 0.3739; 0.0045; 0.0000; 0.0000; 0.2928; 0.0721; 0.1351; 0.0000
0.0000; 0.0460; 0.8966; 0.0000; 0.0575; 0.0000; 0.0000; 0.0000; 0.0000
0.0000; 0.0088; 0.0885; 0.6903; 0.1947; 0.0000; 0.0177; 0.0000; 0.0000
0.0000; 0.0000; 0.0000; 0.5800; 0.4200; 0.0000; 0.0000; 0.0000; 0.0000
0.0056; 0.0904; 0.0000; 0.0000; 0.0000; 0.5989; 0.0000; 0.3051; 0.0000
0.0000; 0.3333; 0.0000; 0.0000; 0.0000; 0.1667; 0.5000; 0.0000; 0.0000
0.1006; 0.0710; 0.0000; 0.0000; 0.0000; 0.2781; 0.0414; 0.5089; 0.0000
Bootstrap 29
Run TT with 272 training and 137 tests
Run CD with 444 training and 222 tests
Run FKW with 174 training and 87 tests
Run KW with 226 training and 113 tests
Run LPLT with 99 training and 50 tests
Run RD with 353 training and 177 tests
Run WBD with 11 training and 6 tests
Run WSD with 337 training and 169 tests
Confusion Matrix 30.0
0.3942; 0.2920; 0.0730; 0.0000; 0.0000; 0.0511; 0.0657; 0.1241; 0.0000
0.1351; 0.3694; 0.0135; 0.0000; 0.0000; 0.2703; 0.1306; 0.0811; 0.0000
0.0115; 0.0345; 0.9080; 0.0230; 0.0230; 0.0000; 0.0000; 0.0000; 0.0000
0.0000; 0.0000; 0.0442; 0.7611; 0.1947; 0.0000; 0.0000; 0.0000; 0.0000
0.0200; 0.0000; 0.0800; 0.1000; 0.7800; 0.0000; 0.0200; 0.0000; 0.0000
0.0960; 0.1299; 0.0113; 0.0056; 0.0791; 0.4011; 0.0960; 0.1808; 0.0000
0.0000; 0.1667; 0.0000; 0.0000; 0.0000; 0.0000; 0.8333; 0.0000; 0.0000
0.1124; 0.1065; 0.0059; 0.0000; 0.0000; 0.3195; 0.0355; 0.4201; 0.0000
Mean confusion
0.4820; 0.1939; 0.0484; 0.0019; 0.0129; 0.0689; 0.0803; 0.1117; 0.0000
0.0818; 0.3995; 0.0104; 0.0003; 0.0017; 0.1950; 0.2411; 0.0701; 0.0000
0.0034; 0.0188; 0.8839; 0.0264; 0.0525; 0.0031; 0.0111; 0.0008; 0.0000
0.0000; 0.0006; 0.0475; 0.7274; 0.2056; 0.0000; 0.0189; 0.0000; 0.0000
0.0087; 0.0000; 0.0333; 0.3627; 0.5813; 0.0000; 0.0140; 0.0000; 0.0000
0.0465; 0.1115; 0.0070; 0.0038; 0.0220; 0.4878; 0.0384; 0.2831; 0.0000
0.0000; 0.2944; 0.0056; 0.0000; 0.0000; 0.0389; 0.6167; 0.0444; 0.0000
0.1030; 0.0771; 0.0055; 0.0014; 0.0053; 0.3059; 0.0497; 0.4521; 0.0000
STD Confusion
0.1506; 0.0714; 0.0219; 0.0047; 0.0078; 0.0359; 0.0419; 0.0293; 0.0000
0.0388; 0.0620; 0.0057; 0.0011; 0.0022; 0.0674; 0.1294; 0.0395; 0.0000
0.0069; 0.0206; 0.0427; 0.0168; 0.0330; 0.0074; 0.0102; 0.0029; 0.0000
0.0000; 0.0022; 0.0289; 0.0821; 0.0615; 0.0000; 0.0152; 0.0000; 0.0000
0.0125; 0.0000; 0.0361; 0.1980; 0.1551; 0.0000; 0.0218; 0.0000; 0.0000
0.0442; 0.0511; 0.0108; 0.0058; 0.0303; 0.0929; 0.0335; 0.0793; 0.0000
0.0000; 0.2218; 0.0304; 0.0000; 0.0000; 0.0717; 0.2739; 0.0750; 0.0000
0.0188; 0.0193; 0.0051; 0.0030; 0.0070; 0.0466; 0.0168; 0.0465; 0.0000
Lower 95% CI
0.3139; 0.0438; 0.0219; 0.0000; 0.0000; 0.0146; 0.0000; 0.0657; 0.0000
0.0270; 0.2928; 0.0000; 0.0000; 0.0000; 0.0721; 0.0721; 0.0090; 0.0000
0.0000; 0.0000; 0.7356; 0.0000; 0.0115; 0.0000; 0.0000; 0.0000; 0.0000
0.0000; 0.0000; 0.0088; 0.5487; 0.0885; 0.0000; 0.0000; 0.0000; 0.0000
0.0000; 0.0000; 0.0000; 0.1000; 0.2400; 0.0000; 0.0000; 0.0000; 0.0000
0.0000; 0.0113; 0.0000; 0.0000; 0.0000; 0.3616; 0.0000; 0.1412; 0.0000
0.0000; 0.0000; 0.0000; 0.0000; 0.0000; 0.0000; 0.1667; 0.0000; 0.0000
0.0651; 0.0414; 0.0000; 0.0000; 0.0000; 0.2189; 0.0237; 0.3550; 0.0000
Upper 95% CI
0.8029; 0.2920; 0.0876; 0.0146; 0.0292; 0.1387; 0.1533; 0.1752; 0.0000
0.1577; 0.5135; 0.0225; 0.0045; 0.0045; 0.2973; 0.4550; 0.1351; 0.0000
0.0230; 0.0690; 0.9540; 0.0690; 0.1379; 0.0345; 0.0345; 0.0115; 0.0000
0.0000; 0.0088; 0.1327; 0.8673; 0.3805; 0.0000; 0.0531; 0.0000; 0.0000
0.0400; 0.0000; 0.1200; 0.7600; 0.8400; 0.0000; 0.0800; 0.0000; 0.0000
0.1243; 0.1977; 0.0339; 0.0169; 0.0847; 0.6497; 0.0960; 0.4011; 0.0000
0.0000; 0.6667; 0.1667; 0.0000; 0.0000; 0.1667; 1.0000; 0.1667; 0.0000
0.1479; 0.1183; 0.0178; 0.0118; 0.0237; 0.4260; 0.0888; 0.5325; 0.0000
Run TT with 409 training and 0 tests
Run CD with 666 training and 0 tests
Run FKW with 261 training and 0 tests
Run KW with 339 training and 0 tests
Run LPLT with 149 training and 0 tests
Run RD with 530 training and 0 tests
Run WBD with 17 training and 0 tests
Run WSD with 506 training and 0 tests