Total Bootstraps 30
Num Species 8
FragmentLength 24; Section Length 55
TT; CD; FKW; KW; LPLT; RD; WBD; WSD
Bootstrap 0
Run TT with 128 training and 65 tests
Run CD with 210 training and 105 tests
Run FKW with 84 training and 42 tests
Run KW with 106 training and 53 tests
Run LPLT with 46 training and 23 tests
Run RD with 164 training and 83 tests
Run WBD with 5 training and 3 tests
Run WSD with 158 training and 79 tests
Confusion Matrix 1.0
0.9231; 0.0000; 0.0154; 0.0000; 0.0000; 0.0000; 0.0000; 0.0615; 0.0000
0.1810; 0.3810; 0.0000; 0.0000; 0.0000; 0.3238; 0.0286; 0.0857; 0.0000
0.0000; 0.0238; 0.9762; 0.0000; 0.0000; 0.0000; 0.0000; 0.0000; 0.0000
0.0000; 0.0000; 0.0566; 0.8302; 0.1132; 0.0000; 0.0000; 0.0000; 0.0000
0.0000; 0.0000; 0.0000; 0.6957; 0.3043; 0.0000; 0.0000; 0.0000; 0.0000
0.0000; 0.1687; 0.0000; 0.0000; 0.0000; 0.4699; 0.0000; 0.3614; 0.0000
0.0000; 0.6667; 0.0000; 0.0000; 0.0000; 0.0000; 0.3333; 0.0000; 0.0000
0.0506; 0.0253; 0.0000; 0.0000; 0.0127; 0.3038; 0.0380; 0.5696; 0.0000
Bootstrap 1
Run TT with 128 training and 65 tests
Run CD with 210 training and 105 tests
Run FKW with 84 training and 42 tests
Run KW with 106 training and 53 tests
Run LPLT with 46 training and 23 tests
Run RD with 164 training and 83 tests
Run WBD with 5 training and 3 tests
Run WSD with 158 training and 79 tests
Confusion Matrix 2.0
0.4769; 0.2923; 0.0308; 0.0000; 0.0000; 0.0769; 0.0923; 0.0308; 0.0000
0.0476; 0.5048; 0.0000; 0.0000; 0.0000; 0.1810; 0.2476; 0.0190; 0.0000
0.0000; 0.0000; 0.9048; 0.0000; 0.0714; 0.0238; 0.0000; 0.0000; 0.0000
0.0000; 0.0000; 0.0377; 0.8302; 0.1321; 0.0000; 0.0000; 0.0000; 0.0000
0.0000; 0.0000; 0.0000; 0.0870; 0.9130; 0.0000; 0.0000; 0.0000; 0.0000
0.0000; 0.0964; 0.0000; 0.0000; 0.0000; 0.6265; 0.0000; 0.2771; 0.0000
0.0000; 0.0000; 0.0000; 0.0000; 0.0000; 0.0000; 1.0000; 0.0000; 0.0000
0.0633; 0.0886; 0.0000; 0.0000; 0.0000; 0.2785; 0.0633; 0.5063; 0.0000
Bootstrap 2
Run TT with 128 training and 65 tests
Run CD with 210 training and 105 tests
Run FKW with 84 training and 42 tests
Run KW with 106 training and 53 tests
Run LPLT with 46 training and 23 tests
Run RD with 164 training and 83 tests
Run WBD with 5 training and 3 tests
Run WSD with 158 training and 79 tests
Confusion Matrix 3.0
0.6308; 0.1385; 0.0154; 0.0000; 0.0000; 0.0462; 0.0769; 0.0923; 0.0000
0.0571; 0.4095; 0.0095; 0.0000; 0.0000; 0.2952; 0.1429; 0.0857; 0.0000
0.0000; 0.0000; 0.9048; 0.0238; 0.0476; 0.0000; 0.0238; 0.0000; 0.0000
0.0000; 0.0000; 0.1132; 0.6604; 0.2075; 0.0000; 0.0189; 0.0000; 0.0000
0.0000; 0.0000; 0.0000; 0.2174; 0.7826; 0.0000; 0.0000; 0.0000; 0.0000
0.0120; 0.0120; 0.0000; 0.0000; 0.0000; 0.6386; 0.0000; 0.3373; 0.0000
0.0000; 0.6667; 0.0000; 0.0000; 0.0000; 0.0000; 0.3333; 0.0000; 0.0000
0.0759; 0.0506; 0.0000; 0.0000; 0.0127; 0.1772; 0.0380; 0.6456; 0.0000
Bootstrap 3
Run TT with 128 training and 65 tests
Run CD with 210 training and 105 tests
Run FKW with 84 training and 42 tests
Run KW with 106 training and 53 tests
Run LPLT with 46 training and 23 tests
Run RD with 164 training and 83 tests
Run WBD with 5 training and 3 tests
Run WSD with 158 training and 79 tests
Confusion Matrix 4.0
0.6154; 0.2154; 0.0000; 0.0000; 0.0000; 0.0615; 0.0615; 0.0462; 0.0000
0.0190; 0.4571; 0.0000; 0.0000; 0.0000; 0.1048; 0.3810; 0.0381; 0.0000
0.0000; 0.0476; 0.9286; 0.0000; 0.0238; 0.0000; 0.0000; 0.0000; 0.0000
0.0000; 0.0000; 0.0566; 0.6981; 0.2264; 0.0000; 0.0189; 0.0000; 0.0000
0.0000; 0.0000; 0.0000; 0.1739; 0.8261; 0.0000; 0.0000; 0.0000; 0.0000
0.0000; 0.0241; 0.0000; 0.0000; 0.0000; 0.7952; 0.0120; 0.1687; 0.0000
0.0000; 0.0000; 0.0000; 0.0000; 0.0000; 0.0000; 1.0000; 0.0000; 0.0000
0.0759; 0.0506; 0.0000; 0.0000; 0.0127; 0.2405; 0.0506; 0.5696; 0.0000
Bootstrap 4
Run TT with 128 training and 65 tests
Run CD with 210 training and 105 tests
Run FKW with 84 training and 42 tests
Run KW with 106 training and 53 tests
Run LPLT with 46 training and 23 tests
Run RD with 164 training and 83 tests
Run WBD with 5 training and 3 tests
Run WSD with 158 training and 79 tests
Confusion Matrix 5.0
0.4462; 0.3385; 0.0462; 0.0000; 0.0000; 0.0308; 0.0615; 0.0769; 0.0000
0.0286; 0.6095; 0.0000; 0.0000; 0.0000; 0.0381; 0.3238; 0.0000; 0.0000
0.0000; 0.0238; 0.9286; 0.0000; 0.0238; 0.0000; 0.0238; 0.0000; 0.0000
0.0000; 0.0000; 0.0189; 0.8491; 0.1321; 0.0000; 0.0000; 0.0000; 0.0000
0.0000; 0.0000; 0.0000; 0.5652; 0.4348; 0.0000; 0.0000; 0.0000; 0.0000
0.0964; 0.1687; 0.0241; 0.0241; 0.0602; 0.4819; 0.0482; 0.0964; 0.0000
0.0000; 0.0000; 0.0000; 0.0000; 0.0000; 0.0000; 1.0000; 0.0000; 0.0000
0.0380; 0.0886; 0.0000; 0.0000; 0.0127; 0.3797; 0.0127; 0.4684; 0.0000
Bootstrap 5
Run TT with 128 training and 65 tests
Run CD with 210 training and 105 tests
Run FKW with 84 training and 42 tests
Run KW with 106 training and 53 tests
Run LPLT with 46 training and 23 tests
Run RD with 164 training and 83 tests
Run WBD with 5 training and 3 tests
Run WSD with 158 training and 79 tests
Confusion Matrix 6.0
0.5846; 0.1846; 0.0154; 0.0000; 0.0000; 0.0462; 0.0462; 0.1231; 0.0000
0.0095; 0.4667; 0.0000; 0.0000; 0.0000; 0.0952; 0.3905; 0.0381; 0.0000
0.0000; 0.0238; 0.8810; 0.0238; 0.0476; 0.0000; 0.0238; 0.0000; 0.0000
0.0000; 0.0000; 0.0377; 0.7736; 0.1887; 0.0000; 0.0000; 0.0000; 0.0000
0.0000; 0.0000; 0.0000; 0.0870; 0.9130; 0.0000; 0.0000; 0.0000; 0.0000
0.0000; 0.0602; 0.0000; 0.0000; 0.0000; 0.7711; 0.0000; 0.1687; 0.0000
0.0000; 0.0000; 0.0000; 0.0000; 0.0000; 0.0000; 1.0000; 0.0000; 0.0000
0.0633; 0.0633; 0.0000; 0.0000; 0.0000; 0.2152; 0.0633; 0.5949; 0.0000
Bootstrap 6
Run TT with 128 training and 65 tests
Run CD with 210 training and 105 tests
Run FKW with 84 training and 42 tests
Run KW with 106 training and 53 tests
Run LPLT with 46 training and 23 tests
Run RD with 164 training and 83 tests
Run WBD with 5 training and 3 tests
Run WSD with 158 training and 79 tests
Confusion Matrix 7.0
0.6308; 0.2308; 0.0000; 0.0000; 0.0000; 0.0615; 0.0462; 0.0308; 0.0000
0.0762; 0.5238; 0.0000; 0.0000; 0.0000; 0.1619; 0.2190; 0.0190; 0.0000
0.0000; 0.0238; 0.9048; 0.0000; 0.0476; 0.0000; 0.0238; 0.0000; 0.0000
0.0000; 0.0000; 0.0566; 0.8868; 0.0566; 0.0000; 0.0000; 0.0000; 0.0000
0.0000; 0.0000; 0.0000; 0.7826; 0.2174; 0.0000; 0.0000; 0.0000; 0.0000
0.0000; 0.0120; 0.0000; 0.0000; 0.0000; 0.7229; 0.0000; 0.2651; 0.0000
0.0000; 0.3333; 0.0000; 0.0000; 0.0000; 0.0000; 0.6667; 0.0000; 0.0000
0.0886; 0.0506; 0.0000; 0.0000; 0.0127; 0.2658; 0.0000; 0.5823; 0.0000
Bootstrap 7
Run TT with 128 training and 65 tests
Run CD with 210 training and 105 tests
Run FKW with 84 training and 42 tests
Run KW with 106 training and 53 tests
Run LPLT with 46 training and 23 tests
Run RD with 164 training and 83 tests
Run WBD with 5 training and 3 tests
Run WSD with 158 training and 79 tests
Confusion Matrix 8.0
0.6769; 0.1385; 0.0154; 0.0000; 0.0000; 0.0462; 0.0615; 0.0615; 0.0000
0.0667; 0.4476; 0.0000; 0.0000; 0.0000; 0.1810; 0.2667; 0.0381; 0.0000
0.0000; 0.0714; 0.9048; 0.0000; 0.0238; 0.0000; 0.0000; 0.0000; 0.0000
0.0000; 0.0000; 0.0755; 0.8113; 0.1132; 0.0000; 0.0000; 0.0000; 0.0000
0.0000; 0.0000; 0.0000; 0.2609; 0.7391; 0.0000; 0.0000; 0.0000; 0.0000
0.0000; 0.0120; 0.0000; 0.0000; 0.0000; 0.6747; 0.0120; 0.3012; 0.0000
0.0000; 0.0000; 0.0000; 0.0000; 0.0000; 0.0000; 1.0000; 0.0000; 0.0000
0.0506; 0.0506; 0.0000; 0.0000; 0.0000; 0.2278; 0.0506; 0.6203; 0.0000
Bootstrap 8
Run TT with 128 training and 65 tests
Run CD with 210 training and 105 tests
Run FKW with 84 training and 42 tests
Run KW with 106 training and 53 tests
Run LPLT with 46 training and 23 tests
Run RD with 164 training and 83 tests
Run WBD with 5 training and 3 tests
Run WSD with 158 training and 79 tests
Confusion Matrix 9.0
0.4308; 0.2923; 0.0308; 0.0000; 0.0000; 0.0923; 0.1385; 0.0154; 0.0000
0.0571; 0.5905; 0.0000; 0.0000; 0.0000; 0.0857; 0.2667; 0.0000; 0.0000
0.0000; 0.0000; 1.0000; 0.0000; 0.0000; 0.0000; 0.0000; 0.0000; 0.0000
0.0000; 0.0000; 0.0000; 0.6604; 0.3019; 0.0000; 0.0377; 0.0000; 0.0000
0.0000; 0.0000; 0.2609; 0.0000; 0.7391; 0.0000; 0.0000; 0.0000; 0.0000
0.0000; 0.2169; 0.0000; 0.0000; 0.0000; 0.4819; 0.0241; 0.2771; 0.0000
0.0000; 0.6667; 0.0000; 0.0000; 0.0000; 0.0000; 0.3333; 0.0000; 0.0000
0.0886; 0.0759; 0.0000; 0.0000; 0.0000; 0.2785; 0.0127; 0.5443; 0.0000
Bootstrap 9
Run TT with 128 training and 65 tests
Run CD with 210 training and 105 tests
Run FKW with 84 training and 42 tests
Run KW with 106 training and 53 tests
Run LPLT with 46 training and 23 tests
Run RD with 164 training and 83 tests
Run WBD with 5 training and 3 tests
Run WSD with 158 training and 79 tests
Confusion Matrix 10.0
0.3231; 0.4308; 0.0615; 0.0000; 0.0000; 0.0615; 0.0923; 0.0308; 0.0000
0.0000; 0.5714; 0.0000; 0.0000; 0.0000; 0.0381; 0.3333; 0.0571; 0.0000
0.0000; 0.0238; 0.9286; 0.0000; 0.0476; 0.0000; 0.0000; 0.0000; 0.0000
0.0000; 0.0000; 0.0000; 0.6226; 0.3585; 0.0000; 0.0189; 0.0000; 0.0000
0.0000; 0.0000; 0.0000; 0.0435; 0.9565; 0.0000; 0.0000; 0.0000; 0.0000
0.0723; 0.1928; 0.0241; 0.0000; 0.0602; 0.4337; 0.0964; 0.1205; 0.0000
0.0000; 0.0000; 0.0000; 0.0000; 0.0000; 0.0000; 1.0000; 0.0000; 0.0000
0.0506; 0.1266; 0.0000; 0.0000; 0.0000; 0.2658; 0.0253; 0.5316; 0.0000
Bootstrap 10
Run TT with 128 training and 65 tests
Run CD with 210 training and 105 tests
Run FKW with 84 training and 42 tests
Run KW with 106 training and 53 tests
Run LPLT with 46 training and 23 tests
Run RD with 164 training and 83 tests
Run WBD with 5 training and 3 tests
Run WSD with 158 training and 79 tests
Confusion Matrix 11.0
0.3846; 0.3077; 0.0462; 0.0000; 0.0000; 0.0462; 0.0923; 0.1231; 0.0000
0.1048; 0.4286; 0.0095; 0.0000; 0.0000; 0.3333; 0.0286; 0.0952; 0.0000
0.0000; 0.0238; 0.9286; 0.0476; 0.0000; 0.0000; 0.0000; 0.0000; 0.0000
0.0000; 0.0000; 0.0377; 0.7170; 0.2453; 0.0000; 0.0000; 0.0000; 0.0000
0.0000; 0.0000; 0.0000; 0.1739; 0.8261; 0.0000; 0.0000; 0.0000; 0.0000
0.0964; 0.1446; 0.0361; 0.0120; 0.0482; 0.3735; 0.0602; 0.2289; 0.0000
0.0000; 0.6667; 0.0000; 0.0000; 0.0000; 0.0000; 0.3333; 0.0000; 0.0000
0.0633; 0.0506; 0.0000; 0.0000; 0.0000; 0.3671; 0.0127; 0.5063; 0.0000
Bootstrap 11
Run TT with 128 training and 65 tests
Run CD with 210 training and 105 tests
Run FKW with 84 training and 42 tests
Run KW with 106 training and 53 tests
Run LPLT with 46 training and 23 tests
Run RD with 164 training and 83 tests
Run WBD with 5 training and 3 tests
Run WSD with 158 training and 79 tests
Confusion Matrix 12.0
0.4308; 0.2615; 0.0462; 0.0000; 0.0000; 0.1077; 0.0923; 0.0615; 0.0000
0.0571; 0.4571; 0.0095; 0.0000; 0.0000; 0.2190; 0.1714; 0.0857; 0.0000
0.0000; 0.0476; 0.9524; 0.0000; 0.0000; 0.0000; 0.0000; 0.0000; 0.0000
0.0000; 0.0000; 0.0189; 0.9434; 0.0377; 0.0000; 0.0000; 0.0000; 0.0000
0.0000; 0.0000; 0.0435; 0.3043; 0.6522; 0.0000; 0.0000; 0.0000; 0.0000
0.0120; 0.0241; 0.0120; 0.0241; 0.0000; 0.5904; 0.0120; 0.3253; 0.0000
0.0000; 0.3333; 0.0000; 0.0000; 0.0000; 0.0000; 0.6667; 0.0000; 0.0000
0.0380; 0.0886; 0.0127; 0.0000; 0.0000; 0.2405; 0.0506; 0.5696; 0.0000
Bootstrap 12
Run TT with 128 training and 65 tests
Run CD with 210 training and 105 tests
Run FKW with 84 training and 42 tests
Run KW with 106 training and 53 tests
Run LPLT with 46 training and 23 tests
Run RD with 164 training and 83 tests
Run WBD with 5 training and 3 tests
Run WSD with 158 training and 79 tests
Confusion Matrix 13.0
0.7385; 0.0923; 0.0308; 0.0000; 0.0000; 0.0000; 0.0308; 0.1077; 0.0000
0.0667; 0.4762; 0.0000; 0.0000; 0.0000; 0.0952; 0.3429; 0.0190; 0.0000
0.0000; 0.0238; 0.9286; 0.0238; 0.0238; 0.0000; 0.0000; 0.0000; 0.0000
0.0000; 0.0000; 0.0000; 0.6981; 0.2642; 0.0000; 0.0377; 0.0000; 0.0000
0.0000; 0.0000; 0.0435; 0.2609; 0.6957; 0.0000; 0.0000; 0.0000; 0.0000
0.0964; 0.1807; 0.0120; 0.0000; 0.0361; 0.4217; 0.1084; 0.1446; 0.0000
0.0000; 0.3333; 0.0000; 0.0000; 0.0000; 0.0000; 0.6667; 0.0000; 0.0000
0.0633; 0.0886; 0.0000; 0.0000; 0.0000; 0.2658; 0.0253; 0.5570; 0.0000
Bootstrap 13
Run TT with 128 training and 65 tests
Run CD with 210 training and 105 tests
Run FKW with 84 training and 42 tests
Run KW with 106 training and 53 tests
Run LPLT with 46 training and 23 tests
Run RD with 164 training and 83 tests
Run WBD with 5 training and 3 tests
Run WSD with 158 training and 79 tests
Confusion Matrix 14.0
0.8462; 0.0308; 0.0462; 0.0000; 0.0000; 0.0154; 0.0308; 0.0308; 0.0000
0.1905; 0.4190; 0.0095; 0.0000; 0.0000; 0.2286; 0.0286; 0.1238; 0.0000
0.0000; 0.0000; 1.0000; 0.0000; 0.0000; 0.0000; 0.0000; 0.0000; 0.0000
0.0000; 0.0000; 0.0189; 0.7358; 0.2453; 0.0000; 0.0000; 0.0000; 0.0000
0.0000; 0.0000; 0.0000; 0.2609; 0.7391; 0.0000; 0.0000; 0.0000; 0.0000
0.1084; 0.1566; 0.0120; 0.0000; 0.0723; 0.4819; 0.0843; 0.0843; 0.0000
0.0000; 0.6667; 0.0000; 0.0000; 0.0000; 0.0000; 0.3333; 0.0000; 0.0000
0.0886; 0.0633; 0.0000; 0.0000; 0.0000; 0.3797; 0.0000; 0.4684; 0.0000
Bootstrap 14
Run TT with 128 training and 65 tests
Run CD with 210 training and 105 tests
Run FKW with 84 training and 42 tests
Run KW with 106 training and 53 tests
Run LPLT with 46 training and 23 tests
Run RD with 164 training and 83 tests
Run WBD with 5 training and 3 tests
Run WSD with 158 training and 79 tests
Confusion Matrix 15.0
0.8308; 0.0308; 0.0154; 0.0000; 0.0000; 0.0000; 0.0308; 0.0923; 0.0000
0.0857; 0.5619; 0.0000; 0.0000; 0.0000; 0.1429; 0.1333; 0.0762; 0.0000
0.0000; 0.0238; 0.9762; 0.0000; 0.0000; 0.0000; 0.0000; 0.0000; 0.0000
0.0000; 0.0000; 0.0189; 0.8679; 0.1132; 0.0000; 0.0000; 0.0000; 0.0000
0.0000; 0.0000; 0.0000; 0.5652; 0.4348; 0.0000; 0.0000; 0.0000; 0.0000
0.0000; 0.0482; 0.0000; 0.0000; 0.0000; 0.6506; 0.0000; 0.3012; 0.0000
0.0000; 0.0000; 0.0000; 0.0000; 0.0000; 0.0000; 1.0000; 0.0000; 0.0000
0.0886; 0.0506; 0.0000; 0.0000; 0.0127; 0.3418; 0.0000; 0.5063; 0.0000
Bootstrap 15
Run TT with 128 training and 65 tests
Run CD with 210 training and 105 tests
Run FKW with 84 training and 42 tests
Run KW with 106 training and 53 tests
Run LPLT with 46 training and 23 tests
Run RD with 164 training and 83 tests
Run WBD with 5 training and 3 tests
Run WSD with 158 training and 79 tests
Confusion Matrix 16.0
0.7538; 0.1231; 0.0000; 0.0000; 0.0000; 0.0154; 0.0308; 0.0769; 0.0000
0.1333; 0.5048; 0.0000; 0.0000; 0.0000; 0.2000; 0.1143; 0.0476; 0.0000
0.0000; 0.0238; 0.9524; 0.0000; 0.0238; 0.0000; 0.0000; 0.0000; 0.0000
0.0000; 0.0000; 0.0566; 0.7170; 0.2075; 0.0000; 0.0189; 0.0000; 0.0000
0.0000; 0.0000; 0.0000; 0.1739; 0.8261; 0.0000; 0.0000; 0.0000; 0.0000
0.1084; 0.1928; 0.0120; 0.0000; 0.0361; 0.4458; 0.0602; 0.1446; 0.0000
0.0000; 0.6667; 0.0000; 0.0000; 0.0000; 0.0000; 0.3333; 0.0000; 0.0000
0.0506; 0.0380; 0.0000; 0.0000; 0.0127; 0.4430; 0.0127; 0.4430; 0.0000
Bootstrap 16
Run TT with 128 training and 65 tests
Run CD with 210 training and 105 tests
Run FKW with 84 training and 42 tests
Run KW with 106 training and 53 tests
Run LPLT with 46 training and 23 tests
Run RD with 164 training and 83 tests
Run WBD with 5 training and 3 tests
Run WSD with 158 training and 79 tests
Confusion Matrix 17.0
0.9077; 0.0154; 0.0154; 0.0000; 0.0308; 0.0000; 0.0000; 0.0308; 0.0000
0.0952; 0.5143; 0.0000; 0.0000; 0.0000; 0.1048; 0.2571; 0.0286; 0.0000
0.0000; 0.0238; 0.9048; 0.0000; 0.0714; 0.0000; 0.0000; 0.0000; 0.0000
0.0000; 0.0000; 0.0755; 0.7547; 0.1698; 0.0000; 0.0000; 0.0000; 0.0000
0.0000; 0.0000; 0.0000; 0.3478; 0.6522; 0.0000; 0.0000; 0.0000; 0.0000
0.1084; 0.1084; 0.0000; 0.0000; 0.0843; 0.4337; 0.0964; 0.1687; 0.0000
0.0000; 0.6667; 0.0000; 0.0000; 0.0000; 0.0000; 0.3333; 0.0000; 0.0000
0.0253; 0.1139; 0.0000; 0.0000; 0.0000; 0.3291; 0.0506; 0.4810; 0.0000
Bootstrap 17
Run TT with 128 training and 65 tests
Run CD with 210 training and 105 tests
Run FKW with 84 training and 42 tests
Run KW with 106 training and 53 tests
Run LPLT with 46 training and 23 tests
Run RD with 164 training and 83 tests
Run WBD with 5 training and 3 tests
Run WSD with 158 training and 79 tests
Confusion Matrix 18.0
0.6923; 0.1692; 0.0000; 0.0000; 0.0000; 0.0615; 0.0462; 0.0308; 0.0000
0.0667; 0.3333; 0.0000; 0.0000; 0.0000; 0.1143; 0.4095; 0.0762; 0.0000
0.0000; 0.0238; 0.8571; 0.0238; 0.0952; 0.0000; 0.0000; 0.0000; 0.0000
0.0000; 0.0000; 0.0377; 0.7925; 0.1698; 0.0000; 0.0000; 0.0000; 0.0000
0.0000; 0.0000; 0.0000; 0.4348; 0.5652; 0.0000; 0.0000; 0.0000; 0.0000
0.0000; 0.1084; 0.0000; 0.0000; 0.0000; 0.6265; 0.0000; 0.2651; 0.0000
0.0000; 0.3333; 0.0000; 0.0000; 0.0000; 0.0000; 0.6667; 0.0000; 0.0000
0.0633; 0.0506; 0.0000; 0.0000; 0.0000; 0.3165; 0.0253; 0.5443; 0.0000
Bootstrap 18
Run TT with 128 training and 65 tests
Run CD with 210 training and 105 tests
Run FKW with 84 training and 42 tests
Run KW with 106 training and 53 tests
Run LPLT with 46 training and 23 tests
Run RD with 164 training and 83 tests
Run WBD with 5 training and 3 tests
Run WSD with 158 training and 79 tests
Confusion Matrix 19.0
0.3692; 0.3846; 0.0308; 0.0000; 0.0000; 0.0923; 0.1077; 0.0154; 0.0000
0.0381; 0.6095; 0.0000; 0.0000; 0.0000; 0.1429; 0.1714; 0.0381; 0.0000
0.0000; 0.0476; 0.9286; 0.0000; 0.0000; 0.0000; 0.0238; 0.0000; 0.0000
0.0000; 0.0000; 0.0000; 0.7170; 0.2453; 0.0000; 0.0377; 0.0000; 0.0000
0.0000; 0.0000; 0.0870; 0.0870; 0.8261; 0.0000; 0.0000; 0.0000; 0.0000
0.0241; 0.1928; 0.0000; 0.0000; 0.0000; 0.4699; 0.0361; 0.2771; 0.0000
0.0000; 0.3333; 0.0000; 0.0000; 0.0000; 0.0000; 0.6667; 0.0000; 0.0000
0.0253; 0.1013; 0.0000; 0.0000; 0.0000; 0.2658; 0.0380; 0.5696; 0.0000
Bootstrap 19
Run TT with 128 training and 65 tests
Run CD with 210 training and 105 tests
Run FKW with 84 training and 42 tests
Run KW with 106 training and 53 tests
Run LPLT with 46 training and 23 tests
Run RD with 164 training and 83 tests
Run WBD with 5 training and 3 tests
Run WSD with 158 training and 79 tests
Confusion Matrix 20.0
0.8154; 0.0308; 0.0000; 0.0000; 0.0000; 0.0308; 0.0308; 0.0923; 0.0000
0.1048; 0.5048; 0.0095; 0.0000; 0.0000; 0.2286; 0.0762; 0.0762; 0.0000
0.0000; 0.0476; 0.9524; 0.0000; 0.0000; 0.0000; 0.0000; 0.0000; 0.0000
0.0000; 0.0000; 0.0000; 0.8302; 0.1321; 0.0000; 0.0377; 0.0000; 0.0000
0.0000; 0.0000; 0.0000; 0.7391; 0.2609; 0.0000; 0.0000; 0.0000; 0.0000
0.0000; 0.0000; 0.0000; 0.0000; 0.0000; 0.6988; 0.0120; 0.2892; 0.0000
0.0000; 0.3333; 0.0000; 0.0000; 0.0000; 0.0000; 0.6667; 0.0000; 0.0000
0.0759; 0.0633; 0.0000; 0.0000; 0.0000; 0.2278; 0.0759; 0.5570; 0.0000
Bootstrap 20
Run TT with 128 training and 65 tests
Run CD with 210 training and 105 tests
Run FKW with 84 training and 42 tests
Run KW with 106 training and 53 tests
Run LPLT with 46 training and 23 tests
Run RD with 164 training and 83 tests
Run WBD with 5 training and 3 tests
Run WSD with 158 training and 79 tests
Confusion Matrix 21.0
0.9385; 0.0000; 0.0154; 0.0000; 0.0000; 0.0000; 0.0000; 0.0462; 0.0000
0.1238; 0.4381; 0.0000; 0.0000; 0.0000; 0.1810; 0.2000; 0.0571; 0.0000
0.0000; 0.0000; 0.9524; 0.0000; 0.0238; 0.0000; 0.0238; 0.0000; 0.0000
0.0000; 0.0000; 0.0566; 0.5094; 0.4340; 0.0000; 0.0000; 0.0000; 0.0000
0.0000; 0.0000; 0.0000; 0.0435; 0.9565; 0.0000; 0.0000; 0.0000; 0.0000
0.0723; 0.1687; 0.0000; 0.0000; 0.0000; 0.4578; 0.0964; 0.2048; 0.0000
0.0000; 0.0000; 0.0000; 0.0000; 0.0000; 0.0000; 1.0000; 0.0000; 0.0000
0.0759; 0.0633; 0.0000; 0.0000; 0.0000; 0.3797; 0.0000; 0.4810; 0.0000
Bootstrap 21
Run TT with 128 training and 65 tests
Run CD with 210 training and 105 tests
Run FKW with 84 training and 42 tests
Run KW with 106 training and 53 tests
Run LPLT with 46 training and 23 tests
Run RD with 164 training and 83 tests
Run WBD with 5 training and 3 tests
Run WSD with 158 training and 79 tests
Confusion Matrix 22.0
0.7846; 0.0462; 0.0154; 0.0000; 0.0308; 0.0462; 0.0308; 0.0462; 0.0000
0.1048; 0.5619; 0.0000; 0.0000; 0.0000; 0.1714; 0.1524; 0.0095; 0.0000
0.0000; 0.0000; 0.9524; 0.0238; 0.0238; 0.0000; 0.0000; 0.0000; 0.0000
0.0000; 0.0000; 0.0189; 0.8491; 0.1321; 0.0000; 0.0000; 0.0000; 0.0000
0.0000; 0.0000; 0.0000; 0.6957; 0.3043; 0.0000; 0.0000; 0.0000; 0.0000
0.0120; 0.0723; 0.0000; 0.0000; 0.0000; 0.6145; 0.0000; 0.3012; 0.0000
0.0000; 0.6667; 0.0000; 0.0000; 0.0000; 0.0000; 0.3333; 0.0000; 0.0000
0.0759; 0.0633; 0.0000; 0.0000; 0.0000; 0.2152; 0.0253; 0.6203; 0.0000
Bootstrap 22
Run TT with 128 training and 65 tests
Run CD with 210 training and 105 tests
Run FKW with 84 training and 42 tests
Run KW with 106 training and 53 tests
Run LPLT with 46 training and 23 tests
Run RD with 164 training and 83 tests
Run WBD with 5 training and 3 tests
Run WSD with 158 training and 79 tests
Confusion Matrix 23.0
0.3538; 0.3692; 0.0615; 0.0000; 0.0000; 0.1231; 0.0462; 0.0462; 0.0000
0.0762; 0.4952; 0.0000; 0.0000; 0.0000; 0.2762; 0.0857; 0.0667; 0.0000
0.0000; 0.0000; 0.9524; 0.0000; 0.0238; 0.0000; 0.0238; 0.0000; 0.0000
0.0000; 0.0000; 0.0377; 0.8113; 0.1509; 0.0000; 0.0000; 0.0000; 0.0000
0.0000; 0.0000; 0.0435; 0.1304; 0.8261; 0.0000; 0.0000; 0.0000; 0.0000
0.0602; 0.1928; 0.0000; 0.0000; 0.0000; 0.4940; 0.0482; 0.2048; 0.0000
0.0000; 0.3333; 0.0000; 0.0000; 0.0000; 0.0000; 0.6667; 0.0000; 0.0000
0.1013; 0.0380; 0.0000; 0.0000; 0.0127; 0.2785; 0.0380; 0.5316; 0.0000
Bootstrap 23
Run TT with 128 training and 65 tests
Run CD with 210 training and 105 tests
Run FKW with 84 training and 42 tests
Run KW with 106 training and 53 tests
Run LPLT with 46 training and 23 tests
Run RD with 164 training and 83 tests
Run WBD with 5 training and 3 tests
Run WSD with 158 training and 79 tests
Confusion Matrix 24.0
0.3538; 0.4308; 0.0462; 0.0000; 0.0000; 0.0615; 0.0923; 0.0154; 0.0000
0.0476; 0.5905; 0.0000; 0.0000; 0.0000; 0.0476; 0.3143; 0.0000; 0.0000
0.0000; 0.0238; 0.9524; 0.0238; 0.0000; 0.0000; 0.0000; 0.0000; 0.0000
0.0000; 0.0000; 0.0000; 0.6981; 0.2830; 0.0000; 0.0189; 0.0000; 0.0000
0.0000; 0.0000; 0.0435; 0.1304; 0.8261; 0.0000; 0.0000; 0.0000; 0.0000
0.0602; 0.1807; 0.0241; 0.0000; 0.0602; 0.4578; 0.0723; 0.1446; 0.0000
0.0000; 0.0000; 0.0000; 0.0000; 0.0000; 0.0000; 1.0000; 0.0000; 0.0000
0.0506; 0.1139; 0.0000; 0.0000; 0.0000; 0.3291; 0.0380; 0.4684; 0.0000
Bootstrap 24
Run TT with 128 training and 65 tests
Run CD with 210 training and 105 tests
Run FKW with 84 training and 42 tests
Run KW with 106 training and 53 tests
Run LPLT with 46 training and 23 tests
Run RD with 164 training and 83 tests
Run WBD with 5 training and 3 tests
Run WSD with 158 training and 79 tests
Confusion Matrix 25.0
0.8308; 0.0462; 0.0000; 0.0000; 0.0154; 0.0154; 0.0308; 0.0615; 0.0000
0.0952; 0.4952; 0.0000; 0.0000; 0.0000; 0.1333; 0.1905; 0.0857; 0.0000
0.0000; 0.0476; 0.9048; 0.0000; 0.0476; 0.0000; 0.0000; 0.0000; 0.0000
0.0000; 0.0000; 0.0566; 0.8679; 0.0755; 0.0000; 0.0000; 0.0000; 0.0000
0.0000; 0.0000; 0.0000; 0.3913; 0.6087; 0.0000; 0.0000; 0.0000; 0.0000
0.0000; 0.0241; 0.0000; 0.0000; 0.0000; 0.7831; 0.0000; 0.1928; 0.0000
0.0000; 0.0000; 0.0000; 0.0000; 0.0000; 0.0000; 1.0000; 0.0000; 0.0000
0.0633; 0.0633; 0.0000; 0.0000; 0.0000; 0.2532; 0.0253; 0.5949; 0.0000
Bootstrap 25
Run TT with 128 training and 65 tests
Run CD with 210 training and 105 tests
Run FKW with 84 training and 42 tests
Run KW with 106 training and 53 tests
Run LPLT with 46 training and 23 tests
Run RD with 164 training and 83 tests
Run WBD with 5 training and 3 tests
Run WSD with 158 training and 79 tests
Confusion Matrix 26.0
0.5538; 0.1538; 0.0615; 0.0000; 0.0000; 0.0615; 0.0615; 0.1077; 0.0000
0.1143; 0.4381; 0.0000; 0.0000; 0.0000; 0.2762; 0.0476; 0.1238; 0.0000
0.0000; 0.0000; 0.9762; 0.0000; 0.0238; 0.0000; 0.0000; 0.0000; 0.0000
0.0000; 0.0000; 0.0000; 0.7170; 0.2453; 0.0000; 0.0377; 0.0000; 0.0000
0.0000; 0.0000; 0.0870; 0.1304; 0.7826; 0.0000; 0.0000; 0.0000; 0.0000
0.0120; 0.0482; 0.0000; 0.0000; 0.0000; 0.6024; 0.0000; 0.3373; 0.0000
0.0000; 0.6667; 0.0000; 0.0000; 0.0000; 0.0000; 0.3333; 0.0000; 0.0000
0.0506; 0.0633; 0.0000; 0.0000; 0.0000; 0.3038; 0.0127; 0.5696; 0.0000
Bootstrap 26
Run TT with 128 training and 65 tests
Run CD with 210 training and 105 tests
Run FKW with 84 training and 42 tests
Run KW with 106 training and 53 tests
Run LPLT with 46 training and 23 tests
Run RD with 164 training and 83 tests
Run WBD with 5 training and 3 tests
Run WSD with 158 training and 79 tests
Confusion Matrix 27.0
0.4154; 0.3538; 0.0308; 0.0000; 0.0000; 0.0769; 0.0769; 0.0462; 0.0000
0.0476; 0.5238; 0.0095; 0.0000; 0.0000; 0.1810; 0.1905; 0.0476; 0.0000
0.0000; 0.0000; 0.9762; 0.0000; 0.0238; 0.0000; 0.0000; 0.0000; 0.0000
0.0000; 0.0000; 0.0189; 0.8491; 0.1321; 0.0000; 0.0000; 0.0000; 0.0000
0.0000; 0.0000; 0.0000; 0.1739; 0.8261; 0.0000; 0.0000; 0.0000; 0.0000
0.0843; 0.1084; 0.0361; 0.0361; 0.0361; 0.4699; 0.0602; 0.1687; 0.0000
0.0000; 0.3333; 0.3333; 0.0000; 0.0000; 0.0000; 0.3333; 0.0000; 0.0000
0.0759; 0.1013; 0.0000; 0.0000; 0.0127; 0.2785; 0.0127; 0.5190; 0.0000
Bootstrap 27
Run TT with 128 training and 65 tests
Run CD with 210 training and 105 tests
Run FKW with 84 training and 42 tests
Run KW with 106 training and 53 tests
Run LPLT with 46 training and 23 tests
Run RD with 164 training and 83 tests
Run WBD with 5 training and 3 tests
Run WSD with 158 training and 79 tests
Confusion Matrix 28.0
0.4000; 0.2769; 0.0462; 0.0000; 0.0000; 0.0308; 0.1385; 0.1077; 0.0000
0.0286; 0.5143; 0.0000; 0.0000; 0.0000; 0.1048; 0.2952; 0.0571; 0.0000
0.0000; 0.0000; 0.9762; 0.0000; 0.0000; 0.0238; 0.0000; 0.0000; 0.0000
0.0000; 0.0000; 0.0189; 0.8302; 0.1321; 0.0000; 0.0189; 0.0000; 0.0000
0.0000; 0.0000; 0.0000; 0.3043; 0.6957; 0.0000; 0.0000; 0.0000; 0.0000
0.0964; 0.1807; 0.0241; 0.0000; 0.0602; 0.4699; 0.0723; 0.0964; 0.0000
0.0000; 0.3333; 0.0000; 0.0000; 0.0000; 0.0000; 0.6667; 0.0000; 0.0000
0.1013; 0.0886; 0.0000; 0.0000; 0.0000; 0.2911; 0.0127; 0.5063; 0.0000
Bootstrap 28
Run TT with 128 training and 65 tests
Run CD with 210 training and 105 tests
Run FKW with 84 training and 42 tests
Run KW with 106 training and 53 tests
Run LPLT with 46 training and 23 tests
Run RD with 164 training and 83 tests
Run WBD with 5 training and 3 tests
Run WSD with 158 training and 79 tests
Confusion Matrix 29.0
0.4769; 0.3077; 0.0462; 0.0000; 0.0000; 0.0462; 0.0462; 0.0769; 0.0000
0.1238; 0.4571; 0.0095; 0.0000; 0.0000; 0.2857; 0.0286; 0.0952; 0.0000
0.0000; 0.0000; 0.8571; 0.0476; 0.0476; 0.0476; 0.0000; 0.0000; 0.0000
0.0000; 0.0000; 0.0943; 0.5283; 0.3774; 0.0000; 0.0000; 0.0000; 0.0000
0.0000; 0.0000; 0.0435; 0.1739; 0.7826; 0.0000; 0.0000; 0.0000; 0.0000
0.1205; 0.1928; 0.0120; 0.0000; 0.0361; 0.4217; 0.0482; 0.1687; 0.0000
0.0000; 0.6667; 0.0000; 0.0000; 0.0000; 0.0000; 0.3333; 0.0000; 0.0000
0.0759; 0.0506; 0.0000; 0.0000; 0.0000; 0.3671; 0.0127; 0.4937; 0.0000
Bootstrap 29
Run TT with 128 training and 65 tests
Run CD with 210 training and 105 tests
Run FKW with 84 training and 42 tests
Run KW with 106 training and 53 tests
Run LPLT with 46 training and 23 tests
Run RD with 164 training and 83 tests
Run WBD with 5 training and 3 tests
Run WSD with 158 training and 79 tests
Confusion Matrix 30.0
0.9385; 0.0000; 0.0154; 0.0000; 0.0000; 0.0154; 0.0000; 0.0308; 0.0000
0.2000; 0.2952; 0.0000; 0.0000; 0.0000; 0.3143; 0.1143; 0.0762; 0.0000
0.0000; 0.0238; 0.9048; 0.0000; 0.0476; 0.0000; 0.0238; 0.0000; 0.0000
0.0000; 0.0000; 0.0000; 0.7925; 0.1698; 0.0000; 0.0377; 0.0000; 0.0000
0.0000; 0.0000; 0.0000; 0.5652; 0.4348; 0.0000; 0.0000; 0.0000; 0.0000
0.0723; 0.1205; 0.0000; 0.0000; 0.0000; 0.5060; 0.0482; 0.2530; 0.0000
0.0000; 0.0000; 0.0000; 0.0000; 0.0000; 0.0000; 1.0000; 0.0000; 0.0000
0.0886; 0.0506; 0.0000; 0.0000; 0.0127; 0.3544; 0.0380; 0.4557; 0.0000
Mean confusion
0.6185; 0.1897; 0.0267; 0.0000; 0.0026; 0.0456; 0.0564; 0.0605; 0.0000
0.0816; 0.4860; 0.0022; 0.0000; 0.0000; 0.1762; 0.1984; 0.0556; 0.0000
0.0000; 0.0206; 0.9349; 0.0079; 0.0270; 0.0032; 0.0063; 0.0000; 0.0000
0.0000; 0.0000; 0.0340; 0.7616; 0.1931; 0.0000; 0.0113; 0.0000; 0.0000
0.0000; 0.0000; 0.0217; 0.3000; 0.6783; 0.0000; 0.0000; 0.0000; 0.0000
0.0442; 0.1137; 0.0076; 0.0032; 0.0197; 0.5522; 0.0369; 0.2225; 0.0000
0.0000; 0.3222; 0.0111; 0.0000; 0.0000; 0.0000; 0.6667; 0.0000; 0.0000
0.0662; 0.0692; 0.0004; 0.0000; 0.0042; 0.2954; 0.0287; 0.5359; 0.0000
STD Confusion
0.2043; 0.1409; 0.0202; 0.0000; 0.0082; 0.0334; 0.0378; 0.0331; 0.0000
0.0506; 0.0766; 0.0041; 0.0000; 0.0000; 0.0869; 0.1173; 0.0349; 0.0000
0.0000; 0.0195; 0.0375; 0.0144; 0.0256; 0.0103; 0.0107; 0.0000; 0.0000
0.0000; 0.0000; 0.0307; 0.1015; 0.0944; 0.0000; 0.0154; 0.0000; 0.0000
0.0000; 0.0000; 0.0520; 0.2285; 0.2138; 0.0000; 0.0000; 0.0000; 0.0000
0.0453; 0.0716; 0.0116; 0.0089; 0.0280; 0.1221; 0.0366; 0.0806; 0.0000
0.0000; 0.2834; 0.0609; 0.0000; 0.0000; 0.0000; 0.2903; 0.0000; 0.0000
0.0204; 0.0253; 0.0023; 0.0000; 0.0061; 0.0617; 0.0207; 0.0533; 0.0000
Lower 95% CI
0.3231; 0.0000; 0.0000; 0.0000; 0.0000; 0.0000; 0.0000; 0.0154; 0.0000
0.0000; 0.2952; 0.0000; 0.0000; 0.0000; 0.0381; 0.0286; 0.0000; 0.0000
0.0000; 0.0000; 0.8571; 0.0000; 0.0000; 0.0000; 0.0000; 0.0000; 0.0000
0.0000; 0.0000; 0.0000; 0.5094; 0.0377; 0.0000; 0.0000; 0.0000; 0.0000
0.0000; 0.0000; 0.0000; 0.0000; 0.2174; 0.0000; 0.0000; 0.0000; 0.0000
0.0000; 0.0000; 0.0000; 0.0000; 0.0000; 0.3735; 0.0000; 0.0843; 0.0000
0.0000; 0.0000; 0.0000; 0.0000; 0.0000; 0.0000; 0.3333; 0.0000; 0.0000
0.0253; 0.0253; 0.0000; 0.0000; 0.0000; 0.1772; 0.0000; 0.4430; 0.0000
Upper 95% CI
0.9385; 0.4308; 0.0615; 0.0000; 0.0308; 0.1231; 0.1385; 0.1231; 0.0000
0.2000; 0.6095; 0.0095; 0.0000; 0.0000; 0.3333; 0.4095; 0.1238; 0.0000
0.0000; 0.0714; 1.0000; 0.0476; 0.0952; 0.0476; 0.0238; 0.0000; 0.0000
0.0000; 0.0000; 0.1132; 0.9434; 0.4340; 0.0000; 0.0377; 0.0000; 0.0000
0.0000; 0.0000; 0.2609; 0.7826; 0.9565; 0.0000; 0.0000; 0.0000; 0.0000
0.1205; 0.2169; 0.0361; 0.0361; 0.0843; 0.7952; 0.1084; 0.3614; 0.0000
0.0000; 0.6667; 0.3333; 0.0000; 0.0000; 0.0000; 1.0000; 0.0000; 0.0000
0.1013; 0.1266; 0.0127; 0.0000; 0.0127; 0.4430; 0.0759; 0.6456; 0.0000
Run TT with 193 training and 0 tests
Run CD with 315 training and 0 tests
Run FKW with 126 training and 0 tests
Run KW with 159 training and 0 tests
Run LPLT with 69 training and 0 tests
Run RD with 247 training and 0 tests
Run WBD with 8 training and 0 tests
Run WSD with 237 training and 0 tests