Total Bootstraps 30
Num Species 8
FragmentLength 30; Section Length 55
TT; CD; FKW; KW; LPLT; RD; WBD; WSD
Bootstrap 0
Run TT with 88 training and 44 tests
Run CD with 144 training and 72 tests
Run FKW with 61 training and 31 tests
Run KW with 70 training and 35 tests
Run LPLT with 30 training and 16 tests
Run RD with 108 training and 54 tests
Run WBD with 3 training and 2 tests
Run WSD with 102 training and 51 tests
Confusion Matrix 1.0
0.7500; 0.0682; 0.0227; 0.0000; 0.0000; 0.0227; 0.0682; 0.0682; 0.0000
0.0694; 0.7500; 0.0000; 0.0000; 0.0000; 0.0833; 0.0694; 0.0278; 0.0000
0.0000; 0.0323; 0.9355; 0.0000; 0.0323; 0.0000; 0.0000; 0.0000; 0.0000
0.0000; 0.0000; 0.0000; 0.8857; 0.1143; 0.0000; 0.0000; 0.0000; 0.0000
0.0000; 0.0000; 0.0000; 0.3125; 0.6875; 0.0000; 0.0000; 0.0000; 0.0000
0.0926; 0.2593; 0.0185; 0.0000; 0.0185; 0.3704; 0.0741; 0.1667; 0.0000
0.0000; 1.0000; 0.0000; 0.0000; 0.0000; 0.0000; 0.0000; 0.0000; 0.0000
0.0196; 0.0392; 0.0000; 0.0000; 0.0000; 0.3529; 0.0196; 0.5686; 0.0000
Bootstrap 1
Run TT with 88 training and 44 tests
Run CD with 144 training and 72 tests
Run FKW with 61 training and 31 tests
Run KW with 70 training and 35 tests
Run LPLT with 30 training and 16 tests
Run RD with 108 training and 54 tests
Run WBD with 3 training and 2 tests
Run WSD with 102 training and 51 tests
Confusion Matrix 2.0
0.9318; 0.0000; 0.0000; 0.0000; 0.0000; 0.0455; 0.0000; 0.0227; 0.0000
0.0833; 0.5278; 0.0000; 0.0000; 0.0000; 0.1667; 0.1944; 0.0278; 0.0000
0.0000; 0.0000; 0.9355; 0.0000; 0.0323; 0.0000; 0.0323; 0.0000; 0.0000
0.0000; 0.0000; 0.1143; 0.7714; 0.1143; 0.0000; 0.0000; 0.0000; 0.0000
0.0000; 0.0000; 0.0000; 0.8125; 0.1875; 0.0000; 0.0000; 0.0000; 0.0000
0.0185; 0.0000; 0.0000; 0.0000; 0.0000; 0.6111; 0.0000; 0.3704; 0.0000
0.0000; 0.5000; 0.0000; 0.0000; 0.0000; 0.0000; 0.5000; 0.0000; 0.0000
0.0588; 0.0588; 0.0000; 0.0000; 0.0000; 0.2941; 0.0392; 0.5490; 0.0000
Bootstrap 2
Run TT with 88 training and 44 tests
Run CD with 144 training and 72 tests
Run FKW with 61 training and 31 tests
Run KW with 70 training and 35 tests
Run LPLT with 30 training and 16 tests
Run RD with 108 training and 54 tests
Run WBD with 3 training and 2 tests
Run WSD with 102 training and 51 tests
Confusion Matrix 3.0
0.7727; 0.0682; 0.0227; 0.0000; 0.0000; 0.0455; 0.0000; 0.0909; 0.0000
0.0000; 0.5833; 0.0000; 0.0000; 0.0000; 0.1111; 0.2500; 0.0556; 0.0000
0.0000; 0.0000; 0.9032; 0.0000; 0.0968; 0.0000; 0.0000; 0.0000; 0.0000
0.0000; 0.0000; 0.0286; 0.9143; 0.0571; 0.0000; 0.0000; 0.0000; 0.0000
0.0000; 0.0000; 0.0000; 0.5625; 0.4375; 0.0000; 0.0000; 0.0000; 0.0000
0.0185; 0.0000; 0.0000; 0.0000; 0.0000; 0.5370; 0.0000; 0.4444; 0.0000
0.0000; 0.5000; 0.0000; 0.0000; 0.0000; 0.0000; 0.5000; 0.0000; 0.0000
0.0196; 0.0196; 0.0000; 0.0000; 0.0000; 0.2549; 0.0196; 0.6863; 0.0000
Bootstrap 3
Run TT with 88 training and 44 tests
Run CD with 144 training and 72 tests
Run FKW with 61 training and 31 tests
Run KW with 70 training and 35 tests
Run LPLT with 30 training and 16 tests
Run RD with 108 training and 54 tests
Run WBD with 3 training and 2 tests
Run WSD with 102 training and 51 tests
Confusion Matrix 4.0
0.8864; 0.0227; 0.0000; 0.0000; 0.0000; 0.0455; 0.0227; 0.0227; 0.0000
0.0417; 0.7639; 0.0000; 0.0000; 0.0000; 0.0417; 0.1528; 0.0000; 0.0000
0.0000; 0.0000; 0.8710; 0.0645; 0.0323; 0.0323; 0.0000; 0.0000; 0.0000
0.0000; 0.0000; 0.0571; 0.7429; 0.2000; 0.0000; 0.0000; 0.0000; 0.0000
0.0000; 0.0000; 0.0000; 0.6250; 0.3750; 0.0000; 0.0000; 0.0000; 0.0000
0.0000; 0.0556; 0.0000; 0.0000; 0.0000; 0.7037; 0.0000; 0.2407; 0.0000
0.0000; 0.5000; 0.0000; 0.0000; 0.0000; 0.0000; 0.5000; 0.0000; 0.0000
0.0588; 0.0784; 0.0000; 0.0000; 0.0000; 0.2157; 0.0000; 0.6471; 0.0000
Bootstrap 4
Run TT with 88 training and 44 tests
Run CD with 144 training and 72 tests
Run FKW with 61 training and 31 tests
Run KW with 70 training and 35 tests
Run LPLT with 30 training and 16 tests
Run RD with 108 training and 54 tests
Run WBD with 3 training and 2 tests
Run WSD with 102 training and 51 tests
Confusion Matrix 5.0
0.3864; 0.3636; 0.0227; 0.0000; 0.0000; 0.0000; 0.1591; 0.0682; 0.0000
0.0000; 0.5694; 0.0000; 0.0000; 0.0000; 0.0417; 0.3194; 0.0694; 0.0000
0.0000; 0.0000; 0.9355; 0.0000; 0.0323; 0.0000; 0.0323; 0.0000; 0.0000
0.0000; 0.0000; 0.0000; 0.9143; 0.0857; 0.0000; 0.0000; 0.0000; 0.0000
0.0000; 0.0000; 0.0000; 0.8750; 0.1250; 0.0000; 0.0000; 0.0000; 0.0000
0.0556; 0.2222; 0.0185; 0.0185; 0.0185; 0.3148; 0.1296; 0.2222; 0.0000
0.0000; 0.0000; 0.0000; 0.0000; 0.0000; 0.0000; 1.0000; 0.0000; 0.0000
0.0000; 0.0980; 0.0000; 0.0000; 0.0000; 0.2941; 0.0392; 0.5686; 0.0000
Bootstrap 5
Run TT with 88 training and 44 tests
Run CD with 144 training and 72 tests
Run FKW with 61 training and 31 tests
Run KW with 70 training and 35 tests
Run LPLT with 30 training and 16 tests
Run RD with 108 training and 54 tests
Run WBD with 3 training and 2 tests
Run WSD with 102 training and 51 tests
Confusion Matrix 6.0
0.8864; 0.0000; 0.0000; 0.0000; 0.0000; 0.0227; 0.0000; 0.0909; 0.0000
0.1250; 0.4028; 0.0000; 0.0000; 0.0000; 0.2778; 0.0417; 0.1528; 0.0000
0.0000; 0.0645; 0.9355; 0.0000; 0.0000; 0.0000; 0.0000; 0.0000; 0.0000
0.0000; 0.0000; 0.1429; 0.5714; 0.2857; 0.0000; 0.0000; 0.0000; 0.0000
0.0000; 0.0000; 0.0000; 0.0000; 1.0000; 0.0000; 0.0000; 0.0000; 0.0000
0.1296; 0.1852; 0.0000; 0.0000; 0.0370; 0.3519; 0.0741; 0.2222; 0.0000
0.0000; 0.0000; 0.0000; 0.0000; 0.0000; 0.0000; 1.0000; 0.0000; 0.0000
0.0392; 0.0588; 0.0000; 0.0000; 0.0000; 0.2941; 0.0392; 0.5686; 0.0000
Bootstrap 6
Run TT with 88 training and 44 tests
Run CD with 144 training and 72 tests
Run FKW with 61 training and 31 tests
Run KW with 70 training and 35 tests
Run LPLT with 30 training and 16 tests
Run RD with 108 training and 54 tests
Run WBD with 3 training and 2 tests
Run WSD with 102 training and 51 tests
Confusion Matrix 7.0
0.5227; 0.1591; 0.0682; 0.0000; 0.0000; 0.0227; 0.0909; 0.1364; 0.0000
0.0417; 0.7222; 0.0000; 0.0000; 0.0000; 0.0556; 0.1250; 0.0556; 0.0000
0.0000; 0.0323; 0.9355; 0.0323; 0.0000; 0.0000; 0.0000; 0.0000; 0.0000
0.0000; 0.0000; 0.0000; 0.8857; 0.1143; 0.0000; 0.0000; 0.0000; 0.0000
0.0000; 0.0000; 0.0000; 0.5000; 0.5000; 0.0000; 0.0000; 0.0000; 0.0000
0.0556; 0.0185; 0.0370; 0.0185; 0.0185; 0.5370; 0.0741; 0.2407; 0.0000
0.0000; 0.5000; 0.0000; 0.0000; 0.0000; 0.0000; 0.5000; 0.0000; 0.0000
0.0392; 0.0588; 0.0000; 0.0000; 0.0000; 0.1765; 0.0392; 0.6863; 0.0000
Bootstrap 7
Run TT with 88 training and 44 tests
Run CD with 144 training and 72 tests
Run FKW with 61 training and 31 tests
Run KW with 70 training and 35 tests
Run LPLT with 30 training and 16 tests
Run RD with 108 training and 54 tests
Run WBD with 3 training and 2 tests
Run WSD with 102 training and 51 tests
Confusion Matrix 8.0
0.3636; 0.3182; 0.0227; 0.0000; 0.0000; 0.1136; 0.1591; 0.0227; 0.0000
0.0278; 0.3889; 0.0000; 0.0000; 0.0000; 0.2639; 0.2778; 0.0417; 0.0000
0.0000; 0.0000; 0.9355; 0.0000; 0.0323; 0.0000; 0.0323; 0.0000; 0.0000
0.0000; 0.0000; 0.0571; 0.9143; 0.0286; 0.0000; 0.0000; 0.0000; 0.0000
0.0000; 0.0000; 0.0000; 0.3125; 0.6875; 0.0000; 0.0000; 0.0000; 0.0000
0.0000; 0.0000; 0.0000; 0.0000; 0.0000; 0.6852; 0.0000; 0.3148; 0.0000
0.0000; 0.0000; 0.0000; 0.0000; 0.0000; 0.0000; 1.0000; 0.0000; 0.0000
0.0196; 0.0784; 0.0000; 0.0000; 0.0000; 0.2353; 0.0196; 0.6471; 0.0000
Bootstrap 8
Run TT with 88 training and 44 tests
Run CD with 144 training and 72 tests
Run FKW with 61 training and 31 tests
Run KW with 70 training and 35 tests
Run LPLT with 30 training and 16 tests
Run RD with 108 training and 54 tests
Run WBD with 3 training and 2 tests
Run WSD with 102 training and 51 tests
Confusion Matrix 9.0
0.5227; 0.2727; 0.0227; 0.0000; 0.0000; 0.0455; 0.0682; 0.0682; 0.0000
0.0417; 0.7500; 0.0000; 0.0000; 0.0000; 0.0278; 0.1806; 0.0000; 0.0000
0.0000; 0.0000; 0.9677; 0.0323; 0.0000; 0.0000; 0.0000; 0.0000; 0.0000
0.0000; 0.0000; 0.0000; 0.9143; 0.0857; 0.0000; 0.0000; 0.0000; 0.0000
0.0000; 0.0000; 0.0000; 0.8125; 0.1875; 0.0000; 0.0000; 0.0000; 0.0000
0.0741; 0.2407; 0.0370; 0.0185; 0.0185; 0.4630; 0.0556; 0.0926; 0.0000
0.0000; 0.0000; 0.0000; 0.0000; 0.0000; 0.0000; 1.0000; 0.0000; 0.0000
0.0196; 0.0588; 0.0000; 0.0000; 0.0196; 0.2745; 0.0000; 0.6275; 0.0000
Bootstrap 9
Run TT with 88 training and 44 tests
Run CD with 144 training and 72 tests
Run FKW with 61 training and 31 tests
Run KW with 70 training and 35 tests
Run LPLT with 30 training and 16 tests
Run RD with 108 training and 54 tests
Run WBD with 3 training and 2 tests
Run WSD with 102 training and 51 tests
Confusion Matrix 10.0
0.8636; 0.0000; 0.0227; 0.0000; 0.0000; 0.0227; 0.0455; 0.0455; 0.0000
0.0972; 0.5278; 0.0000; 0.0000; 0.0000; 0.2083; 0.1250; 0.0417; 0.0000
0.0000; 0.0323; 0.9032; 0.0645; 0.0000; 0.0000; 0.0000; 0.0000; 0.0000
0.0000; 0.0000; 0.1429; 0.7143; 0.1429; 0.0000; 0.0000; 0.0000; 0.0000
0.0000; 0.0000; 0.0000; 0.3125; 0.6875; 0.0000; 0.0000; 0.0000; 0.0000
0.1111; 0.1667; 0.0185; 0.0185; 0.0185; 0.4444; 0.0556; 0.1667; 0.0000
0.0000; 0.0000; 0.0000; 0.0000; 0.0000; 0.0000; 1.0000; 0.0000; 0.0000
0.0196; 0.0784; 0.0000; 0.0000; 0.0000; 0.2941; 0.0196; 0.5882; 0.0000
Bootstrap 10
Run TT with 88 training and 44 tests
Run CD with 144 training and 72 tests
Run FKW with 61 training and 31 tests
Run KW with 70 training and 35 tests
Run LPLT with 30 training and 16 tests
Run RD with 108 training and 54 tests
Run WBD with 3 training and 2 tests
Run WSD with 102 training and 51 tests
Confusion Matrix 11.0
0.6818; 0.1136; 0.0227; 0.0000; 0.0000; 0.0227; 0.0455; 0.1136; 0.0000
0.0556; 0.6250; 0.0000; 0.0000; 0.0000; 0.1111; 0.1667; 0.0417; 0.0000
0.0000; 0.0323; 0.9677; 0.0000; 0.0000; 0.0000; 0.0000; 0.0000; 0.0000
0.0000; 0.0000; 0.0000; 0.8571; 0.1429; 0.0000; 0.0000; 0.0000; 0.0000
0.0000; 0.0000; 0.0000; 0.1250; 0.8750; 0.0000; 0.0000; 0.0000; 0.0000
0.0370; 0.0370; 0.0370; 0.0185; 0.0185; 0.5556; 0.0000; 0.2963; 0.0000
0.0000; 0.5000; 0.0000; 0.0000; 0.0000; 0.0000; 0.5000; 0.0000; 0.0000
0.0196; 0.0980; 0.0000; 0.0000; 0.0000; 0.2353; 0.0588; 0.5882; 0.0000
Bootstrap 11
Run TT with 88 training and 44 tests
Run CD with 144 training and 72 tests
Run FKW with 61 training and 31 tests
Run KW with 70 training and 35 tests
Run LPLT with 30 training and 16 tests
Run RD with 108 training and 54 tests
Run WBD with 3 training and 2 tests
Run WSD with 102 training and 51 tests
Confusion Matrix 12.0
0.4773; 0.2500; 0.0227; 0.0000; 0.0000; 0.0909; 0.0909; 0.0682; 0.0000
0.0139; 0.7361; 0.0000; 0.0000; 0.0000; 0.0556; 0.1944; 0.0000; 0.0000
0.0000; 0.0000; 0.9355; 0.0000; 0.0323; 0.0000; 0.0323; 0.0000; 0.0000
0.0000; 0.0000; 0.0286; 0.8000; 0.1714; 0.0000; 0.0000; 0.0000; 0.0000
0.0000; 0.0000; 0.0000; 0.5000; 0.5000; 0.0000; 0.0000; 0.0000; 0.0000
0.0000; 0.0000; 0.0000; 0.0000; 0.0000; 0.5926; 0.0185; 0.3889; 0.0000
0.0000; 0.0000; 0.0000; 0.0000; 0.0000; 0.0000; 1.0000; 0.0000; 0.0000
0.0000; 0.0980; 0.0000; 0.0000; 0.0000; 0.2353; 0.0196; 0.6471; 0.0000
Bootstrap 12
Run TT with 88 training and 44 tests
Run CD with 144 training and 72 tests
Run FKW with 61 training and 31 tests
Run KW with 70 training and 35 tests
Run LPLT with 30 training and 16 tests
Run RD with 108 training and 54 tests
Run WBD with 3 training and 2 tests
Run WSD with 102 training and 51 tests
Confusion Matrix 13.0
0.3864; 0.3182; 0.0227; 0.0000; 0.0000; 0.0455; 0.1818; 0.0455; 0.0000
0.0417; 0.7222; 0.0000; 0.0000; 0.0000; 0.0833; 0.1528; 0.0000; 0.0000
0.0000; 0.0000; 0.9677; 0.0000; 0.0323; 0.0000; 0.0000; 0.0000; 0.0000
0.0000; 0.0000; 0.0857; 0.6000; 0.2857; 0.0000; 0.0286; 0.0000; 0.0000
0.0000; 0.0000; 0.0000; 0.0625; 0.9375; 0.0000; 0.0000; 0.0000; 0.0000
0.0000; 0.0185; 0.0000; 0.0000; 0.0000; 0.6296; 0.0000; 0.3519; 0.0000
0.0000; 0.0000; 0.0000; 0.0000; 0.0000; 0.5000; 0.5000; 0.0000; 0.0000
0.0392; 0.1176; 0.0000; 0.0000; 0.0000; 0.2549; 0.0196; 0.5686; 0.0000
Bootstrap 13
Run TT with 88 training and 44 tests
Run CD with 144 training and 72 tests
Run FKW with 61 training and 31 tests
Run KW with 70 training and 35 tests
Run LPLT with 30 training and 16 tests
Run RD with 108 training and 54 tests
Run WBD with 3 training and 2 tests
Run WSD with 102 training and 51 tests
Confusion Matrix 14.0
0.8864; 0.0227; 0.0455; 0.0000; 0.0000; 0.0000; 0.0000; 0.0455; 0.0000
0.1806; 0.3889; 0.0139; 0.0000; 0.0000; 0.2778; 0.0417; 0.0972; 0.0000
0.0000; 0.0323; 0.9355; 0.0000; 0.0323; 0.0000; 0.0000; 0.0000; 0.0000
0.0000; 0.0000; 0.0000; 0.9429; 0.0571; 0.0000; 0.0000; 0.0000; 0.0000
0.0000; 0.0000; 0.0000; 0.5000; 0.5000; 0.0000; 0.0000; 0.0000; 0.0000
0.0556; 0.2593; 0.0000; 0.0000; 0.0185; 0.2778; 0.0370; 0.3519; 0.0000
0.0000; 1.0000; 0.0000; 0.0000; 0.0000; 0.0000; 0.0000; 0.0000; 0.0000
0.0196; 0.0392; 0.0000; 0.0000; 0.0000; 0.3922; 0.0392; 0.5098; 0.0000
Bootstrap 14
Run TT with 88 training and 44 tests
Run CD with 144 training and 72 tests
Run FKW with 61 training and 31 tests
Run KW with 70 training and 35 tests
Run LPLT with 30 training and 16 tests
Run RD with 108 training and 54 tests
Run WBD with 3 training and 2 tests
Run WSD with 102 training and 51 tests
Confusion Matrix 15.0
0.3864; 0.2955; 0.0227; 0.0000; 0.0000; 0.0682; 0.1818; 0.0455; 0.0000
0.0972; 0.3750; 0.0139; 0.0000; 0.0000; 0.3611; 0.0278; 0.1250; 0.0000
0.0000; 0.0323; 0.9032; 0.0323; 0.0323; 0.0000; 0.0000; 0.0000; 0.0000
0.0000; 0.0000; 0.0000; 0.8000; 0.1714; 0.0000; 0.0286; 0.0000; 0.0000
0.0000; 0.0000; 0.0000; 0.3750; 0.6250; 0.0000; 0.0000; 0.0000; 0.0000
0.0000; 0.0185; 0.0000; 0.0000; 0.0000; 0.6481; 0.0000; 0.3333; 0.0000
0.0000; 0.0000; 0.0000; 0.0000; 0.0000; 0.0000; 1.0000; 0.0000; 0.0000
0.0196; 0.0196; 0.0000; 0.0000; 0.0000; 0.2745; 0.0000; 0.6863; 0.0000
Bootstrap 15
Run TT with 88 training and 44 tests
Run CD with 144 training and 72 tests
Run FKW with 61 training and 31 tests
Run KW with 70 training and 35 tests
Run LPLT with 30 training and 16 tests
Run RD with 108 training and 54 tests
Run WBD with 3 training and 2 tests
Run WSD with 102 training and 51 tests
Confusion Matrix 16.0
0.4545; 0.3182; 0.0455; 0.0000; 0.0000; 0.0909; 0.0227; 0.0682; 0.0000
0.0833; 0.4167; 0.0000; 0.0000; 0.0000; 0.3056; 0.0556; 0.1389; 0.0000
0.0000; 0.0323; 0.9032; 0.0000; 0.0000; 0.0000; 0.0645; 0.0000; 0.0000
0.0000; 0.0000; 0.0286; 0.9714; 0.0000; 0.0000; 0.0000; 0.0000; 0.0000
0.0000; 0.0000; 0.0000; 0.5000; 0.5000; 0.0000; 0.0000; 0.0000; 0.0000
0.0741; 0.2407; 0.0185; 0.0000; 0.0185; 0.3519; 0.0370; 0.2593; 0.0000
0.0000; 0.5000; 0.0000; 0.0000; 0.0000; 0.0000; 0.5000; 0.0000; 0.0000
0.0392; 0.0588; 0.0000; 0.0000; 0.0000; 0.3725; 0.0196; 0.5098; 0.0000
Bootstrap 16
Run TT with 88 training and 44 tests
Run CD with 144 training and 72 tests
Run FKW with 61 training and 31 tests
Run KW with 70 training and 35 tests
Run LPLT with 30 training and 16 tests
Run RD with 108 training and 54 tests
Run WBD with 3 training and 2 tests
Run WSD with 102 training and 51 tests
Confusion Matrix 17.0
0.9091; 0.0455; 0.0000; 0.0000; 0.0000; 0.0455; 0.0000; 0.0000; 0.0000
0.0556; 0.7361; 0.0000; 0.0000; 0.0000; 0.0556; 0.1389; 0.0139; 0.0000
0.0323; 0.0000; 0.7742; 0.0645; 0.0968; 0.0000; 0.0323; 0.0000; 0.0000
0.0000; 0.0000; 0.0571; 0.8000; 0.1429; 0.0000; 0.0000; 0.0000; 0.0000
0.0000; 0.0000; 0.0000; 0.8125; 0.1875; 0.0000; 0.0000; 0.0000; 0.0000
0.0000; 0.0185; 0.0000; 0.0000; 0.0000; 0.6296; 0.0000; 0.3519; 0.0000
0.0000; 0.5000; 0.0000; 0.0000; 0.0000; 0.0000; 0.5000; 0.0000; 0.0000
0.0588; 0.0196; 0.0000; 0.0000; 0.0000; 0.3725; 0.0392; 0.5098; 0.0000
Bootstrap 17
Run TT with 88 training and 44 tests
Run CD with 144 training and 72 tests
Run FKW with 61 training and 31 tests
Run KW with 70 training and 35 tests
Run LPLT with 30 training and 16 tests
Run RD with 108 training and 54 tests
Run WBD with 3 training and 2 tests
Run WSD with 102 training and 51 tests
Confusion Matrix 18.0
0.9318; 0.0000; 0.0227; 0.0000; 0.0000; 0.0000; 0.0000; 0.0455; 0.0000
0.0833; 0.4444; 0.0000; 0.0000; 0.0000; 0.1389; 0.3056; 0.0278; 0.0000
0.0000; 0.0000; 0.9677; 0.0323; 0.0000; 0.0000; 0.0000; 0.0000; 0.0000
0.0000; 0.0000; 0.0286; 0.7143; 0.2571; 0.0000; 0.0000; 0.0000; 0.0000
0.0000; 0.0000; 0.0000; 0.1875; 0.8125; 0.0000; 0.0000; 0.0000; 0.0000
0.0556; 0.2593; 0.0000; 0.0000; 0.0000; 0.4444; 0.0000; 0.2407; 0.0000
0.0000; 0.5000; 0.0000; 0.0000; 0.0000; 0.0000; 0.5000; 0.0000; 0.0000
0.0392; 0.0392; 0.0000; 0.0000; 0.0000; 0.2157; 0.0196; 0.6863; 0.0000
Bootstrap 18
Run TT with 88 training and 44 tests
Run CD with 144 training and 72 tests
Run FKW with 61 training and 31 tests
Run KW with 70 training and 35 tests
Run LPLT with 30 training and 16 tests
Run RD with 108 training and 54 tests
Run WBD with 3 training and 2 tests
Run WSD with 102 training and 51 tests
Confusion Matrix 19.0
0.7500; 0.0455; 0.0227; 0.0000; 0.0227; 0.0455; 0.0000; 0.1136; 0.0000
0.1111; 0.3472; 0.0139; 0.0000; 0.0000; 0.3194; 0.0556; 0.1528; 0.0000
0.0000; 0.0645; 0.9032; 0.0000; 0.0323; 0.0000; 0.0000; 0.0000; 0.0000
0.0000; 0.0000; 0.0286; 0.8000; 0.1714; 0.0000; 0.0000; 0.0000; 0.0000
0.0000; 0.0000; 0.0000; 0.1250; 0.8750; 0.0000; 0.0000; 0.0000; 0.0000
0.0000; 0.0000; 0.0000; 0.0000; 0.0000; 0.6481; 0.0000; 0.3519; 0.0000
0.0000; 0.5000; 0.0000; 0.0000; 0.0000; 0.0000; 0.5000; 0.0000; 0.0000
0.0392; 0.0196; 0.0000; 0.0000; 0.0000; 0.2157; 0.0000; 0.7255; 0.0000
Bootstrap 19
Run TT with 88 training and 44 tests
Run CD with 144 training and 72 tests
Run FKW with 61 training and 31 tests
Run KW with 70 training and 35 tests
Run LPLT with 30 training and 16 tests
Run RD with 108 training and 54 tests
Run WBD with 3 training and 2 tests
Run WSD with 102 training and 51 tests
Confusion Matrix 20.0
0.9545; 0.0000; 0.0227; 0.0000; 0.0000; 0.0000; 0.0000; 0.0227; 0.0000
0.1389; 0.2917; 0.0000; 0.0000; 0.0000; 0.3611; 0.1250; 0.0833; 0.0000
0.0000; 0.0645; 0.9032; 0.0323; 0.0000; 0.0000; 0.0000; 0.0000; 0.0000
0.0000; 0.0000; 0.0000; 0.9714; 0.0286; 0.0000; 0.0000; 0.0000; 0.0000
0.0000; 0.0000; 0.0000; 0.7500; 0.2500; 0.0000; 0.0000; 0.0000; 0.0000
0.0000; 0.0370; 0.0000; 0.0000; 0.0000; 0.6667; 0.0000; 0.2963; 0.0000
0.0000; 0.0000; 0.0000; 0.0000; 0.0000; 0.0000; 1.0000; 0.0000; 0.0000
0.0392; 0.0588; 0.0000; 0.0000; 0.0000; 0.2941; 0.0392; 0.5686; 0.0000
Bootstrap 20
Run TT with 88 training and 44 tests
Run CD with 144 training and 72 tests
Run FKW with 61 training and 31 tests
Run KW with 70 training and 35 tests
Run LPLT with 30 training and 16 tests
Run RD with 108 training and 54 tests
Run WBD with 3 training and 2 tests
Run WSD with 102 training and 51 tests
Confusion Matrix 21.0
0.6136; 0.2955; 0.0000; 0.0000; 0.0000; 0.0227; 0.0000; 0.0682; 0.0000
0.0278; 0.7500; 0.0000; 0.0000; 0.0000; 0.0972; 0.0833; 0.0417; 0.0000
0.0000; 0.0323; 0.9355; 0.0000; 0.0323; 0.0000; 0.0000; 0.0000; 0.0000
0.0000; 0.0000; 0.0000; 0.8000; 0.2000; 0.0000; 0.0000; 0.0000; 0.0000
0.0000; 0.0000; 0.0000; 0.5000; 0.5000; 0.0000; 0.0000; 0.0000; 0.0000
0.0000; 0.0370; 0.0000; 0.0000; 0.0000; 0.6296; 0.0000; 0.3333; 0.0000
0.0000; 1.0000; 0.0000; 0.0000; 0.0000; 0.0000; 0.0000; 0.0000; 0.0000
0.0588; 0.1373; 0.0000; 0.0000; 0.0000; 0.2353; 0.0196; 0.5490; 0.0000
Bootstrap 21
Run TT with 88 training and 44 tests
Run CD with 144 training and 72 tests
Run FKW with 61 training and 31 tests
Run KW with 70 training and 35 tests
Run LPLT with 30 training and 16 tests
Run RD with 108 training and 54 tests
Run WBD with 3 training and 2 tests
Run WSD with 102 training and 51 tests
Confusion Matrix 22.0
0.8864; 0.0000; 0.0227; 0.0000; 0.0000; 0.0227; 0.0455; 0.0227; 0.0000
0.0694; 0.4722; 0.0000; 0.0000; 0.0000; 0.1667; 0.2639; 0.0278; 0.0000
0.0000; 0.0645; 0.9355; 0.0000; 0.0000; 0.0000; 0.0000; 0.0000; 0.0000
0.0000; 0.0000; 0.0000; 0.7429; 0.2286; 0.0000; 0.0286; 0.0000; 0.0000
0.0000; 0.0000; 0.0000; 0.0625; 0.9375; 0.0000; 0.0000; 0.0000; 0.0000
0.0000; 0.0185; 0.0000; 0.0000; 0.0000; 0.6667; 0.0000; 0.3148; 0.0000
0.0000; 0.0000; 0.0000; 0.0000; 0.0000; 0.0000; 1.0000; 0.0000; 0.0000
0.0196; 0.0196; 0.0000; 0.0000; 0.0000; 0.2549; 0.0392; 0.6667; 0.0000
Bootstrap 22
Run TT with 88 training and 44 tests
Run CD with 144 training and 72 tests
Run FKW with 61 training and 31 tests
Run KW with 70 training and 35 tests
Run LPLT with 30 training and 16 tests
Run RD with 108 training and 54 tests
Run WBD with 3 training and 2 tests
Run WSD with 102 training and 51 tests
Confusion Matrix 23.0
0.3864; 0.3409; 0.0227; 0.0000; 0.0000; 0.0227; 0.1591; 0.0682; 0.0000
0.0278; 0.7500; 0.0000; 0.0000; 0.0000; 0.0556; 0.1667; 0.0000; 0.0000
0.0000; 0.0323; 0.9032; 0.0000; 0.0645; 0.0000; 0.0000; 0.0000; 0.0000
0.0000; 0.0000; 0.0286; 0.9714; 0.0000; 0.0000; 0.0000; 0.0000; 0.0000
0.0000; 0.0000; 0.0000; 0.8750; 0.1250; 0.0000; 0.0000; 0.0000; 0.0000
0.0185; 0.2407; 0.0000; 0.0000; 0.0000; 0.3889; 0.0000; 0.3519; 0.0000
0.0000; 1.0000; 0.0000; 0.0000; 0.0000; 0.0000; 0.0000; 0.0000; 0.0000
0.0196; 0.0784; 0.0000; 0.0000; 0.0000; 0.2745; 0.0196; 0.6078; 0.0000
Bootstrap 23
Run TT with 88 training and 44 tests
Run CD with 144 training and 72 tests
Run FKW with 61 training and 31 tests
Run KW with 70 training and 35 tests
Run LPLT with 30 training and 16 tests
Run RD with 108 training and 54 tests
Run WBD with 3 training and 2 tests
Run WSD with 102 training and 51 tests
Confusion Matrix 24.0
0.9318; 0.0000; 0.0227; 0.0000; 0.0000; 0.0227; 0.0227; 0.0000; 0.0000
0.0833; 0.5833; 0.0000; 0.0000; 0.0000; 0.0972; 0.1667; 0.0694; 0.0000
0.0000; 0.0000; 0.9355; 0.0323; 0.0000; 0.0323; 0.0000; 0.0000; 0.0000
0.0000; 0.0000; 0.0286; 0.8857; 0.0857; 0.0000; 0.0000; 0.0000; 0.0000
0.0000; 0.0000; 0.0000; 0.8125; 0.1875; 0.0000; 0.0000; 0.0000; 0.0000
0.0000; 0.0185; 0.0000; 0.0000; 0.0000; 0.7037; 0.0185; 0.2593; 0.0000
0.0000; 0.0000; 0.0000; 0.0000; 0.0000; 0.0000; 1.0000; 0.0000; 0.0000
0.0392; 0.0000; 0.0000; 0.0000; 0.0000; 0.2745; 0.0196; 0.6667; 0.0000
Bootstrap 24
Run TT with 88 training and 44 tests
Run CD with 144 training and 72 tests
Run FKW with 61 training and 31 tests
Run KW with 70 training and 35 tests
Run LPLT with 30 training and 16 tests
Run RD with 108 training and 54 tests
Run WBD with 3 training and 2 tests
Run WSD with 102 training and 51 tests
Confusion Matrix 25.0
0.8864; 0.0000; 0.0227; 0.0000; 0.0000; 0.0000; 0.0000; 0.0909; 0.0000
0.0556; 0.7083; 0.0000; 0.0000; 0.0000; 0.0417; 0.1806; 0.0139; 0.0000
0.0000; 0.0000; 0.9677; 0.0000; 0.0323; 0.0000; 0.0000; 0.0000; 0.0000
0.0000; 0.0000; 0.0000; 0.7714; 0.2286; 0.0000; 0.0000; 0.0000; 0.0000
0.0000; 0.0000; 0.0000; 0.8750; 0.1250; 0.0000; 0.0000; 0.0000; 0.0000
0.1481; 0.2222; 0.0000; 0.0000; 0.0370; 0.3704; 0.0556; 0.1667; 0.0000
0.0000; 0.5000; 0.0000; 0.0000; 0.0000; 0.0000; 0.5000; 0.0000; 0.0000
0.0588; 0.0392; 0.0000; 0.0000; 0.0000; 0.2549; 0.0196; 0.6275; 0.0000
Bootstrap 25
Run TT with 88 training and 44 tests
Run CD with 144 training and 72 tests
Run FKW with 61 training and 31 tests
Run KW with 70 training and 35 tests
Run LPLT with 30 training and 16 tests
Run RD with 108 training and 54 tests
Run WBD with 3 training and 2 tests
Run WSD with 102 training and 51 tests
Confusion Matrix 26.0
0.5455; 0.3636; 0.0000; 0.0000; 0.0000; 0.0227; 0.0455; 0.0227; 0.0000
0.0556; 0.7500; 0.0000; 0.0000; 0.0000; 0.0417; 0.1111; 0.0417; 0.0000
0.0000; 0.0645; 0.8710; 0.0000; 0.0645; 0.0000; 0.0000; 0.0000; 0.0000
0.0000; 0.0000; 0.0571; 0.7714; 0.1714; 0.0000; 0.0000; 0.0000; 0.0000
0.0000; 0.0000; 0.0000; 0.7500; 0.2500; 0.0000; 0.0000; 0.0000; 0.0000
0.0741; 0.2222; 0.0370; 0.0000; 0.0370; 0.4259; 0.0556; 0.1481; 0.0000
0.0000; 0.5000; 0.0000; 0.0000; 0.0000; 0.0000; 0.5000; 0.0000; 0.0000
0.0392; 0.0784; 0.0000; 0.0000; 0.0000; 0.3333; 0.0392; 0.5098; 0.0000
Bootstrap 26
Run TT with 88 training and 44 tests
Run CD with 144 training and 72 tests
Run FKW with 61 training and 31 tests
Run KW with 70 training and 35 tests
Run LPLT with 30 training and 16 tests
Run RD with 108 training and 54 tests
Run WBD with 3 training and 2 tests
Run WSD with 102 training and 51 tests
Confusion Matrix 27.0
0.8182; 0.0682; 0.0227; 0.0000; 0.0000; 0.0000; 0.0455; 0.0455; 0.0000
0.1250; 0.4028; 0.0139; 0.0000; 0.0000; 0.2917; 0.0278; 0.1389; 0.0000
0.0000; 0.0323; 0.9355; 0.0000; 0.0323; 0.0000; 0.0000; 0.0000; 0.0000
0.0000; 0.0000; 0.0000; 0.8857; 0.0857; 0.0000; 0.0286; 0.0000; 0.0000
0.0000; 0.0000; 0.0000; 0.3125; 0.6875; 0.0000; 0.0000; 0.0000; 0.0000
0.0000; 0.0185; 0.0000; 0.0000; 0.0000; 0.5370; 0.0000; 0.4444; 0.0000
0.0000; 0.5000; 0.0000; 0.0000; 0.0000; 0.0000; 0.5000; 0.0000; 0.0000
0.0392; 0.0196; 0.0000; 0.0000; 0.0000; 0.1765; 0.0196; 0.7451; 0.0000
Bootstrap 27
Run TT with 88 training and 44 tests
Run CD with 144 training and 72 tests
Run FKW with 61 training and 31 tests
Run KW with 70 training and 35 tests
Run LPLT with 30 training and 16 tests
Run RD with 108 training and 54 tests
Run WBD with 3 training and 2 tests
Run WSD with 102 training and 51 tests
Confusion Matrix 28.0
0.4318; 0.3864; 0.0227; 0.0000; 0.0000; 0.0227; 0.1136; 0.0227; 0.0000
0.0556; 0.5694; 0.0000; 0.0000; 0.0000; 0.2083; 0.1250; 0.0417; 0.0000
0.0000; 0.0323; 0.9677; 0.0000; 0.0000; 0.0000; 0.0000; 0.0000; 0.0000
0.0000; 0.0000; 0.0000; 0.9429; 0.0286; 0.0000; 0.0286; 0.0000; 0.0000
0.0000; 0.0000; 0.0000; 0.5000; 0.5000; 0.0000; 0.0000; 0.0000; 0.0000
0.0370; 0.2778; 0.0000; 0.0000; 0.0000; 0.4630; 0.0556; 0.1667; 0.0000
0.0000; 1.0000; 0.0000; 0.0000; 0.0000; 0.0000; 0.0000; 0.0000; 0.0000
0.0000; 0.0588; 0.0000; 0.0000; 0.0000; 0.2353; 0.0196; 0.6863; 0.0000
Bootstrap 28
Run TT with 88 training and 44 tests
Run CD with 144 training and 72 tests
Run FKW with 61 training and 31 tests
Run KW with 70 training and 35 tests
Run LPLT with 30 training and 16 tests
Run RD with 108 training and 54 tests
Run WBD with 3 training and 2 tests
Run WSD with 102 training and 51 tests
Confusion Matrix 29.0
0.4318; 0.2045; 0.0227; 0.0000; 0.0227; 0.0455; 0.2273; 0.0455; 0.0000
0.0278; 0.5694; 0.0000; 0.0000; 0.0000; 0.1389; 0.1806; 0.0833; 0.0000
0.0000; 0.0323; 0.8710; 0.0000; 0.0968; 0.0000; 0.0000; 0.0000; 0.0000
0.0000; 0.0000; 0.0000; 0.9143; 0.0857; 0.0000; 0.0000; 0.0000; 0.0000
0.0000; 0.0000; 0.0000; 0.3125; 0.6875; 0.0000; 0.0000; 0.0000; 0.0000
0.0185; 0.1111; 0.0185; 0.0000; 0.0370; 0.5000; 0.1111; 0.2037; 0.0000
0.0000; 0.5000; 0.0000; 0.0000; 0.0000; 0.0000; 0.5000; 0.0000; 0.0000
0.0196; 0.0588; 0.0000; 0.0000; 0.0000; 0.2745; 0.0196; 0.6275; 0.0000
Bootstrap 29
Run TT with 88 training and 44 tests
Run CD with 144 training and 72 tests
Run FKW with 61 training and 31 tests
Run KW with 70 training and 35 tests
Run LPLT with 30 training and 16 tests
Run RD with 108 training and 54 tests
Run WBD with 3 training and 2 tests
Run WSD with 102 training and 51 tests
Confusion Matrix 30.0
0.7727; 0.1136; 0.0000; 0.0000; 0.0000; 0.0227; 0.0227; 0.0682; 0.0000
0.0278; 0.7083; 0.0000; 0.0000; 0.0000; 0.0278; 0.1944; 0.0417; 0.0000
0.0000; 0.0323; 0.9355; 0.0000; 0.0323; 0.0000; 0.0000; 0.0000; 0.0000
0.0000; 0.0000; 0.0000; 0.8571; 0.1143; 0.0000; 0.0286; 0.0000; 0.0000
0.0000; 0.0000; 0.0000; 0.5625; 0.4375; 0.0000; 0.0000; 0.0000; 0.0000
0.0741; 0.2407; 0.0185; 0.0000; 0.0370; 0.4074; 0.0556; 0.1667; 0.0000
0.0000; 1.0000; 0.0000; 0.0000; 0.0000; 0.0000; 0.0000; 0.0000; 0.0000
0.0588; 0.0784; 0.0000; 0.0000; 0.0000; 0.2941; 0.0196; 0.5490; 0.0000
Mean confusion
0.6803; 0.1485; 0.0205; 0.0000; 0.0015; 0.0333; 0.0606; 0.0553; 0.0000
0.0648; 0.5778; 0.0019; 0.0000; 0.0000; 0.1505; 0.1500; 0.0551; 0.0000
0.0011; 0.0247; 0.9226; 0.0129; 0.0290; 0.0022; 0.0075; 0.0000; 0.0000
0.0000; 0.0000; 0.0305; 0.8343; 0.1295; 0.0000; 0.0057; 0.0000; 0.0000
0.0000; 0.0000; 0.0000; 0.4875; 0.5125; 0.0000; 0.0000; 0.0000; 0.0000
0.0383; 0.1148; 0.0086; 0.0031; 0.0111; 0.5185; 0.0302; 0.2753; 0.0000
0.0000; 0.4167; 0.0000; 0.0000; 0.0000; 0.0167; 0.5667; 0.0000; 0.0000
0.0320; 0.0588; 0.0000; 0.0000; 0.0007; 0.2719; 0.0242; 0.6124; 0.0000
STD Confusion
0.2152; 0.1433; 0.0150; 0.0000; 0.0058; 0.0285; 0.0681; 0.0336; 0.0000
0.0424; 0.1531; 0.0048; 0.0000; 0.0000; 0.1091; 0.0805; 0.0472; 0.0000
0.0059; 0.0235; 0.0403; 0.0218; 0.0298; 0.0082; 0.0163; 0.0000; 0.0000
0.0000; 0.0000; 0.0424; 0.1035; 0.0804; 0.0000; 0.0116; 0.0000; 0.0000
0.0000; 0.0000; 0.0000; 0.2729; 0.2729; 0.0000; 0.0000; 0.0000; 0.0000
0.0432; 0.1094; 0.0135; 0.0070; 0.0143; 0.1289; 0.0372; 0.0915; 0.0000
0.0000; 0.3733; 0.0000; 0.0000; 0.0000; 0.0913; 0.3651; 0.0000; 0.0000
0.0182; 0.0326; 0.0000; 0.0000; 0.0036; 0.0537; 0.0143; 0.0677; 0.0000
Lower 95% CI
0.3636; 0.0000; 0.0000; 0.0000; 0.0000; 0.0000; 0.0000; 0.0000; 0.0000
0.0000; 0.2917; 0.0000; 0.0000; 0.0000; 0.0278; 0.0278; 0.0000; 0.0000
0.0000; 0.0000; 0.7742; 0.0000; 0.0000; 0.0000; 0.0000; 0.0000; 0.0000
0.0000; 0.0000; 0.0000; 0.5714; 0.0000; 0.0000; 0.0000; 0.0000; 0.0000
0.0000; 0.0000; 0.0000; 0.0000; 0.1250; 0.0000; 0.0000; 0.0000; 0.0000
0.0000; 0.0000; 0.0000; 0.0000; 0.0000; 0.2778; 0.0000; 0.0926; 0.0000
0.0000; 0.0000; 0.0000; 0.0000; 0.0000; 0.0000; 0.0000; 0.0000; 0.0000
0.0000; 0.0000; 0.0000; 0.0000; 0.0000; 0.1765; 0.0000; 0.5098; 0.0000
Upper 95% CI
0.9545; 0.3864; 0.0682; 0.0000; 0.0227; 0.1136; 0.2273; 0.1364; 0.0000
0.1806; 0.7639; 0.0139; 0.0000; 0.0000; 0.3611; 0.3194; 0.1528; 0.0000
0.0323; 0.0645; 0.9677; 0.0645; 0.0968; 0.0323; 0.0645; 0.0000; 0.0000
0.0000; 0.0000; 0.1429; 0.9714; 0.2857; 0.0000; 0.0286; 0.0000; 0.0000
0.0000; 0.0000; 0.0000; 0.8750; 1.0000; 0.0000; 0.0000; 0.0000; 0.0000
0.1481; 0.2778; 0.0370; 0.0185; 0.0370; 0.7037; 0.1296; 0.4444; 0.0000
0.0000; 1.0000; 0.0000; 0.0000; 0.0000; 0.5000; 1.0000; 0.0000; 0.0000
0.0588; 0.1373; 0.0000; 0.0000; 0.0196; 0.3922; 0.0588; 0.7451; 0.0000
Run TT with 132 training and 0 tests
Run CD with 216 training and 0 tests
Run FKW with 92 training and 0 tests
Run KW with 105 training and 0 tests
Run LPLT with 46 training and 0 tests
Run RD with 162 training and 0 tests
Run WBD with 5 training and 0 tests
Run WSD with 153 training and 0 tests