Total Bootstraps 30
Num Species 8
FragmentLength 28; Section Length 45
TT; CD; FKW; KW; LPLT; RD; WBD; WSD
Bootstrap 0
Run TT with 120 training and 61 tests
Run CD with 199 training and 100 tests
Run FKW with 83 training and 42 tests
Run KW with 98 training and 49 tests
Run LPLT with 42 training and 22 tests
Run RD with 150 training and 76 tests
Run WBD with 4 training and 3 tests
Run WSD with 145 training and 73 tests
Confusion Matrix 1.0
0.8197; 0.0492; 0.0164; 0.0000; 0.0000; 0.0164; 0.0328; 0.0656; 0.0000
0.0600; 0.5200; 0.0000; 0.0000; 0.0000; 0.0700; 0.2700; 0.0800; 0.0000
0.0000; 0.0000; 0.9286; 0.0000; 0.0714; 0.0000; 0.0000; 0.0000; 0.0000
0.0000; 0.0000; 0.0000; 0.8367; 0.1429; 0.0000; 0.0204; 0.0000; 0.0000
0.0000; 0.0000; 0.0000; 0.4091; 0.5909; 0.0000; 0.0000; 0.0000; 0.0000
0.0921; 0.0658; 0.0263; 0.0000; 0.0395; 0.4868; 0.0658; 0.2237; 0.0000
0.0000; 0.3333; 0.0000; 0.0000; 0.0000; 0.0000; 0.6667; 0.0000; 0.0000
0.1096; 0.0548; 0.0000; 0.0000; 0.0000; 0.2877; 0.0274; 0.5205; 0.0000
Bootstrap 1
Run TT with 120 training and 61 tests
Run CD with 199 training and 100 tests
Run FKW with 83 training and 42 tests
Run KW with 98 training and 49 tests
Run LPLT with 42 training and 22 tests
Run RD with 150 training and 76 tests
Run WBD with 4 training and 3 tests
Run WSD with 145 training and 73 tests
Confusion Matrix 2.0
0.5574; 0.2131; 0.0328; 0.0000; 0.0000; 0.0000; 0.0984; 0.0984; 0.0000
0.0000; 0.4300; 0.0000; 0.0000; 0.0000; 0.0700; 0.4900; 0.0100; 0.0000
0.0000; 0.0000; 0.9524; 0.0000; 0.0238; 0.0000; 0.0238; 0.0000; 0.0000
0.0000; 0.0000; 0.0204; 0.8980; 0.0816; 0.0000; 0.0000; 0.0000; 0.0000
0.0000; 0.0000; 0.0000; 0.5455; 0.4545; 0.0000; 0.0000; 0.0000; 0.0000
0.1316; 0.1579; 0.0132; 0.0263; 0.0132; 0.4079; 0.0658; 0.1842; 0.0000
0.0000; 0.3333; 0.0000; 0.0000; 0.0000; 0.0000; 0.6667; 0.0000; 0.0000
0.0411; 0.0548; 0.0137; 0.0000; 0.0000; 0.2877; 0.0822; 0.5205; 0.0000
Bootstrap 2
Run TT with 120 training and 61 tests
Run CD with 199 training and 100 tests
Run FKW with 83 training and 42 tests
Run KW with 98 training and 49 tests
Run LPLT with 42 training and 22 tests
Run RD with 150 training and 76 tests
Run WBD with 4 training and 3 tests
Run WSD with 145 training and 73 tests
Confusion Matrix 3.0
0.7541; 0.1311; 0.0164; 0.0000; 0.0000; 0.0492; 0.0000; 0.0492; 0.0000
0.1200; 0.4000; 0.0000; 0.0000; 0.0000; 0.3000; 0.0600; 0.1200; 0.0000
0.0000; 0.0000; 0.9286; 0.0476; 0.0238; 0.0000; 0.0000; 0.0000; 0.0000
0.0000; 0.0000; 0.1020; 0.6735; 0.2245; 0.0000; 0.0000; 0.0000; 0.0000
0.0000; 0.0000; 0.0000; 0.5000; 0.5000; 0.0000; 0.0000; 0.0000; 0.0000
0.0132; 0.0658; 0.0000; 0.0000; 0.0000; 0.6316; 0.0132; 0.2763; 0.0000
0.0000; 0.3333; 0.0000; 0.0000; 0.0000; 0.0000; 0.6667; 0.0000; 0.0000
0.0548; 0.0959; 0.0000; 0.0000; 0.0000; 0.2603; 0.0274; 0.5616; 0.0000
Bootstrap 3
Run TT with 120 training and 61 tests
Run CD with 199 training and 100 tests
Run FKW with 83 training and 42 tests
Run KW with 98 training and 49 tests
Run LPLT with 42 training and 22 tests
Run RD with 150 training and 76 tests
Run WBD with 4 training and 3 tests
Run WSD with 145 training and 73 tests
Confusion Matrix 4.0
0.4590; 0.4590; 0.0000; 0.0000; 0.0000; 0.0328; 0.0000; 0.0492; 0.0000
0.1100; 0.4800; 0.0100; 0.0000; 0.0000; 0.2600; 0.0200; 0.1200; 0.0000
0.0000; 0.0238; 0.9048; 0.0238; 0.0476; 0.0000; 0.0000; 0.0000; 0.0000
0.0000; 0.0000; 0.0204; 0.7143; 0.2245; 0.0000; 0.0408; 0.0000; 0.0000
0.0000; 0.0000; 0.0455; 0.1364; 0.8182; 0.0000; 0.0000; 0.0000; 0.0000
0.0921; 0.1711; 0.0000; 0.0000; 0.0395; 0.4868; 0.0789; 0.1316; 0.0000
0.0000; 1.0000; 0.0000; 0.0000; 0.0000; 0.0000; 0.0000; 0.0000; 0.0000
0.0685; 0.0959; 0.0000; 0.0000; 0.0000; 0.3288; 0.0137; 0.4932; 0.0000
Bootstrap 4
Run TT with 120 training and 61 tests
Run CD with 199 training and 100 tests
Run FKW with 83 training and 42 tests
Run KW with 98 training and 49 tests
Run LPLT with 42 training and 22 tests
Run RD with 150 training and 76 tests
Run WBD with 4 training and 3 tests
Run WSD with 145 training and 73 tests
Confusion Matrix 5.0
0.4426; 0.3607; 0.0328; 0.0000; 0.0000; 0.0656; 0.0656; 0.0328; 0.0000
0.0200; 0.5300; 0.0000; 0.0000; 0.0000; 0.0700; 0.3400; 0.0400; 0.0000
0.0000; 0.0000; 0.9286; 0.0238; 0.0238; 0.0238; 0.0000; 0.0000; 0.0000
0.0000; 0.0000; 0.0816; 0.8163; 0.1020; 0.0000; 0.0000; 0.0000; 0.0000
0.0000; 0.0000; 0.0000; 0.5455; 0.4545; 0.0000; 0.0000; 0.0000; 0.0000
0.0000; 0.1316; 0.0000; 0.0000; 0.0000; 0.4737; 0.0132; 0.3816; 0.0000
0.0000; 0.0000; 0.0000; 0.0000; 0.0000; 0.0000; 1.0000; 0.0000; 0.0000
0.0548; 0.0411; 0.0000; 0.0000; 0.0000; 0.2329; 0.0548; 0.6164; 0.0000
Bootstrap 5
Run TT with 120 training and 61 tests
Run CD with 199 training and 100 tests
Run FKW with 83 training and 42 tests
Run KW with 98 training and 49 tests
Run LPLT with 42 training and 22 tests
Run RD with 150 training and 76 tests
Run WBD with 4 training and 3 tests
Run WSD with 145 training and 73 tests
Confusion Matrix 6.0
0.8361; 0.0328; 0.0164; 0.0000; 0.0000; 0.0328; 0.0000; 0.0820; 0.0000
0.0600; 0.7700; 0.0000; 0.0000; 0.0000; 0.0800; 0.0900; 0.0000; 0.0000
0.0000; 0.0000; 0.9524; 0.0000; 0.0476; 0.0000; 0.0000; 0.0000; 0.0000
0.0000; 0.0000; 0.0204; 0.7959; 0.1837; 0.0000; 0.0000; 0.0000; 0.0000
0.0000; 0.0000; 0.0455; 0.0000; 0.9545; 0.0000; 0.0000; 0.0000; 0.0000
0.1447; 0.1579; 0.0000; 0.0132; 0.0263; 0.4605; 0.0921; 0.1053; 0.0000
0.0000; 0.3333; 0.0000; 0.0000; 0.0000; 0.3333; 0.3333; 0.0000; 0.0000
0.0822; 0.0685; 0.0000; 0.0000; 0.0000; 0.3562; 0.0000; 0.4932; 0.0000
Bootstrap 6
Run TT with 120 training and 61 tests
Run CD with 199 training and 100 tests
Run FKW with 83 training and 42 tests
Run KW with 98 training and 49 tests
Run LPLT with 42 training and 22 tests
Run RD with 150 training and 76 tests
Run WBD with 4 training and 3 tests
Run WSD with 145 training and 73 tests
Confusion Matrix 7.0
0.7541; 0.0328; 0.0164; 0.0000; 0.0000; 0.0328; 0.0984; 0.0656; 0.0000
0.0800; 0.5500; 0.0000; 0.0000; 0.0000; 0.1000; 0.2300; 0.0400; 0.0000
0.0000; 0.0000; 0.9286; 0.0000; 0.0476; 0.0000; 0.0000; 0.0238; 0.0000
0.0000; 0.0000; 0.0816; 0.6735; 0.2245; 0.0000; 0.0204; 0.0000; 0.0000
0.0000; 0.0000; 0.0000; 0.6364; 0.3636; 0.0000; 0.0000; 0.0000; 0.0000
0.0132; 0.0263; 0.0000; 0.0000; 0.0263; 0.5526; 0.0395; 0.3421; 0.0000
0.0000; 0.3333; 0.0000; 0.0000; 0.0000; 0.0000; 0.6667; 0.0000; 0.0000
0.1096; 0.0685; 0.0137; 0.0000; 0.0000; 0.2466; 0.0411; 0.5205; 0.0000
Bootstrap 7
Run TT with 120 training and 61 tests
Run CD with 199 training and 100 tests
Run FKW with 83 training and 42 tests
Run KW with 98 training and 49 tests
Run LPLT with 42 training and 22 tests
Run RD with 150 training and 76 tests
Run WBD with 4 training and 3 tests
Run WSD with 145 training and 73 tests
Confusion Matrix 8.0
0.8525; 0.0164; 0.0164; 0.0000; 0.0164; 0.0492; 0.0000; 0.0492; 0.0000
0.1500; 0.3400; 0.0000; 0.0000; 0.0000; 0.3200; 0.1400; 0.0500; 0.0000
0.0000; 0.0000; 0.9286; 0.0000; 0.0476; 0.0000; 0.0238; 0.0000; 0.0000
0.0000; 0.0000; 0.1020; 0.7755; 0.1224; 0.0000; 0.0000; 0.0000; 0.0000
0.0000; 0.0000; 0.0000; 0.7727; 0.2273; 0.0000; 0.0000; 0.0000; 0.0000
0.1316; 0.1316; 0.0132; 0.0000; 0.0526; 0.4342; 0.0263; 0.2105; 0.0000
0.0000; 1.0000; 0.0000; 0.0000; 0.0000; 0.0000; 0.0000; 0.0000; 0.0000
0.1096; 0.0548; 0.0000; 0.0000; 0.0137; 0.2603; 0.0137; 0.5479; 0.0000
Bootstrap 8
Run TT with 120 training and 61 tests
Run CD with 199 training and 100 tests
Run FKW with 83 training and 42 tests
Run KW with 98 training and 49 tests
Run LPLT with 42 training and 22 tests
Run RD with 150 training and 76 tests
Run WBD with 4 training and 3 tests
Run WSD with 145 training and 73 tests
Confusion Matrix 9.0
0.8689; 0.0492; 0.0164; 0.0000; 0.0000; 0.0164; 0.0000; 0.0492; 0.0000
0.0500; 0.5400; 0.0000; 0.0000; 0.0000; 0.2000; 0.1500; 0.0600; 0.0000
0.0000; 0.0476; 0.9286; 0.0000; 0.0238; 0.0000; 0.0000; 0.0000; 0.0000
0.0000; 0.0000; 0.0204; 0.8571; 0.1224; 0.0000; 0.0000; 0.0000; 0.0000
0.0000; 0.0000; 0.0000; 0.4545; 0.5455; 0.0000; 0.0000; 0.0000; 0.0000
0.0132; 0.0526; 0.0000; 0.0000; 0.0000; 0.4737; 0.0000; 0.4605; 0.0000
0.0000; 1.0000; 0.0000; 0.0000; 0.0000; 0.0000; 0.0000; 0.0000; 0.0000
0.0959; 0.0822; 0.0000; 0.0000; 0.0000; 0.2192; 0.0685; 0.5342; 0.0000
Bootstrap 9
Run TT with 120 training and 61 tests
Run CD with 199 training and 100 tests
Run FKW with 83 training and 42 tests
Run KW with 98 training and 49 tests
Run LPLT with 42 training and 22 tests
Run RD with 150 training and 76 tests
Run WBD with 4 training and 3 tests
Run WSD with 145 training and 73 tests
Confusion Matrix 10.0
0.3934; 0.3607; 0.0328; 0.0000; 0.0000; 0.0492; 0.0984; 0.0656; 0.0000
0.0000; 0.4700; 0.0000; 0.0000; 0.0000; 0.1100; 0.3900; 0.0300; 0.0000
0.0000; 0.0000; 0.9286; 0.0000; 0.0238; 0.0000; 0.0476; 0.0000; 0.0000
0.0000; 0.0000; 0.0204; 0.7143; 0.2653; 0.0000; 0.0000; 0.0000; 0.0000
0.0000; 0.0000; 0.0455; 0.2273; 0.7273; 0.0000; 0.0000; 0.0000; 0.0000
0.0000; 0.0263; 0.0132; 0.0132; 0.0000; 0.5395; 0.0263; 0.3816; 0.0000
0.0000; 0.3333; 0.0000; 0.0000; 0.0000; 0.0000; 0.6667; 0.0000; 0.0000
0.0685; 0.0411; 0.0000; 0.0000; 0.0000; 0.2877; 0.0548; 0.5479; 0.0000
Bootstrap 10
Run TT with 120 training and 61 tests
Run CD with 199 training and 100 tests
Run FKW with 83 training and 42 tests
Run KW with 98 training and 49 tests
Run LPLT with 42 training and 22 tests
Run RD with 150 training and 76 tests
Run WBD with 4 training and 3 tests
Run WSD with 145 training and 73 tests
Confusion Matrix 11.0
0.6066; 0.1475; 0.0000; 0.0000; 0.0164; 0.0000; 0.0492; 0.1803; 0.0000
0.0900; 0.4600; 0.0000; 0.0000; 0.0000; 0.1000; 0.3100; 0.0400; 0.0000
0.0000; 0.0000; 0.9524; 0.0000; 0.0000; 0.0238; 0.0238; 0.0000; 0.0000
0.0000; 0.0000; 0.0408; 0.7551; 0.2041; 0.0000; 0.0000; 0.0000; 0.0000
0.0000; 0.0000; 0.0000; 0.3636; 0.6364; 0.0000; 0.0000; 0.0000; 0.0000
0.0789; 0.1842; 0.0263; 0.0000; 0.0395; 0.3947; 0.0658; 0.2105; 0.0000
0.0000; 0.0000; 0.3333; 0.0000; 0.0000; 0.0000; 0.6667; 0.0000; 0.0000
0.0411; 0.0685; 0.0000; 0.0000; 0.0137; 0.2740; 0.0685; 0.5342; 0.0000
Bootstrap 11
Run TT with 120 training and 61 tests
Run CD with 199 training and 100 tests
Run FKW with 83 training and 42 tests
Run KW with 98 training and 49 tests
Run LPLT with 42 training and 22 tests
Run RD with 150 training and 76 tests
Run WBD with 4 training and 3 tests
Run WSD with 145 training and 73 tests
Confusion Matrix 12.0
0.4098; 0.3607; 0.0656; 0.0000; 0.0000; 0.0492; 0.0656; 0.0492; 0.0000
0.0300; 0.5800; 0.0100; 0.0000; 0.0000; 0.1000; 0.2800; 0.0000; 0.0000
0.0000; 0.0238; 0.9286; 0.0000; 0.0238; 0.0000; 0.0238; 0.0000; 0.0000
0.0000; 0.0000; 0.0000; 0.8571; 0.1429; 0.0000; 0.0000; 0.0000; 0.0000
0.0000; 0.0000; 0.0000; 0.7727; 0.2273; 0.0000; 0.0000; 0.0000; 0.0000
0.0921; 0.1842; 0.0000; 0.0132; 0.0395; 0.3553; 0.1053; 0.2105; 0.0000
0.0000; 0.3333; 0.0000; 0.0000; 0.0000; 0.0000; 0.6667; 0.0000; 0.0000
0.0959; 0.0959; 0.0000; 0.0000; 0.0137; 0.2740; 0.0137; 0.5068; 0.0000
Bootstrap 12
Run TT with 120 training and 61 tests
Run CD with 199 training and 100 tests
Run FKW with 83 training and 42 tests
Run KW with 98 training and 49 tests
Run LPLT with 42 training and 22 tests
Run RD with 150 training and 76 tests
Run WBD with 4 training and 3 tests
Run WSD with 145 training and 73 tests
Confusion Matrix 13.0
0.4098; 0.3607; 0.0328; 0.0000; 0.0000; 0.0328; 0.1148; 0.0492; 0.0000
0.0000; 0.5200; 0.0000; 0.0000; 0.0000; 0.0900; 0.3300; 0.0600; 0.0000
0.0000; 0.0000; 0.9048; 0.0238; 0.0714; 0.0000; 0.0000; 0.0000; 0.0000
0.0000; 0.0000; 0.0204; 0.8980; 0.0816; 0.0000; 0.0000; 0.0000; 0.0000
0.0000; 0.0000; 0.0000; 0.7727; 0.2273; 0.0000; 0.0000; 0.0000; 0.0000
0.0000; 0.0658; 0.0000; 0.0000; 0.0000; 0.6711; 0.0000; 0.2632; 0.0000
0.0000; 0.3333; 0.0000; 0.0000; 0.0000; 0.0000; 0.6667; 0.0000; 0.0000
0.0822; 0.1096; 0.0000; 0.0000; 0.0137; 0.2192; 0.0548; 0.5205; 0.0000
Bootstrap 13
Run TT with 120 training and 61 tests
Run CD with 199 training and 100 tests
Run FKW with 83 training and 42 tests
Run KW with 98 training and 49 tests
Run LPLT with 42 training and 22 tests
Run RD with 150 training and 76 tests
Run WBD with 4 training and 3 tests
Run WSD with 145 training and 73 tests
Confusion Matrix 14.0
0.8852; 0.0000; 0.0164; 0.0000; 0.0000; 0.0328; 0.0164; 0.0492; 0.0000
0.2000; 0.4000; 0.0100; 0.0000; 0.0000; 0.2600; 0.0400; 0.0900; 0.0000
0.0000; 0.0238; 0.9286; 0.0000; 0.0476; 0.0000; 0.0000; 0.0000; 0.0000
0.0000; 0.0000; 0.0408; 0.7959; 0.1429; 0.0000; 0.0204; 0.0000; 0.0000
0.0000; 0.0000; 0.0000; 0.7273; 0.2727; 0.0000; 0.0000; 0.0000; 0.0000
0.1053; 0.0921; 0.0132; 0.0000; 0.0526; 0.4474; 0.0658; 0.2237; 0.0000
0.0000; 0.0000; 0.0000; 0.0000; 0.0000; 0.0000; 1.0000; 0.0000; 0.0000
0.0548; 0.0685; 0.0000; 0.0000; 0.0000; 0.2740; 0.0548; 0.5479; 0.0000
Bootstrap 14
Run TT with 120 training and 61 tests
Run CD with 199 training and 100 tests
Run FKW with 83 training and 42 tests
Run KW with 98 training and 49 tests
Run LPLT with 42 training and 22 tests
Run RD with 150 training and 76 tests
Run WBD with 4 training and 3 tests
Run WSD with 145 training and 73 tests
Confusion Matrix 15.0
0.6557; 0.0984; 0.0328; 0.0000; 0.0000; 0.0164; 0.0984; 0.0984; 0.0000
0.0400; 0.5800; 0.0000; 0.0000; 0.0000; 0.1000; 0.2500; 0.0300; 0.0000
0.0000; 0.0000; 0.9048; 0.0000; 0.0952; 0.0000; 0.0000; 0.0000; 0.0000
0.0000; 0.0000; 0.0612; 0.5918; 0.3469; 0.0000; 0.0000; 0.0000; 0.0000
0.0000; 0.0000; 0.0455; 0.3182; 0.6364; 0.0000; 0.0000; 0.0000; 0.0000
0.1184; 0.1579; 0.0263; 0.0000; 0.0395; 0.4211; 0.0658; 0.1711; 0.0000
0.0000; 0.3333; 0.0000; 0.0000; 0.0000; 0.0000; 0.6667; 0.0000; 0.0000
0.0959; 0.0685; 0.0000; 0.0000; 0.0137; 0.3151; 0.0137; 0.4932; 0.0000
Bootstrap 15
Run TT with 120 training and 61 tests
Run CD with 199 training and 100 tests
Run FKW with 83 training and 42 tests
Run KW with 98 training and 49 tests
Run LPLT with 42 training and 22 tests
Run RD with 150 training and 76 tests
Run WBD with 4 training and 3 tests
Run WSD with 145 training and 73 tests
Confusion Matrix 16.0
0.7541; 0.1803; 0.0000; 0.0000; 0.0000; 0.0328; 0.0164; 0.0164; 0.0000
0.0300; 0.4900; 0.0000; 0.0000; 0.0000; 0.1300; 0.2900; 0.0600; 0.0000
0.0000; 0.0714; 0.9048; 0.0238; 0.0000; 0.0000; 0.0000; 0.0000; 0.0000
0.0000; 0.0000; 0.0000; 0.8980; 0.1020; 0.0000; 0.0000; 0.0000; 0.0000
0.0000; 0.0000; 0.0000; 0.2727; 0.7273; 0.0000; 0.0000; 0.0000; 0.0000
0.0000; 0.0658; 0.0000; 0.0000; 0.0000; 0.6316; 0.0000; 0.3026; 0.0000
0.0000; 1.0000; 0.0000; 0.0000; 0.0000; 0.0000; 0.0000; 0.0000; 0.0000
0.0685; 0.0959; 0.0000; 0.0000; 0.0000; 0.2192; 0.0548; 0.5616; 0.0000
Bootstrap 16
Run TT with 120 training and 61 tests
Run CD with 199 training and 100 tests
Run FKW with 83 training and 42 tests
Run KW with 98 training and 49 tests
Run LPLT with 42 training and 22 tests
Run RD with 150 training and 76 tests
Run WBD with 4 training and 3 tests
Run WSD with 145 training and 73 tests
Confusion Matrix 17.0
0.6557; 0.0984; 0.0000; 0.0000; 0.0164; 0.0000; 0.0656; 0.1639; 0.0000
0.0500; 0.6100; 0.0000; 0.0000; 0.0000; 0.0300; 0.3000; 0.0100; 0.0000
0.0000; 0.0238; 0.9286; 0.0000; 0.0238; 0.0000; 0.0238; 0.0000; 0.0000
0.0000; 0.0000; 0.0204; 0.8571; 0.1224; 0.0000; 0.0000; 0.0000; 0.0000
0.0000; 0.0000; 0.0000; 0.0909; 0.8636; 0.0000; 0.0455; 0.0000; 0.0000
0.1184; 0.1842; 0.0132; 0.0132; 0.0132; 0.4211; 0.1053; 0.1316; 0.0000
0.0000; 0.3333; 0.0000; 0.0000; 0.0000; 0.0000; 0.6667; 0.0000; 0.0000
0.0685; 0.0685; 0.0000; 0.0000; 0.0000; 0.3151; 0.0274; 0.5205; 0.0000
Bootstrap 17
Run TT with 120 training and 61 tests
Run CD with 199 training and 100 tests
Run FKW with 83 training and 42 tests
Run KW with 98 training and 49 tests
Run LPLT with 42 training and 22 tests
Run RD with 150 training and 76 tests
Run WBD with 4 training and 3 tests
Run WSD with 145 training and 73 tests
Confusion Matrix 18.0
0.3770; 0.4590; 0.0492; 0.0000; 0.0000; 0.0000; 0.0492; 0.0656; 0.0000
0.0500; 0.7700; 0.0000; 0.0000; 0.0000; 0.0900; 0.0900; 0.0000; 0.0000
0.0000; 0.0238; 0.9048; 0.0476; 0.0238; 0.0000; 0.0000; 0.0000; 0.0000
0.0000; 0.0000; 0.0816; 0.6939; 0.2245; 0.0000; 0.0000; 0.0000; 0.0000
0.0000; 0.0000; 0.0000; 0.3182; 0.6818; 0.0000; 0.0000; 0.0000; 0.0000
0.0789; 0.1579; 0.0132; 0.0000; 0.0526; 0.4737; 0.0921; 0.1316; 0.0000
0.0000; 1.0000; 0.0000; 0.0000; 0.0000; 0.0000; 0.0000; 0.0000; 0.0000
0.0274; 0.1507; 0.0000; 0.0000; 0.0000; 0.3425; 0.0137; 0.4658; 0.0000
Bootstrap 18
Run TT with 120 training and 61 tests
Run CD with 199 training and 100 tests
Run FKW with 83 training and 42 tests
Run KW with 98 training and 49 tests
Run LPLT with 42 training and 22 tests
Run RD with 150 training and 76 tests
Run WBD with 4 training and 3 tests
Run WSD with 145 training and 73 tests
Confusion Matrix 19.0
0.6393; 0.1803; 0.0164; 0.0000; 0.0000; 0.0492; 0.0000; 0.1148; 0.0000
0.0500; 0.3800; 0.0100; 0.0000; 0.0000; 0.2400; 0.2700; 0.0500; 0.0000
0.0000; 0.0476; 0.9524; 0.0000; 0.0000; 0.0000; 0.0000; 0.0000; 0.0000
0.0000; 0.0000; 0.0204; 0.8163; 0.1633; 0.0000; 0.0000; 0.0000; 0.0000
0.0000; 0.0000; 0.0455; 0.0455; 0.9091; 0.0000; 0.0000; 0.0000; 0.0000
0.0000; 0.1842; 0.0000; 0.0000; 0.0000; 0.4605; 0.0132; 0.3421; 0.0000
0.0000; 0.6667; 0.0000; 0.0000; 0.0000; 0.0000; 0.3333; 0.0000; 0.0000
0.1096; 0.0137; 0.0000; 0.0137; 0.0000; 0.2192; 0.0274; 0.6164; 0.0000
Bootstrap 19
Run TT with 120 training and 61 tests
Run CD with 199 training and 100 tests
Run FKW with 83 training and 42 tests
Run KW with 98 training and 49 tests
Run LPLT with 42 training and 22 tests
Run RD with 150 training and 76 tests
Run WBD with 4 training and 3 tests
Run WSD with 145 training and 73 tests
Confusion Matrix 20.0
0.5410; 0.1803; 0.0492; 0.0000; 0.0000; 0.0328; 0.0820; 0.1148; 0.0000
0.1100; 0.4100; 0.0100; 0.0000; 0.0000; 0.2200; 0.1400; 0.1100; 0.0000
0.0000; 0.0476; 0.9048; 0.0000; 0.0476; 0.0000; 0.0000; 0.0000; 0.0000
0.0000; 0.0000; 0.1224; 0.6531; 0.2245; 0.0000; 0.0000; 0.0000; 0.0000
0.0000; 0.0000; 0.0000; 0.3636; 0.6364; 0.0000; 0.0000; 0.0000; 0.0000
0.0132; 0.0395; 0.0000; 0.0000; 0.0000; 0.5789; 0.0000; 0.3684; 0.0000
0.0000; 0.3333; 0.0000; 0.0000; 0.0000; 0.0000; 0.6667; 0.0000; 0.0000
0.0548; 0.0411; 0.0000; 0.0000; 0.0137; 0.2055; 0.0274; 0.6575; 0.0000
Bootstrap 20
Run TT with 120 training and 61 tests
Run CD with 199 training and 100 tests
Run FKW with 83 training and 42 tests
Run KW with 98 training and 49 tests
Run LPLT with 42 training and 22 tests
Run RD with 150 training and 76 tests
Run WBD with 4 training and 3 tests
Run WSD with 145 training and 73 tests
Confusion Matrix 21.0
0.6557; 0.1639; 0.0000; 0.0000; 0.0000; 0.0984; 0.0328; 0.0492; 0.0000
0.0900; 0.5600; 0.0000; 0.0000; 0.0000; 0.1700; 0.1400; 0.0400; 0.0000
0.0000; 0.0476; 0.9048; 0.0238; 0.0238; 0.0000; 0.0000; 0.0000; 0.0000
0.0000; 0.0000; 0.0204; 0.7551; 0.1837; 0.0000; 0.0408; 0.0000; 0.0000
0.0000; 0.0000; 0.0000; 0.4091; 0.5909; 0.0000; 0.0000; 0.0000; 0.0000
0.0000; 0.0263; 0.0000; 0.0000; 0.0000; 0.5132; 0.0000; 0.4605; 0.0000
0.0000; 0.3333; 0.0000; 0.0000; 0.0000; 0.3333; 0.3333; 0.0000; 0.0000
0.0822; 0.0548; 0.0000; 0.0000; 0.0137; 0.2329; 0.0137; 0.6027; 0.0000
Bootstrap 21
Run TT with 120 training and 61 tests
Run CD with 199 training and 100 tests
Run FKW with 83 training and 42 tests
Run KW with 98 training and 49 tests
Run LPLT with 42 training and 22 tests
Run RD with 150 training and 76 tests
Run WBD with 4 training and 3 tests
Run WSD with 145 training and 73 tests
Confusion Matrix 22.0
0.9344; 0.0000; 0.0164; 0.0000; 0.0164; 0.0000; 0.0000; 0.0328; 0.0000
0.0500; 0.5300; 0.0100; 0.0000; 0.0000; 0.0700; 0.3300; 0.0100; 0.0000
0.0000; 0.0238; 0.8571; 0.0238; 0.0952; 0.0000; 0.0000; 0.0000; 0.0000
0.0000; 0.0000; 0.0000; 0.9592; 0.0408; 0.0000; 0.0000; 0.0000; 0.0000
0.0000; 0.0000; 0.0000; 0.7273; 0.2727; 0.0000; 0.0000; 0.0000; 0.0000
0.1184; 0.1447; 0.0000; 0.0000; 0.0395; 0.3947; 0.0921; 0.2105; 0.0000
0.0000; 0.3333; 0.0000; 0.0000; 0.0000; 0.0000; 0.6667; 0.0000; 0.0000
0.0685; 0.1096; 0.0000; 0.0000; 0.0000; 0.2740; 0.0274; 0.5205; 0.0000
Bootstrap 22
Run TT with 120 training and 61 tests
Run CD with 199 training and 100 tests
Run FKW with 83 training and 42 tests
Run KW with 98 training and 49 tests
Run LPLT with 42 training and 22 tests
Run RD with 150 training and 76 tests
Run WBD with 4 training and 3 tests
Run WSD with 145 training and 73 tests
Confusion Matrix 23.0
0.9016; 0.0000; 0.0164; 0.0000; 0.0164; 0.0328; 0.0000; 0.0328; 0.0000
0.0700; 0.6000; 0.0000; 0.0000; 0.0000; 0.1200; 0.1600; 0.0500; 0.0000
0.0000; 0.0000; 0.9524; 0.0000; 0.0238; 0.0000; 0.0238; 0.0000; 0.0000
0.0000; 0.0000; 0.0408; 0.8776; 0.0816; 0.0000; 0.0000; 0.0000; 0.0000
0.0000; 0.0000; 0.0000; 0.6364; 0.3636; 0.0000; 0.0000; 0.0000; 0.0000
0.0132; 0.1184; 0.0000; 0.0000; 0.0000; 0.5000; 0.0132; 0.3553; 0.0000
0.0000; 0.3333; 0.0000; 0.0000; 0.0000; 0.3333; 0.3333; 0.0000; 0.0000
0.0411; 0.0274; 0.0000; 0.0000; 0.0137; 0.2329; 0.0000; 0.6849; 0.0000
Bootstrap 23
Run TT with 120 training and 61 tests
Run CD with 199 training and 100 tests
Run FKW with 83 training and 42 tests
Run KW with 98 training and 49 tests
Run LPLT with 42 training and 22 tests
Run RD with 150 training and 76 tests
Run WBD with 4 training and 3 tests
Run WSD with 145 training and 73 tests
Confusion Matrix 24.0
0.4098; 0.3770; 0.0328; 0.0000; 0.0164; 0.0328; 0.0328; 0.0984; 0.0000
0.0700; 0.5900; 0.0000; 0.0000; 0.0000; 0.1200; 0.1400; 0.0800; 0.0000
0.0000; 0.0476; 0.8810; 0.0000; 0.0476; 0.0000; 0.0238; 0.0000; 0.0000
0.0000; 0.0000; 0.0204; 0.9388; 0.0408; 0.0000; 0.0000; 0.0000; 0.0000
0.0000; 0.0000; 0.0000; 0.5909; 0.4091; 0.0000; 0.0000; 0.0000; 0.0000
0.0921; 0.2237; 0.0132; 0.0132; 0.0395; 0.4211; 0.0526; 0.1447; 0.0000
0.0000; 0.3333; 0.0000; 0.0000; 0.0000; 0.0000; 0.6667; 0.0000; 0.0000
0.0274; 0.0959; 0.0000; 0.0000; 0.0000; 0.3699; 0.0548; 0.4521; 0.0000
Bootstrap 24
Run TT with 120 training and 61 tests
Run CD with 199 training and 100 tests
Run FKW with 83 training and 42 tests
Run KW with 98 training and 49 tests
Run LPLT with 42 training and 22 tests
Run RD with 150 training and 76 tests
Run WBD with 4 training and 3 tests
Run WSD with 145 training and 73 tests
Confusion Matrix 25.0
0.4590; 0.2459; 0.0328; 0.0000; 0.0000; 0.0328; 0.1475; 0.0820; 0.0000
0.0300; 0.5700; 0.0000; 0.0000; 0.0000; 0.0800; 0.3200; 0.0000; 0.0000
0.0000; 0.0000; 0.8810; 0.0476; 0.0238; 0.0238; 0.0238; 0.0000; 0.0000
0.0000; 0.0000; 0.0204; 0.8163; 0.1224; 0.0000; 0.0408; 0.0000; 0.0000
0.0000; 0.0000; 0.1364; 0.0909; 0.7727; 0.0000; 0.0000; 0.0000; 0.0000
0.0000; 0.0658; 0.0000; 0.0000; 0.0000; 0.6711; 0.0000; 0.2632; 0.0000
0.0000; 0.0000; 0.0000; 0.0000; 0.0000; 0.0000; 1.0000; 0.0000; 0.0000
0.0548; 0.0685; 0.0000; 0.0000; 0.0000; 0.2877; 0.0411; 0.5479; 0.0000
Bootstrap 25
Run TT with 120 training and 61 tests
Run CD with 199 training and 100 tests
Run FKW with 83 training and 42 tests
Run KW with 98 training and 49 tests
Run LPLT with 42 training and 22 tests
Run RD with 150 training and 76 tests
Run WBD with 4 training and 3 tests
Run WSD with 145 training and 73 tests
Confusion Matrix 26.0
0.8033; 0.0492; 0.0164; 0.0000; 0.0000; 0.0492; 0.0492; 0.0328; 0.0000
0.0500; 0.5100; 0.0100; 0.0000; 0.0000; 0.0500; 0.3400; 0.0400; 0.0000
0.0238; 0.0000; 0.9048; 0.0000; 0.0238; 0.0000; 0.0476; 0.0000; 0.0000
0.0000; 0.0000; 0.1429; 0.6939; 0.1633; 0.0000; 0.0000; 0.0000; 0.0000
0.0000; 0.0000; 0.0000; 0.7273; 0.2727; 0.0000; 0.0000; 0.0000; 0.0000
0.1053; 0.2105; 0.0000; 0.0132; 0.0395; 0.3947; 0.0789; 0.1579; 0.0000
0.0000; 0.3333; 0.0000; 0.0000; 0.0000; 0.0000; 0.6667; 0.0000; 0.0000
0.1233; 0.0685; 0.0000; 0.0000; 0.0000; 0.2740; 0.0548; 0.4795; 0.0000
Bootstrap 26
Run TT with 120 training and 61 tests
Run CD with 199 training and 100 tests
Run FKW with 83 training and 42 tests
Run KW with 98 training and 49 tests
Run LPLT with 42 training and 22 tests
Run RD with 150 training and 76 tests
Run WBD with 4 training and 3 tests
Run WSD with 145 training and 73 tests
Confusion Matrix 27.0
0.4262; 0.3934; 0.0328; 0.0000; 0.0000; 0.0328; 0.0656; 0.0492; 0.0000
0.0500; 0.5200; 0.0000; 0.0000; 0.0000; 0.1800; 0.2300; 0.0200; 0.0000
0.0000; 0.0000; 0.8810; 0.0000; 0.0952; 0.0000; 0.0238; 0.0000; 0.0000
0.0000; 0.0000; 0.1020; 0.6735; 0.1837; 0.0000; 0.0408; 0.0000; 0.0000
0.0000; 0.0000; 0.0000; 0.4091; 0.5909; 0.0000; 0.0000; 0.0000; 0.0000
0.0526; 0.2500; 0.0000; 0.0000; 0.0000; 0.3816; 0.0395; 0.2763; 0.0000
0.0000; 0.3333; 0.0000; 0.0000; 0.0000; 0.0000; 0.6667; 0.0000; 0.0000
0.0959; 0.0548; 0.0000; 0.0000; 0.0137; 0.3014; 0.0274; 0.5068; 0.0000
Bootstrap 27
Run TT with 120 training and 61 tests
Run CD with 199 training and 100 tests
Run FKW with 83 training and 42 tests
Run KW with 98 training and 49 tests
Run LPLT with 42 training and 22 tests
Run RD with 150 training and 76 tests
Run WBD with 4 training and 3 tests
Run WSD with 145 training and 73 tests
Confusion Matrix 28.0
0.6393; 0.1475; 0.0164; 0.0000; 0.0000; 0.0164; 0.0492; 0.1311; 0.0000
0.0500; 0.4800; 0.0000; 0.0000; 0.0000; 0.1700; 0.3000; 0.0000; 0.0000
0.0000; 0.0000; 0.9048; 0.0000; 0.0476; 0.0000; 0.0476; 0.0000; 0.0000
0.0000; 0.0000; 0.0000; 0.8776; 0.0816; 0.0000; 0.0408; 0.0000; 0.0000
0.0000; 0.0000; 0.0000; 0.3182; 0.6818; 0.0000; 0.0000; 0.0000; 0.0000
0.0132; 0.0132; 0.0000; 0.0000; 0.0000; 0.6316; 0.0000; 0.3421; 0.0000
0.0000; 0.0000; 0.0000; 0.0000; 0.0000; 0.0000; 1.0000; 0.0000; 0.0000
0.0685; 0.0685; 0.0000; 0.0000; 0.0137; 0.2740; 0.0274; 0.5479; 0.0000
Bootstrap 28
Run TT with 120 training and 61 tests
Run CD with 199 training and 100 tests
Run FKW with 83 training and 42 tests
Run KW with 98 training and 49 tests
Run LPLT with 42 training and 22 tests
Run RD with 150 training and 76 tests
Run WBD with 4 training and 3 tests
Run WSD with 145 training and 73 tests
Confusion Matrix 29.0
0.6230; 0.1148; 0.0328; 0.0000; 0.0000; 0.0164; 0.1148; 0.0984; 0.0000
0.0200; 0.4200; 0.0100; 0.0000; 0.0000; 0.1300; 0.3800; 0.0400; 0.0000
0.0000; 0.0000; 0.9048; 0.0238; 0.0476; 0.0000; 0.0238; 0.0000; 0.0000
0.0000; 0.0000; 0.0204; 0.7551; 0.2041; 0.0000; 0.0204; 0.0000; 0.0000
0.0000; 0.0000; 0.0455; 0.4545; 0.5000; 0.0000; 0.0000; 0.0000; 0.0000
0.0132; 0.0132; 0.0000; 0.0000; 0.0000; 0.5132; 0.0132; 0.4474; 0.0000
0.0000; 0.0000; 0.0000; 0.0000; 0.0000; 0.0000; 1.0000; 0.0000; 0.0000
0.0548; 0.0548; 0.0000; 0.0000; 0.0000; 0.2877; 0.0411; 0.5616; 0.0000
Bootstrap 29
Run TT with 120 training and 61 tests
Run CD with 199 training and 100 tests
Run FKW with 83 training and 42 tests
Run KW with 98 training and 49 tests
Run LPLT with 42 training and 22 tests
Run RD with 150 training and 76 tests
Run WBD with 4 training and 3 tests
Run WSD with 145 training and 73 tests
Confusion Matrix 30.0
0.4098; 0.2459; 0.0328; 0.0000; 0.0000; 0.1148; 0.0984; 0.0984; 0.0000
0.1000; 0.4200; 0.0100; 0.0000; 0.0000; 0.2300; 0.1400; 0.1000; 0.0000
0.0000; 0.0476; 0.9286; 0.0000; 0.0238; 0.0000; 0.0000; 0.0000; 0.0000
0.0000; 0.0000; 0.1020; 0.6531; 0.2245; 0.0000; 0.0204; 0.0000; 0.0000
0.0000; 0.0000; 0.0455; 0.3636; 0.5909; 0.0000; 0.0000; 0.0000; 0.0000
0.0132; 0.0132; 0.0000; 0.0000; 0.0000; 0.5526; 0.0132; 0.4079; 0.0000
0.0000; 0.0000; 0.0000; 0.0000; 0.0000; 0.0000; 1.0000; 0.0000; 0.0000
0.0411; 0.0274; 0.0000; 0.0000; 0.0137; 0.2877; 0.0411; 0.5890; 0.0000
Mean confusion
0.6311; 0.1836; 0.0230; 0.0000; 0.0033; 0.0339; 0.0514; 0.0738; 0.0000
0.0627; 0.5143; 0.0030; 0.0000; 0.0000; 0.1420; 0.2320; 0.0460; 0.0000
0.0008; 0.0167; 0.9175; 0.0103; 0.0389; 0.0024; 0.0127; 0.0008; 0.0000
0.0000; 0.0000; 0.0449; 0.7857; 0.1592; 0.0000; 0.0102; 0.0000; 0.0000
0.0000; 0.0000; 0.0152; 0.4333; 0.5500; 0.0000; 0.0015; 0.0000; 0.0000
0.0553; 0.1127; 0.0057; 0.0035; 0.0184; 0.4925; 0.0412; 0.2706; 0.0000
0.0000; 0.3778; 0.0111; 0.0000; 0.0000; 0.0333; 0.5778; 0.0000; 0.0000
0.0717; 0.0689; 0.0009; 0.0005; 0.0050; 0.2749; 0.0356; 0.5425; 0.0000
STD Confusion
0.1817; 0.1463; 0.0159; 0.0000; 0.0067; 0.0265; 0.0434; 0.0394; 0.0000
0.0447; 0.0996; 0.0047; 0.0000; 0.0000; 0.0785; 0.1165; 0.0365; 0.0000
0.0043; 0.0218; 0.0240; 0.0162; 0.0261; 0.0073; 0.0162; 0.0043; 0.0000
0.0000; 0.0000; 0.0417; 0.0964; 0.0702; 0.0000; 0.0159; 0.0000; 0.0000
0.0000; 0.0000; 0.0300; 0.2295; 0.2113; 0.0000; 0.0083; 0.0000; 0.0000
0.0521; 0.0712; 0.0089; 0.0069; 0.0206; 0.0892; 0.0367; 0.1067; 0.0000
0.0000; 0.3244; 0.0609; 0.0000; 0.0000; 0.1017; 0.3268; 0.0000; 0.0000
0.0266; 0.0287; 0.0035; 0.0025; 0.0067; 0.0423; 0.0212; 0.0533; 0.0000
Lower 95% CI
0.3770; 0.0000; 0.0000; 0.0000; 0.0000; 0.0000; 0.0000; 0.0164; 0.0000
0.0000; 0.3400; 0.0000; 0.0000; 0.0000; 0.0300; 0.0200; 0.0000; 0.0000
0.0000; 0.0000; 0.8571; 0.0000; 0.0000; 0.0000; 0.0000; 0.0000; 0.0000
0.0000; 0.0000; 0.0000; 0.5918; 0.0408; 0.0000; 0.0000; 0.0000; 0.0000
0.0000; 0.0000; 0.0000; 0.0000; 0.2273; 0.0000; 0.0000; 0.0000; 0.0000
0.0000; 0.0132; 0.0000; 0.0000; 0.0000; 0.3553; 0.0000; 0.1053; 0.0000
0.0000; 0.0000; 0.0000; 0.0000; 0.0000; 0.0000; 0.0000; 0.0000; 0.0000
0.0274; 0.0137; 0.0000; 0.0000; 0.0000; 0.2055; 0.0000; 0.4521; 0.0000
Upper 95% CI
0.9344; 0.4590; 0.0656; 0.0000; 0.0164; 0.1148; 0.1475; 0.1803; 0.0000
0.2000; 0.7700; 0.0100; 0.0000; 0.0000; 0.3200; 0.4900; 0.1200; 0.0000
0.0238; 0.0714; 0.9524; 0.0476; 0.0952; 0.0238; 0.0476; 0.0238; 0.0000
0.0000; 0.0000; 0.1429; 0.9592; 0.3469; 0.0000; 0.0408; 0.0000; 0.0000
0.0000; 0.0000; 0.1364; 0.7727; 0.9545; 0.0000; 0.0455; 0.0000; 0.0000
0.1447; 0.2500; 0.0263; 0.0263; 0.0526; 0.6711; 0.1053; 0.4605; 0.0000
0.0000; 1.0000; 0.3333; 0.0000; 0.0000; 0.3333; 1.0000; 0.0000; 0.0000
0.1233; 0.1507; 0.0137; 0.0137; 0.0137; 0.3699; 0.0822; 0.6849; 0.0000
Run TT with 181 training and 0 tests
Run CD with 299 training and 0 tests
Run FKW with 125 training and 0 tests
Run KW with 147 training and 0 tests
Run LPLT with 64 training and 0 tests
Run RD with 226 training and 0 tests
Run WBD with 7 training and 0 tests
Run WSD with 218 training and 0 tests