Total Bootstraps 30
Num Species 8
FragmentLength 20; Section Length 35
TT; CD; FKW; KW; LPLT; RD; WBD; WSD
Bootstrap 0
Run TT with 274 training and 137 tests
Run CD with 441 training and 221 tests
Run FKW with 168 training and 84 tests
Run KW with 228 training and 115 tests
Run LPLT with 101 training and 51 tests
Run RD with 358 training and 179 tests
Run WBD with 10 training and 6 tests
Run WSD with 342 training and 171 tests
Confusion Matrix 1.0
0.5328; 0.1460; 0.0219; 0.0000; 0.0219; 0.0438; 0.0803; 0.1533; 0.0000
0.0724; 0.3529; 0.0136; 0.0000; 0.0000; 0.2081; 0.3258; 0.0271; 0.0000
0.0000; 0.0000; 0.8929; 0.0000; 0.0357; 0.0000; 0.0595; 0.0119; 0.0000
0.0000; 0.0000; 0.0087; 0.5739; 0.3913; 0.0000; 0.0261; 0.0000; 0.0000
0.0588; 0.0000; 0.0196; 0.1765; 0.6863; 0.0000; 0.0588; 0.0000; 0.0000
0.0168; 0.0279; 0.0000; 0.0000; 0.0000; 0.5866; 0.0056; 0.3631; 0.0000
0.0000; 0.1667; 0.0000; 0.0000; 0.0000; 0.0000; 0.8333; 0.0000; 0.0000
0.1111; 0.0819; 0.0175; 0.0000; 0.0000; 0.1988; 0.0468; 0.5439; 0.0000
Bootstrap 1
Run TT with 274 training and 137 tests
Run CD with 441 training and 221 tests
Run FKW with 168 training and 84 tests
Run KW with 228 training and 115 tests
Run LPLT with 101 training and 51 tests
Run RD with 358 training and 179 tests
Run WBD with 10 training and 6 tests
Run WSD with 342 training and 171 tests
Confusion Matrix 2.0
0.4234; 0.2628; 0.0292; 0.0000; 0.0146; 0.1022; 0.1241; 0.0438; 0.0000
0.0950; 0.3891; 0.0045; 0.0000; 0.0000; 0.1900; 0.2308; 0.0905; 0.0000
0.0000; 0.0238; 0.8810; 0.0119; 0.0476; 0.0000; 0.0357; 0.0000; 0.0000
0.0000; 0.0000; 0.0522; 0.8087; 0.1391; 0.0000; 0.0000; 0.0000; 0.0000
0.0000; 0.0000; 0.0196; 0.4118; 0.5686; 0.0000; 0.0000; 0.0000; 0.0000
0.0056; 0.1061; 0.0000; 0.0000; 0.0000; 0.4860; 0.0056; 0.3966; 0.0000
0.0000; 0.3333; 0.0000; 0.0000; 0.0000; 0.0000; 0.6667; 0.0000; 0.0000
0.1404; 0.0819; 0.0058; 0.0000; 0.0000; 0.2632; 0.0468; 0.4620; 0.0000
Bootstrap 2
Run TT with 274 training and 137 tests
Run CD with 441 training and 221 tests
Run FKW with 168 training and 84 tests
Run KW with 228 training and 115 tests
Run LPLT with 101 training and 51 tests
Run RD with 358 training and 179 tests
Run WBD with 10 training and 6 tests
Run WSD with 342 training and 171 tests
Confusion Matrix 3.0
0.4599; 0.1387; 0.0511; 0.0000; 0.0292; 0.0292; 0.1533; 0.1387; 0.0000
0.0588; 0.3665; 0.0090; 0.0000; 0.0000; 0.1448; 0.4027; 0.0181; 0.0000
0.0000; 0.0000; 0.8810; 0.0476; 0.0476; 0.0000; 0.0119; 0.0119; 0.0000
0.0000; 0.0000; 0.0261; 0.8000; 0.1652; 0.0000; 0.0087; 0.0000; 0.0000
0.0000; 0.0000; 0.0196; 0.3333; 0.6471; 0.0000; 0.0000; 0.0000; 0.0000
0.0670; 0.0447; 0.0168; 0.0168; 0.0950; 0.4860; 0.0391; 0.2346; 0.0000
0.0000; 0.0000; 0.0000; 0.0000; 0.0000; 0.1667; 0.8333; 0.0000; 0.0000
0.0760; 0.0936; 0.0058; 0.0117; 0.0000; 0.3216; 0.0409; 0.4503; 0.0000
Bootstrap 3
Run TT with 274 training and 137 tests
Run CD with 441 training and 221 tests
Run FKW with 168 training and 84 tests
Run KW with 228 training and 115 tests
Run LPLT with 101 training and 51 tests
Run RD with 358 training and 179 tests
Run WBD with 10 training and 6 tests
Run WSD with 342 training and 171 tests
Confusion Matrix 4.0
0.3650; 0.2847; 0.0657; 0.0000; 0.0073; 0.0657; 0.1387; 0.0730; 0.0000
0.0588; 0.4389; 0.0045; 0.0000; 0.0000; 0.0950; 0.3756; 0.0271; 0.0000
0.0000; 0.0238; 0.7976; 0.0000; 0.1310; 0.0000; 0.0357; 0.0119; 0.0000
0.0000; 0.0000; 0.0087; 0.7043; 0.2783; 0.0000; 0.0087; 0.0000; 0.0000
0.0000; 0.0000; 0.0000; 0.3137; 0.6863; 0.0000; 0.0000; 0.0000; 0.0000
0.0894; 0.1788; 0.0279; 0.0056; 0.0894; 0.3687; 0.0838; 0.1564; 0.0000
0.0000; 0.3333; 0.0000; 0.0000; 0.0000; 0.0000; 0.6667; 0.0000; 0.0000
0.1111; 0.1404; 0.0058; 0.0000; 0.0000; 0.3099; 0.0292; 0.4035; 0.0000
Bootstrap 4
Run TT with 274 training and 137 tests
Run CD with 441 training and 221 tests
Run FKW with 168 training and 84 tests
Run KW with 228 training and 115 tests
Run LPLT with 101 training and 51 tests
Run RD with 358 training and 179 tests
Run WBD with 10 training and 6 tests
Run WSD with 342 training and 171 tests
Confusion Matrix 5.0
0.3139; 0.2993; 0.0438; 0.0000; 0.0146; 0.1314; 0.1241; 0.0730; 0.0000
0.0452; 0.4751; 0.0000; 0.0000; 0.0000; 0.2217; 0.1855; 0.0724; 0.0000
0.0000; 0.0238; 0.7619; 0.0833; 0.1190; 0.0119; 0.0000; 0.0000; 0.0000
0.0000; 0.0000; 0.1478; 0.6435; 0.1913; 0.0000; 0.0174; 0.0000; 0.0000
0.0000; 0.0000; 0.0000; 0.4314; 0.5686; 0.0000; 0.0000; 0.0000; 0.0000
0.0056; 0.1061; 0.0000; 0.0000; 0.0000; 0.5084; 0.0000; 0.3799; 0.0000
0.0000; 0.3333; 0.0000; 0.0000; 0.0000; 0.1667; 0.5000; 0.0000; 0.0000
0.0936; 0.0760; 0.0000; 0.0000; 0.0000; 0.2982; 0.0468; 0.4854; 0.0000
Bootstrap 5
Run TT with 274 training and 137 tests
Run CD with 441 training and 221 tests
Run FKW with 168 training and 84 tests
Run KW with 228 training and 115 tests
Run LPLT with 101 training and 51 tests
Run RD with 358 training and 179 tests
Run WBD with 10 training and 6 tests
Run WSD with 342 training and 171 tests
Confusion Matrix 6.0
0.7883; 0.0219; 0.0365; 0.0000; 0.0146; 0.0219; 0.0292; 0.0876; 0.0000
0.0724; 0.4977; 0.0045; 0.0000; 0.0090; 0.1448; 0.2398; 0.0317; 0.0000
0.0000; 0.0000; 0.9167; 0.0000; 0.0595; 0.0000; 0.0238; 0.0000; 0.0000
0.0000; 0.0000; 0.0957; 0.6870; 0.1826; 0.0000; 0.0348; 0.0000; 0.0000
0.0000; 0.0000; 0.0000; 0.5686; 0.4314; 0.0000; 0.0000; 0.0000; 0.0000
0.1006; 0.1676; 0.0112; 0.0112; 0.0391; 0.4302; 0.0726; 0.1676; 0.0000
0.0000; 0.8333; 0.0000; 0.0000; 0.0000; 0.0000; 0.1667; 0.0000; 0.0000
0.1228; 0.0702; 0.0058; 0.0000; 0.0117; 0.4152; 0.0351; 0.3392; 0.0000
Bootstrap 6
Run TT with 274 training and 137 tests
Run CD with 441 training and 221 tests
Run FKW with 168 training and 84 tests
Run KW with 228 training and 115 tests
Run LPLT with 101 training and 51 tests
Run RD with 358 training and 179 tests
Run WBD with 10 training and 6 tests
Run WSD with 342 training and 171 tests
Confusion Matrix 7.0
0.3723; 0.2117; 0.0511; 0.0000; 0.0146; 0.0949; 0.1606; 0.0949; 0.0000
0.0769; 0.4480; 0.0136; 0.0000; 0.0000; 0.2353; 0.1267; 0.0995; 0.0000
0.0000; 0.0119; 0.8333; 0.0595; 0.0833; 0.0000; 0.0119; 0.0000; 0.0000
0.0000; 0.0000; 0.0435; 0.7913; 0.1652; 0.0000; 0.0000; 0.0000; 0.0000
0.0196; 0.0000; 0.0784; 0.0588; 0.7843; 0.0000; 0.0588; 0.0000; 0.0000
0.0056; 0.0447; 0.0000; 0.0000; 0.0000; 0.5587; 0.0000; 0.3911; 0.0000
0.0000; 0.6667; 0.0000; 0.0000; 0.0000; 0.0000; 0.3333; 0.0000; 0.0000
0.0819; 0.0936; 0.0058; 0.0000; 0.0000; 0.2456; 0.0468; 0.5263; 0.0000
Bootstrap 7
Run TT with 274 training and 137 tests
Run CD with 441 training and 221 tests
Run FKW with 168 training and 84 tests
Run KW with 228 training and 115 tests
Run LPLT with 101 training and 51 tests
Run RD with 358 training and 179 tests
Run WBD with 10 training and 6 tests
Run WSD with 342 training and 171 tests
Confusion Matrix 8.0
0.8102; 0.0292; 0.0146; 0.0000; 0.0292; 0.0365; 0.0073; 0.0730; 0.0000
0.0950; 0.4163; 0.0136; 0.0000; 0.0000; 0.2534; 0.0905; 0.1312; 0.0000
0.0000; 0.0119; 0.7738; 0.0476; 0.1548; 0.0000; 0.0119; 0.0000; 0.0000
0.0000; 0.0000; 0.0348; 0.7739; 0.1565; 0.0000; 0.0348; 0.0000; 0.0000
0.0000; 0.0000; 0.0196; 0.5686; 0.4118; 0.0000; 0.0000; 0.0000; 0.0000
0.0279; 0.1117; 0.0000; 0.0000; 0.0000; 0.4749; 0.0168; 0.3687; 0.0000
0.0000; 0.6667; 0.0000; 0.0000; 0.0000; 0.1667; 0.1667; 0.0000; 0.0000
0.1053; 0.0526; 0.0058; 0.0000; 0.0000; 0.3450; 0.0234; 0.4678; 0.0000
Bootstrap 8
Run TT with 274 training and 137 tests
Run CD with 441 training and 221 tests
Run FKW with 168 training and 84 tests
Run KW with 228 training and 115 tests
Run LPLT with 101 training and 51 tests
Run RD with 358 training and 179 tests
Run WBD with 10 training and 6 tests
Run WSD with 342 training and 171 tests
Confusion Matrix 9.0
0.8394; 0.0146; 0.0292; 0.0000; 0.0146; 0.0219; 0.0073; 0.0730; 0.0000
0.1267; 0.4118; 0.0090; 0.0000; 0.0000; 0.1946; 0.1538; 0.1041; 0.0000
0.0000; 0.0000; 0.9405; 0.0000; 0.0357; 0.0000; 0.0238; 0.0000; 0.0000
0.0000; 0.0000; 0.0348; 0.7217; 0.2174; 0.0000; 0.0261; 0.0000; 0.0000
0.0000; 0.0000; 0.0000; 0.3725; 0.6275; 0.0000; 0.0000; 0.0000; 0.0000
0.0223; 0.0782; 0.0000; 0.0000; 0.0000; 0.5475; 0.0056; 0.3464; 0.0000
0.0000; 0.1667; 0.0000; 0.0000; 0.0000; 0.1667; 0.6667; 0.0000; 0.0000
0.1053; 0.0702; 0.0117; 0.0000; 0.0000; 0.3041; 0.0468; 0.4620; 0.0000
Bootstrap 9
Run TT with 274 training and 137 tests
Run CD with 441 training and 221 tests
Run FKW with 168 training and 84 tests
Run KW with 228 training and 115 tests
Run LPLT with 101 training and 51 tests
Run RD with 358 training and 179 tests
Run WBD with 10 training and 6 tests
Run WSD with 342 training and 171 tests
Confusion Matrix 10.0
0.7080; 0.0876; 0.0365; 0.0000; 0.0146; 0.0219; 0.0438; 0.0876; 0.0000
0.0724; 0.3620; 0.0090; 0.0000; 0.0000; 0.1629; 0.3620; 0.0317; 0.0000
0.0238; 0.0119; 0.8690; 0.0238; 0.0357; 0.0000; 0.0357; 0.0000; 0.0000
0.0000; 0.0000; 0.0522; 0.7304; 0.1913; 0.0000; 0.0261; 0.0000; 0.0000
0.0000; 0.0000; 0.0196; 0.5882; 0.3922; 0.0000; 0.0000; 0.0000; 0.0000
0.0112; 0.0894; 0.0000; 0.0000; 0.0000; 0.6034; 0.0000; 0.2961; 0.0000
0.0000; 0.3333; 0.0000; 0.0000; 0.0000; 0.0000; 0.6667; 0.0000; 0.0000
0.1228; 0.0760; 0.0058; 0.0000; 0.0000; 0.2222; 0.0409; 0.5322; 0.0000
Bootstrap 10
Run TT with 274 training and 137 tests
Run CD with 441 training and 221 tests
Run FKW with 168 training and 84 tests
Run KW with 228 training and 115 tests
Run LPLT with 101 training and 51 tests
Run RD with 358 training and 179 tests
Run WBD with 10 training and 6 tests
Run WSD with 342 training and 171 tests
Confusion Matrix 11.0
0.5474; 0.1168; 0.0292; 0.0000; 0.0146; 0.0730; 0.0803; 0.1387; 0.0000
0.0769; 0.2534; 0.0000; 0.0000; 0.0000; 0.1448; 0.5113; 0.0136; 0.0000
0.0000; 0.0000; 0.7619; 0.1071; 0.0714; 0.0238; 0.0357; 0.0000; 0.0000
0.0000; 0.0000; 0.0348; 0.6087; 0.3130; 0.0000; 0.0435; 0.0000; 0.0000
0.0392; 0.0000; 0.0196; 0.1569; 0.7451; 0.0000; 0.0392; 0.0000; 0.0000
0.0223; 0.0894; 0.0000; 0.0000; 0.0000; 0.4413; 0.1061; 0.3408; 0.0000
0.0000; 0.0000; 0.0000; 0.0000; 0.0000; 0.0000; 1.0000; 0.0000; 0.0000
0.0819; 0.0994; 0.0175; 0.0000; 0.0000; 0.2632; 0.0643; 0.4737; 0.0000
Bootstrap 11
Run TT with 274 training and 137 tests
Run CD with 441 training and 221 tests
Run FKW with 168 training and 84 tests
Run KW with 228 training and 115 tests
Run LPLT with 101 training and 51 tests
Run RD with 358 training and 179 tests
Run WBD with 10 training and 6 tests
Run WSD with 342 training and 171 tests
Confusion Matrix 12.0
0.3942; 0.2993; 0.0511; 0.0000; 0.0000; 0.0438; 0.1533; 0.0584; 0.0000
0.0543; 0.5566; 0.0000; 0.0000; 0.0045; 0.0679; 0.2489; 0.0679; 0.0000
0.0000; 0.0238; 0.9286; 0.0238; 0.0119; 0.0000; 0.0119; 0.0000; 0.0000
0.0000; 0.0000; 0.0261; 0.7391; 0.2261; 0.0000; 0.0087; 0.0000; 0.0000
0.0392; 0.0000; 0.0392; 0.1373; 0.7255; 0.0000; 0.0588; 0.0000; 0.0000
0.1006; 0.1620; 0.0112; 0.0168; 0.0670; 0.4078; 0.0950; 0.1397; 0.0000
0.0000; 0.1667; 0.0000; 0.0000; 0.0000; 0.0000; 0.8333; 0.0000; 0.0000
0.1111; 0.1170; 0.0000; 0.0058; 0.0058; 0.3392; 0.0409; 0.3801; 0.0000
Bootstrap 12
Run TT with 274 training and 137 tests
Run CD with 441 training and 221 tests
Run FKW with 168 training and 84 tests
Run KW with 228 training and 115 tests
Run LPLT with 101 training and 51 tests
Run RD with 358 training and 179 tests
Run WBD with 10 training and 6 tests
Run WSD with 342 training and 171 tests
Confusion Matrix 13.0
0.7956; 0.0292; 0.0365; 0.0000; 0.0073; 0.0438; 0.0146; 0.0730; 0.0000
0.1629; 0.3575; 0.0136; 0.0000; 0.0000; 0.2398; 0.1041; 0.1222; 0.0000
0.0238; 0.0476; 0.8571; 0.0000; 0.0476; 0.0000; 0.0238; 0.0000; 0.0000
0.0000; 0.0000; 0.0609; 0.6609; 0.2522; 0.0000; 0.0261; 0.0000; 0.0000
0.0000; 0.0000; 0.0196; 0.5098; 0.4706; 0.0000; 0.0000; 0.0000; 0.0000
0.0112; 0.0223; 0.0000; 0.0000; 0.0000; 0.7318; 0.0056; 0.2291; 0.0000
0.0000; 0.1667; 0.0000; 0.0000; 0.0000; 0.0000; 0.8333; 0.0000; 0.0000
0.1170; 0.0585; 0.0000; 0.0000; 0.0000; 0.2749; 0.0585; 0.4912; 0.0000
Bootstrap 13
Run TT with 274 training and 137 tests
Run CD with 441 training and 221 tests
Run FKW with 168 training and 84 tests
Run KW with 228 training and 115 tests
Run LPLT with 101 training and 51 tests
Run RD with 358 training and 179 tests
Run WBD with 10 training and 6 tests
Run WSD with 342 training and 171 tests
Confusion Matrix 14.0
0.3285; 0.3285; 0.0584; 0.0000; 0.0073; 0.0730; 0.1022; 0.1022; 0.0000
0.0498; 0.4796; 0.0090; 0.0000; 0.0000; 0.2127; 0.1448; 0.1041; 0.0000
0.0000; 0.0357; 0.8333; 0.0000; 0.0714; 0.0000; 0.0476; 0.0119; 0.0000
0.0000; 0.0000; 0.0261; 0.7826; 0.1739; 0.0000; 0.0174; 0.0000; 0.0000
0.0000; 0.0000; 0.0196; 0.1373; 0.8039; 0.0000; 0.0392; 0.0000; 0.0000
0.0447; 0.2123; 0.0000; 0.0000; 0.0000; 0.3743; 0.0503; 0.3184; 0.0000
0.0000; 0.3333; 0.0000; 0.0000; 0.0000; 0.0000; 0.6667; 0.0000; 0.0000
0.0760; 0.1111; 0.0117; 0.0000; 0.0000; 0.2924; 0.0526; 0.4561; 0.0000
Bootstrap 14
Run TT with 274 training and 137 tests
Run CD with 441 training and 221 tests
Run FKW with 168 training and 84 tests
Run KW with 228 training and 115 tests
Run LPLT with 101 training and 51 tests
Run RD with 358 training and 179 tests
Run WBD with 10 training and 6 tests
Run WSD with 342 training and 171 tests
Confusion Matrix 15.0
0.7737; 0.0365; 0.0146; 0.0000; 0.0146; 0.0584; 0.0146; 0.0876; 0.0000
0.1629; 0.3801; 0.0045; 0.0000; 0.0000; 0.2217; 0.0769; 0.1538; 0.0000
0.0119; 0.0476; 0.9048; 0.0000; 0.0000; 0.0000; 0.0357; 0.0000; 0.0000
0.0000; 0.0000; 0.1217; 0.5565; 0.2783; 0.0000; 0.0435; 0.0000; 0.0000
0.0000; 0.0000; 0.1373; 0.0784; 0.7451; 0.0000; 0.0392; 0.0000; 0.0000
0.0335; 0.1508; 0.0000; 0.0000; 0.0000; 0.3966; 0.0391; 0.3799; 0.0000
0.0000; 0.5000; 0.0000; 0.0000; 0.0000; 0.1667; 0.3333; 0.0000; 0.0000
0.1228; 0.0409; 0.0117; 0.0000; 0.0117; 0.3158; 0.0468; 0.4503; 0.0000
Bootstrap 15
Run TT with 274 training and 137 tests
Run CD with 441 training and 221 tests
Run FKW with 168 training and 84 tests
Run KW with 228 training and 115 tests
Run LPLT with 101 training and 51 tests
Run RD with 358 training and 179 tests
Run WBD with 10 training and 6 tests
Run WSD with 342 training and 171 tests
Confusion Matrix 16.0
0.7737; 0.0511; 0.0511; 0.0000; 0.0146; 0.0146; 0.0292; 0.0657; 0.0000
0.0724; 0.4570; 0.0136; 0.0000; 0.0045; 0.1357; 0.2217; 0.0950; 0.0000
0.0000; 0.0119; 0.7857; 0.0833; 0.0833; 0.0357; 0.0000; 0.0000; 0.0000
0.0000; 0.0000; 0.1304; 0.6261; 0.2000; 0.0000; 0.0435; 0.0000; 0.0000
0.0000; 0.0000; 0.0196; 0.4118; 0.5686; 0.0000; 0.0000; 0.0000; 0.0000
0.0279; 0.1229; 0.0000; 0.0000; 0.0000; 0.4190; 0.0391; 0.3911; 0.0000
0.0000; 0.3333; 0.0000; 0.0000; 0.0000; 0.1667; 0.3333; 0.1667; 0.0000
0.1345; 0.0877; 0.0058; 0.0000; 0.0000; 0.2632; 0.0234; 0.4854; 0.0000
Bootstrap 16
Run TT with 274 training and 137 tests
Run CD with 441 training and 221 tests
Run FKW with 168 training and 84 tests
Run KW with 228 training and 115 tests
Run LPLT with 101 training and 51 tests
Run RD with 358 training and 179 tests
Run WBD with 10 training and 6 tests
Run WSD with 342 training and 171 tests
Confusion Matrix 17.0
0.7883; 0.0219; 0.0219; 0.0000; 0.0365; 0.0219; 0.0219; 0.0876; 0.0000
0.1086; 0.4344; 0.0136; 0.0000; 0.0000; 0.1946; 0.1267; 0.1222; 0.0000
0.0000; 0.0119; 0.8690; 0.0238; 0.0833; 0.0119; 0.0000; 0.0000; 0.0000
0.0000; 0.0000; 0.1217; 0.6174; 0.2174; 0.0000; 0.0435; 0.0000; 0.0000
0.0000; 0.0000; 0.0000; 0.5490; 0.4510; 0.0000; 0.0000; 0.0000; 0.0000
0.0056; 0.0112; 0.0000; 0.0000; 0.0000; 0.6816; 0.0000; 0.3017; 0.0000
0.0000; 0.3333; 0.0000; 0.0000; 0.0000; 0.1667; 0.3333; 0.1667; 0.0000
0.1111; 0.0468; 0.0058; 0.0058; 0.0058; 0.2339; 0.0409; 0.5497; 0.0000
Bootstrap 17
Run TT with 274 training and 137 tests
Run CD with 441 training and 221 tests
Run FKW with 168 training and 84 tests
Run KW with 228 training and 115 tests
Run LPLT with 101 training and 51 tests
Run RD with 358 training and 179 tests
Run WBD with 10 training and 6 tests
Run WSD with 342 training and 171 tests
Confusion Matrix 18.0
0.4307; 0.2701; 0.0292; 0.0000; 0.0073; 0.0803; 0.1168; 0.0657; 0.0000
0.1041; 0.4389; 0.0181; 0.0000; 0.0045; 0.2217; 0.1176; 0.0950; 0.0000
0.0000; 0.0476; 0.8929; 0.0238; 0.0357; 0.0000; 0.0000; 0.0000; 0.0000
0.0000; 0.0000; 0.0174; 0.8261; 0.1391; 0.0000; 0.0174; 0.0000; 0.0000
0.0000; 0.0000; 0.0000; 0.5882; 0.4118; 0.0000; 0.0000; 0.0000; 0.0000
0.0615; 0.1788; 0.0168; 0.0056; 0.0782; 0.3687; 0.0894; 0.2011; 0.0000
0.0000; 0.6667; 0.0000; 0.0000; 0.0000; 0.0000; 0.3333; 0.0000; 0.0000
0.0994; 0.0819; 0.0117; 0.0058; 0.0117; 0.3275; 0.0292; 0.4327; 0.0000
Bootstrap 18
Run TT with 274 training and 137 tests
Run CD with 441 training and 221 tests
Run FKW with 168 training and 84 tests
Run KW with 228 training and 115 tests
Run LPLT with 101 training and 51 tests
Run RD with 358 training and 179 tests
Run WBD with 10 training and 6 tests
Run WSD with 342 training and 171 tests
Confusion Matrix 19.0
0.8029; 0.0292; 0.0511; 0.0000; 0.0073; 0.0292; 0.0219; 0.0584; 0.0000
0.0905; 0.3167; 0.0090; 0.0000; 0.0000; 0.1493; 0.4208; 0.0136; 0.0000
0.0000; 0.0000; 0.9405; 0.0238; 0.0000; 0.0000; 0.0357; 0.0000; 0.0000
0.0000; 0.0000; 0.0957; 0.5739; 0.3130; 0.0000; 0.0174; 0.0000; 0.0000
0.0196; 0.0000; 0.0784; 0.2353; 0.6667; 0.0000; 0.0000; 0.0000; 0.0000
0.0447; 0.0335; 0.0223; 0.0112; 0.0726; 0.5028; 0.0559; 0.2570; 0.0000
0.0000; 0.0000; 0.0000; 0.0000; 0.0000; 0.1667; 0.8333; 0.0000; 0.0000
0.0819; 0.0643; 0.0000; 0.0000; 0.0175; 0.3216; 0.0409; 0.4737; 0.0000
Bootstrap 19
Run TT with 274 training and 137 tests
Run CD with 441 training and 221 tests
Run FKW with 168 training and 84 tests
Run KW with 228 training and 115 tests
Run LPLT with 101 training and 51 tests
Run RD with 358 training and 179 tests
Run WBD with 10 training and 6 tests
Run WSD with 342 training and 171 tests
Confusion Matrix 20.0
0.4088; 0.1752; 0.0584; 0.0000; 0.0365; 0.0730; 0.1314; 0.1168; 0.0000
0.0633; 0.4661; 0.0000; 0.0000; 0.0045; 0.0860; 0.3077; 0.0724; 0.0000
0.0000; 0.0238; 0.7857; 0.0833; 0.0833; 0.0119; 0.0119; 0.0000; 0.0000
0.0000; 0.0000; 0.0261; 0.6957; 0.2696; 0.0000; 0.0087; 0.0000; 0.0000
0.0000; 0.0000; 0.0000; 0.4314; 0.5686; 0.0000; 0.0000; 0.0000; 0.0000
0.0894; 0.1341; 0.0279; 0.0112; 0.1006; 0.4134; 0.0447; 0.1788; 0.0000
0.0000; 0.1667; 0.0000; 0.0000; 0.0000; 0.0000; 0.8333; 0.0000; 0.0000
0.0760; 0.0877; 0.0234; 0.0000; 0.0058; 0.3450; 0.0292; 0.4327; 0.0000
Bootstrap 20
Run TT with 274 training and 137 tests
Run CD with 441 training and 221 tests
Run FKW with 168 training and 84 tests
Run KW with 228 training and 115 tests
Run LPLT with 101 training and 51 tests
Run RD with 358 training and 179 tests
Run WBD with 10 training and 6 tests
Run WSD with 342 training and 171 tests
Confusion Matrix 21.0
0.6861; 0.0730; 0.0365; 0.0000; 0.0073; 0.0584; 0.0876; 0.0511; 0.0000
0.0769; 0.4661; 0.0045; 0.0000; 0.0000; 0.1855; 0.2534; 0.0136; 0.0000
0.0476; 0.0119; 0.8810; 0.0238; 0.0238; 0.0000; 0.0119; 0.0000; 0.0000
0.0000; 0.0000; 0.0174; 0.7826; 0.1739; 0.0000; 0.0261; 0.0000; 0.0000
0.0000; 0.0000; 0.0588; 0.3333; 0.6078; 0.0000; 0.0000; 0.0000; 0.0000
0.0112; 0.0950; 0.0000; 0.0000; 0.0000; 0.6313; 0.0000; 0.2626; 0.0000
0.0000; 0.3333; 0.0000; 0.0000; 0.0000; 0.3333; 0.3333; 0.0000; 0.0000
0.0877; 0.0877; 0.0117; 0.0000; 0.0117; 0.2924; 0.0234; 0.4854; 0.0000
Bootstrap 21
Run TT with 274 training and 137 tests
Run CD with 441 training and 221 tests
Run FKW with 168 training and 84 tests
Run KW with 228 training and 115 tests
Run LPLT with 101 training and 51 tests
Run RD with 358 training and 179 tests
Run WBD with 10 training and 6 tests
Run WSD with 342 training and 171 tests
Confusion Matrix 22.0
0.6569; 0.0803; 0.0146; 0.0000; 0.0219; 0.0730; 0.0730; 0.0803; 0.0000
0.1176; 0.3665; 0.0090; 0.0000; 0.0000; 0.2760; 0.1176; 0.1131; 0.0000
0.0119; 0.0595; 0.8690; 0.0119; 0.0238; 0.0000; 0.0238; 0.0000; 0.0000
0.0000; 0.0000; 0.0435; 0.8348; 0.1217; 0.0000; 0.0000; 0.0000; 0.0000
0.0000; 0.0000; 0.0000; 0.4314; 0.5686; 0.0000; 0.0000; 0.0000; 0.0000
0.0279; 0.0223; 0.0000; 0.0056; 0.0056; 0.5196; 0.0168; 0.4022; 0.0000
0.0000; 0.5000; 0.0000; 0.0000; 0.0000; 0.0000; 0.5000; 0.0000; 0.0000
0.0936; 0.0760; 0.0117; 0.0000; 0.0000; 0.2398; 0.0234; 0.5556; 0.0000
Bootstrap 22
Run TT with 274 training and 137 tests
Run CD with 441 training and 221 tests
Run FKW with 168 training and 84 tests
Run KW with 228 training and 115 tests
Run LPLT with 101 training and 51 tests
Run RD with 358 training and 179 tests
Run WBD with 10 training and 6 tests
Run WSD with 342 training and 171 tests
Confusion Matrix 23.0
0.8467; 0.0219; 0.0292; 0.0000; 0.0146; 0.0146; 0.0146; 0.0584; 0.0000
0.1493; 0.4525; 0.0090; 0.0000; 0.0000; 0.1810; 0.1176; 0.0905; 0.0000
0.0000; 0.0000; 0.9048; 0.0238; 0.0476; 0.0000; 0.0238; 0.0000; 0.0000
0.0000; 0.0000; 0.0348; 0.7217; 0.2435; 0.0000; 0.0000; 0.0000; 0.0000
0.0000; 0.0000; 0.1176; 0.0784; 0.7255; 0.0000; 0.0784; 0.0000; 0.0000
0.1006; 0.1341; 0.0447; 0.0112; 0.0726; 0.4246; 0.0391; 0.1732; 0.0000
0.0000; 0.6667; 0.0000; 0.0000; 0.0000; 0.0000; 0.3333; 0.0000; 0.0000
0.0936; 0.0526; 0.0058; 0.0000; 0.0000; 0.3041; 0.0409; 0.5029; 0.0000
Bootstrap 23
Run TT with 274 training and 137 tests
Run CD with 441 training and 221 tests
Run FKW with 168 training and 84 tests
Run KW with 228 training and 115 tests
Run LPLT with 101 training and 51 tests
Run RD with 358 training and 179 tests
Run WBD with 10 training and 6 tests
Run WSD with 342 training and 171 tests
Confusion Matrix 24.0
0.7664; 0.0365; 0.0292; 0.0000; 0.0146; 0.0219; 0.0219; 0.1095; 0.0000
0.1222; 0.4480; 0.0090; 0.0000; 0.0000; 0.1222; 0.2217; 0.0769; 0.0000
0.0000; 0.0119; 0.9167; 0.0000; 0.0357; 0.0000; 0.0238; 0.0119; 0.0000
0.0000; 0.0000; 0.0348; 0.7130; 0.2435; 0.0000; 0.0087; 0.0000; 0.0000
0.0000; 0.0000; 0.0784; 0.1569; 0.7451; 0.0000; 0.0196; 0.0000; 0.0000
0.1006; 0.1620; 0.0391; 0.0112; 0.0670; 0.3911; 0.0726; 0.1564; 0.0000
0.0000; 0.3333; 0.0000; 0.0000; 0.0000; 0.1667; 0.5000; 0.0000; 0.0000
0.0877; 0.0936; 0.0000; 0.0000; 0.0000; 0.3626; 0.0234; 0.4327; 0.0000
Bootstrap 24
Run TT with 274 training and 137 tests
Run CD with 441 training and 221 tests
Run FKW with 168 training and 84 tests
Run KW with 228 training and 115 tests
Run LPLT with 101 training and 51 tests
Run RD with 358 training and 179 tests
Run WBD with 10 training and 6 tests
Run WSD with 342 training and 171 tests
Confusion Matrix 25.0
0.7153; 0.0657; 0.0219; 0.0000; 0.0219; 0.0146; 0.0584; 0.1022; 0.0000
0.0724; 0.3801; 0.0090; 0.0000; 0.0045; 0.1448; 0.2941; 0.0950; 0.0000
0.0238; 0.0000; 0.9167; 0.0238; 0.0238; 0.0000; 0.0119; 0.0000; 0.0000
0.0000; 0.0000; 0.0435; 0.8435; 0.1130; 0.0000; 0.0000; 0.0000; 0.0000
0.0000; 0.0000; 0.0000; 0.6471; 0.3529; 0.0000; 0.0000; 0.0000; 0.0000
0.0335; 0.1173; 0.0000; 0.0000; 0.0000; 0.4749; 0.0168; 0.3575; 0.0000
0.0000; 0.1667; 0.1667; 0.0000; 0.0000; 0.0000; 0.6667; 0.0000; 0.0000
0.0994; 0.0819; 0.0175; 0.0000; 0.0000; 0.2749; 0.0234; 0.5029; 0.0000
Bootstrap 25
Run TT with 274 training and 137 tests
Run CD with 441 training and 221 tests
Run FKW with 168 training and 84 tests
Run KW with 228 training and 115 tests
Run LPLT with 101 training and 51 tests
Run RD with 358 training and 179 tests
Run WBD with 10 training and 6 tests
Run WSD with 342 training and 171 tests
Confusion Matrix 26.0
0.8248; 0.0292; 0.0146; 0.0000; 0.0146; 0.0365; 0.0073; 0.0730; 0.0000
0.1493; 0.3846; 0.0045; 0.0000; 0.0000; 0.2624; 0.1086; 0.0905; 0.0000
0.0000; 0.0238; 0.8333; 0.0476; 0.0833; 0.0000; 0.0119; 0.0000; 0.0000
0.0000; 0.0000; 0.0522; 0.8609; 0.0783; 0.0000; 0.0087; 0.0000; 0.0000
0.0000; 0.0000; 0.0196; 0.4706; 0.5098; 0.0000; 0.0000; 0.0000; 0.0000
0.0168; 0.0279; 0.0056; 0.0000; 0.0000; 0.5363; 0.0056; 0.4078; 0.0000
0.0000; 0.6667; 0.0000; 0.0000; 0.0000; 0.1667; 0.1667; 0.0000; 0.0000
0.1053; 0.0643; 0.0058; 0.0000; 0.0000; 0.2339; 0.0117; 0.5789; 0.0000
Bootstrap 26
Run TT with 274 training and 137 tests
Run CD with 441 training and 221 tests
Run FKW with 168 training and 84 tests
Run KW with 228 training and 115 tests
Run LPLT with 101 training and 51 tests
Run RD with 358 training and 179 tests
Run WBD with 10 training and 6 tests
Run WSD with 342 training and 171 tests
Confusion Matrix 27.0
0.3139; 0.2920; 0.0438; 0.0000; 0.0146; 0.1095; 0.1606; 0.0657; 0.0000
0.0362; 0.4842; 0.0181; 0.0000; 0.0045; 0.1538; 0.2081; 0.0950; 0.0000
0.0000; 0.0000; 0.7976; 0.0714; 0.0833; 0.0238; 0.0238; 0.0000; 0.0000
0.0000; 0.0000; 0.0348; 0.8348; 0.1217; 0.0000; 0.0087; 0.0000; 0.0000
0.0000; 0.0000; 0.0000; 0.7059; 0.2941; 0.0000; 0.0000; 0.0000; 0.0000
0.0000; 0.1620; 0.0000; 0.0000; 0.0000; 0.4190; 0.0279; 0.3911; 0.0000
0.0000; 0.1667; 0.0000; 0.0000; 0.0000; 0.0000; 0.8333; 0.0000; 0.0000
0.1053; 0.0936; 0.0117; 0.0000; 0.0000; 0.3216; 0.0292; 0.4386; 0.0000
Bootstrap 27
Run TT with 274 training and 137 tests
Run CD with 441 training and 221 tests
Run FKW with 168 training and 84 tests
Run KW with 228 training and 115 tests
Run LPLT with 101 training and 51 tests
Run RD with 358 training and 179 tests
Run WBD with 10 training and 6 tests
Run WSD with 342 training and 171 tests
Confusion Matrix 28.0
0.3869; 0.1825; 0.0584; 0.0000; 0.0146; 0.0584; 0.1752; 0.1241; 0.0000
0.0588; 0.2986; 0.0045; 0.0000; 0.0000; 0.1312; 0.4661; 0.0407; 0.0000
0.0357; 0.0000; 0.8571; 0.0238; 0.0238; 0.0000; 0.0595; 0.0000; 0.0000
0.0000; 0.0000; 0.0435; 0.7217; 0.2000; 0.0000; 0.0348; 0.0000; 0.0000
0.0000; 0.0000; 0.0196; 0.5098; 0.4706; 0.0000; 0.0000; 0.0000; 0.0000
0.0950; 0.1229; 0.0279; 0.0056; 0.1006; 0.4413; 0.0782; 0.1285; 0.0000
0.0000; 0.0000; 0.0000; 0.0000; 0.0000; 0.0000; 1.0000; 0.0000; 0.0000
0.0760; 0.1053; 0.0175; 0.0058; 0.0117; 0.3509; 0.0234; 0.4094; 0.0000
Bootstrap 28
Run TT with 274 training and 137 tests
Run CD with 441 training and 221 tests
Run FKW with 168 training and 84 tests
Run KW with 228 training and 115 tests
Run LPLT with 101 training and 51 tests
Run RD with 358 training and 179 tests
Run WBD with 10 training and 6 tests
Run WSD with 342 training and 171 tests
Confusion Matrix 29.0
0.6861; 0.0438; 0.0146; 0.0000; 0.0146; 0.0584; 0.0657; 0.1168; 0.0000
0.1448; 0.3439; 0.0045; 0.0000; 0.0000; 0.2579; 0.1086; 0.1403; 0.0000
0.0119; 0.0000; 0.8810; 0.0238; 0.0595; 0.0000; 0.0238; 0.0000; 0.0000
0.0000; 0.0000; 0.1391; 0.5565; 0.2957; 0.0000; 0.0087; 0.0000; 0.0000
0.0000; 0.0000; 0.0000; 0.4706; 0.5294; 0.0000; 0.0000; 0.0000; 0.0000
0.0223; 0.0279; 0.0000; 0.0000; 0.0000; 0.5531; 0.0000; 0.3966; 0.0000
0.0000; 0.1667; 0.0000; 0.0000; 0.0000; 0.0000; 0.8333; 0.0000; 0.0000
0.1111; 0.0526; 0.0234; 0.0058; 0.0058; 0.1871; 0.0292; 0.5848; 0.0000
Bootstrap 29
Run TT with 274 training and 137 tests
Run CD with 441 training and 221 tests
Run FKW with 168 training and 84 tests
Run KW with 228 training and 115 tests
Run LPLT with 101 training and 51 tests
Run RD with 358 training and 179 tests
Run WBD with 10 training and 6 tests
Run WSD with 342 training and 171 tests
Confusion Matrix 30.0
0.3942; 0.2409; 0.0657; 0.0000; 0.0073; 0.0730; 0.1241; 0.0949; 0.0000
0.0633; 0.3348; 0.0000; 0.0000; 0.0045; 0.0905; 0.4615; 0.0452; 0.0000
0.0000; 0.0000; 0.9524; 0.0000; 0.0238; 0.0000; 0.0238; 0.0000; 0.0000
0.0000; 0.0000; 0.0261; 0.6000; 0.3478; 0.0000; 0.0261; 0.0000; 0.0000
0.0196; 0.0000; 0.0784; 0.1765; 0.7059; 0.0000; 0.0196; 0.0000; 0.0000
0.0950; 0.1173; 0.0279; 0.0112; 0.0838; 0.4302; 0.0782; 0.1564; 0.0000
0.0000; 0.0000; 0.1667; 0.0000; 0.0000; 0.0000; 0.8333; 0.0000; 0.0000
0.0936; 0.1053; 0.0117; 0.0000; 0.0000; 0.3567; 0.0234; 0.4094; 0.0000
Mean confusion
0.5978; 0.1307; 0.0370; 0.0000; 0.0156; 0.0533; 0.0781; 0.0876; 0.0000
0.0903; 0.4086; 0.0078; 0.0000; 0.0014; 0.1777; 0.2377; 0.0765; 0.0000
0.0063; 0.0155; 0.8639; 0.0298; 0.0556; 0.0040; 0.0230; 0.0020; 0.0000
0.0000; 0.0000; 0.0545; 0.7130; 0.2133; 0.0000; 0.0191; 0.0000; 0.0000
0.0065; 0.0000; 0.0294; 0.3680; 0.5824; 0.0000; 0.0137; 0.0000; 0.0000
0.0432; 0.1020; 0.0093; 0.0041; 0.0291; 0.4870; 0.0363; 0.2890; 0.0000
0.0000; 0.3167; 0.0111; 0.0000; 0.0000; 0.0667; 0.5944; 0.0111; 0.0000
0.1012; 0.0815; 0.0092; 0.0014; 0.0033; 0.2942; 0.0361; 0.4733; 0.0000
STD Confusion
0.1941; 0.1083; 0.0163; 0.0000; 0.0085; 0.0309; 0.0565; 0.0276; 0.0000
0.0365; 0.0669; 0.0053; 0.0000; 0.0024; 0.0566; 0.1280; 0.0412; 0.0000
0.0124; 0.0174; 0.0561; 0.0306; 0.0372; 0.0090; 0.0159; 0.0045; 0.0000
0.0000; 0.0000; 0.0407; 0.0938; 0.0745; 0.0000; 0.0145; 0.0000; 0.0000
0.0149; 0.0000; 0.0374; 0.1889; 0.1396; 0.0000; 0.0237; 0.0000; 0.0000
0.0361; 0.0571; 0.0136; 0.0057; 0.0399; 0.0934; 0.0343; 0.0980; 0.0000
0.0000; 0.2371; 0.0423; 0.0000; 0.0000; 0.0939; 0.2578; 0.0423; 0.0000
0.0177; 0.0224; 0.0066; 0.0029; 0.0052; 0.0525; 0.0125; 0.0580; 0.0000
Lower 95% CI
0.3139; 0.0146; 0.0146; 0.0000; 0.0000; 0.0146; 0.0073; 0.0438; 0.0000
0.0362; 0.2534; 0.0000; 0.0000; 0.0000; 0.0679; 0.0769; 0.0136; 0.0000
0.0000; 0.0000; 0.7619; 0.0000; 0.0000; 0.0000; 0.0000; 0.0000; 0.0000
0.0000; 0.0000; 0.0087; 0.5565; 0.0783; 0.0000; 0.0000; 0.0000; 0.0000
0.0000; 0.0000; 0.0000; 0.0588; 0.2941; 0.0000; 0.0000; 0.0000; 0.0000
0.0000; 0.0112; 0.0000; 0.0000; 0.0000; 0.3687; 0.0000; 0.1285; 0.0000
0.0000; 0.0000; 0.0000; 0.0000; 0.0000; 0.0000; 0.1667; 0.0000; 0.0000
0.0760; 0.0409; 0.0000; 0.0000; 0.0000; 0.1871; 0.0117; 0.3392; 0.0000
Upper 95% CI
0.8467; 0.3285; 0.0657; 0.0000; 0.0365; 0.1314; 0.1752; 0.1533; 0.0000
0.1629; 0.5566; 0.0181; 0.0000; 0.0090; 0.2760; 0.5113; 0.1538; 0.0000
0.0476; 0.0595; 0.9524; 0.1071; 0.1548; 0.0357; 0.0595; 0.0119; 0.0000
0.0000; 0.0000; 0.1478; 0.8609; 0.3913; 0.0000; 0.0435; 0.0000; 0.0000
0.0588; 0.0000; 0.1373; 0.7059; 0.8039; 0.0000; 0.0784; 0.0000; 0.0000
0.1006; 0.2123; 0.0447; 0.0168; 0.1006; 0.7318; 0.1061; 0.4078; 0.0000
0.0000; 0.8333; 0.1667; 0.0000; 0.0000; 0.3333; 1.0000; 0.1667; 0.0000
0.1404; 0.1404; 0.0234; 0.0117; 0.0175; 0.4152; 0.0643; 0.5848; 0.0000
Run TT with 411 training and 0 tests
Run CD with 662 training and 0 tests
Run FKW with 252 training and 0 tests
Run KW with 343 training and 0 tests
Run LPLT with 152 training and 0 tests
Run RD with 537 training and 0 tests
Run WBD with 16 training and 0 tests
Run WSD with 513 training and 0 tests