Total Bootstraps 30
Num Species 8
FragmentLength 24; Section Length 35
TT; CD; FKW; KW; LPLT; RD; WBD; WSD
Bootstrap 0
Run TT with 202 training and 101 tests
Run CD with 330 training and 165 tests
Run FKW with 132 training and 66 tests
Run KW with 166 training and 84 tests
Run LPLT with 72 training and 37 tests
Run RD with 258 training and 130 tests
Run WBD with 8 training and 4 tests
Run WSD with 248 training and 125 tests
Confusion Matrix 1.0
0.8614; 0.0198; 0.0297; 0.0000; 0.0297; 0.0099; 0.0099; 0.0396; 0.0000
0.1636; 0.3636; 0.0121; 0.0000; 0.0000; 0.2667; 0.1091; 0.0848; 0.0000
0.0000; 0.0303; 0.8636; 0.0303; 0.0758; 0.0000; 0.0000; 0.0000; 0.0000
0.0000; 0.0000; 0.0833; 0.7262; 0.1786; 0.0000; 0.0119; 0.0000; 0.0000
0.0000; 0.0000; 0.0270; 0.5676; 0.4054; 0.0000; 0.0000; 0.0000; 0.0000
0.0923; 0.1308; 0.0231; 0.0077; 0.0692; 0.4538; 0.0308; 0.1923; 0.0000
0.0000; 0.5000; 0.0000; 0.0000; 0.0000; 0.0000; 0.5000; 0.0000; 0.0000
0.1200; 0.0480; 0.0080; 0.0000; 0.0000; 0.3280; 0.0240; 0.4720; 0.0000
Bootstrap 1
Run TT with 202 training and 101 tests
Run CD with 330 training and 165 tests
Run FKW with 132 training and 66 tests
Run KW with 166 training and 84 tests
Run LPLT with 72 training and 37 tests
Run RD with 258 training and 130 tests
Run WBD with 8 training and 4 tests
Run WSD with 248 training and 125 tests
Confusion Matrix 2.0
0.7327; 0.0693; 0.0297; 0.0000; 0.0198; 0.0099; 0.0495; 0.0891; 0.0000
0.1030; 0.4364; 0.0061; 0.0000; 0.0000; 0.1394; 0.2909; 0.0242; 0.0000
0.0000; 0.0303; 0.9091; 0.0152; 0.0152; 0.0000; 0.0303; 0.0000; 0.0000
0.0000; 0.0000; 0.0595; 0.5476; 0.3333; 0.0000; 0.0595; 0.0000; 0.0000
0.0000; 0.0000; 0.0270; 0.1622; 0.7838; 0.0000; 0.0270; 0.0000; 0.0000
0.0154; 0.0846; 0.0000; 0.0000; 0.0000; 0.6846; 0.0000; 0.2154; 0.0000
0.0000; 0.2500; 0.0000; 0.0000; 0.0000; 0.2500; 0.5000; 0.0000; 0.0000
0.0720; 0.0800; 0.0000; 0.0000; 0.0000; 0.2880; 0.0400; 0.5200; 0.0000
Bootstrap 2
Run TT with 202 training and 101 tests
Run CD with 330 training and 165 tests
Run FKW with 132 training and 66 tests
Run KW with 166 training and 84 tests
Run LPLT with 72 training and 37 tests
Run RD with 258 training and 130 tests
Run WBD with 8 training and 4 tests
Run WSD with 248 training and 125 tests
Confusion Matrix 3.0
0.6832; 0.1386; 0.0198; 0.0000; 0.0000; 0.0198; 0.0297; 0.1089; 0.0000
0.1212; 0.3939; 0.0061; 0.0000; 0.0000; 0.2788; 0.0909; 0.1091; 0.0000
0.0000; 0.0606; 0.9242; 0.0152; 0.0000; 0.0000; 0.0000; 0.0000; 0.0000
0.0000; 0.0000; 0.0476; 0.6786; 0.2500; 0.0000; 0.0238; 0.0000; 0.0000
0.0000; 0.0000; 0.1351; 0.0811; 0.7838; 0.0000; 0.0000; 0.0000; 0.0000
0.0000; 0.0154; 0.0000; 0.0000; 0.0000; 0.6846; 0.0000; 0.3000; 0.0000
0.0000; 0.7500; 0.0000; 0.0000; 0.0000; 0.0000; 0.2500; 0.0000; 0.0000
0.0640; 0.0720; 0.0080; 0.0000; 0.0000; 0.2560; 0.0400; 0.5600; 0.0000
Bootstrap 3
Run TT with 202 training and 101 tests
Run CD with 330 training and 165 tests
Run FKW with 132 training and 66 tests
Run KW with 166 training and 84 tests
Run LPLT with 72 training and 37 tests
Run RD with 258 training and 130 tests
Run WBD with 8 training and 4 tests
Run WSD with 248 training and 125 tests
Confusion Matrix 4.0
0.8416; 0.0198; 0.0297; 0.0000; 0.0198; 0.0297; 0.0000; 0.0594; 0.0000
0.0909; 0.4364; 0.0000; 0.0000; 0.0000; 0.1333; 0.2788; 0.0606; 0.0000
0.0000; 0.0152; 0.8636; 0.0000; 0.0758; 0.0000; 0.0455; 0.0000; 0.0000
0.0000; 0.0000; 0.0119; 0.8333; 0.1548; 0.0000; 0.0000; 0.0000; 0.0000
0.0000; 0.0000; 0.0000; 0.6486; 0.3514; 0.0000; 0.0000; 0.0000; 0.0000
0.1231; 0.1077; 0.0231; 0.0231; 0.0462; 0.4462; 0.1231; 0.1077; 0.0000
0.0000; 0.0000; 0.0000; 0.0000; 0.0000; 0.0000; 1.0000; 0.0000; 0.0000
0.1040; 0.0720; 0.0000; 0.0080; 0.0000; 0.3280; 0.0480; 0.4400; 0.0000
Bootstrap 4
Run TT with 202 training and 101 tests
Run CD with 330 training and 165 tests
Run FKW with 132 training and 66 tests
Run KW with 166 training and 84 tests
Run LPLT with 72 training and 37 tests
Run RD with 258 training and 130 tests
Run WBD with 8 training and 4 tests
Run WSD with 248 training and 125 tests
Confusion Matrix 5.0
0.6040; 0.1683; 0.0198; 0.0000; 0.0099; 0.0495; 0.0297; 0.1188; 0.0000
0.0848; 0.4303; 0.0121; 0.0000; 0.0000; 0.1152; 0.3394; 0.0182; 0.0000
0.0152; 0.0303; 0.9394; 0.0152; 0.0000; 0.0000; 0.0000; 0.0000; 0.0000
0.0000; 0.0000; 0.0238; 0.7381; 0.2381; 0.0000; 0.0000; 0.0000; 0.0000
0.0000; 0.0000; 0.0270; 0.2162; 0.7568; 0.0000; 0.0000; 0.0000; 0.0000
0.1538; 0.1385; 0.0154; 0.0077; 0.0615; 0.3923; 0.0462; 0.1846; 0.0000
0.0000; 0.0000; 0.0000; 0.0000; 0.0000; 0.0000; 1.0000; 0.0000; 0.0000
0.0960; 0.0720; 0.0080; 0.0000; 0.0000; 0.3200; 0.0240; 0.4800; 0.0000
Bootstrap 5
Run TT with 202 training and 101 tests
Run CD with 330 training and 165 tests
Run FKW with 132 training and 66 tests
Run KW with 166 training and 84 tests
Run LPLT with 72 training and 37 tests
Run RD with 258 training and 130 tests
Run WBD with 8 training and 4 tests
Run WSD with 248 training and 125 tests
Confusion Matrix 6.0
0.7723; 0.0891; 0.0396; 0.0099; 0.0099; 0.0099; 0.0099; 0.0594; 0.0000
0.0424; 0.3636; 0.0061; 0.0000; 0.0000; 0.1091; 0.4182; 0.0606; 0.0000
0.0000; 0.0152; 0.8636; 0.0606; 0.0152; 0.0303; 0.0152; 0.0000; 0.0000
0.0000; 0.0000; 0.0119; 0.8214; 0.1667; 0.0000; 0.0000; 0.0000; 0.0000
0.0270; 0.0000; 0.0000; 0.4054; 0.5676; 0.0000; 0.0000; 0.0000; 0.0000
0.0000; 0.1077; 0.0000; 0.0000; 0.0000; 0.5769; 0.0077; 0.3077; 0.0000
0.0000; 0.0000; 0.0000; 0.0000; 0.0000; 0.0000; 1.0000; 0.0000; 0.0000
0.0880; 0.0880; 0.0000; 0.0080; 0.0000; 0.2560; 0.0640; 0.4960; 0.0000
Bootstrap 6
Run TT with 202 training and 101 tests
Run CD with 330 training and 165 tests
Run FKW with 132 training and 66 tests
Run KW with 166 training and 84 tests
Run LPLT with 72 training and 37 tests
Run RD with 258 training and 130 tests
Run WBD with 8 training and 4 tests
Run WSD with 248 training and 125 tests
Confusion Matrix 7.0
0.8515; 0.0297; 0.0297; 0.0000; 0.0099; 0.0297; 0.0099; 0.0396; 0.0000
0.1030; 0.2909; 0.0000; 0.0000; 0.0000; 0.1697; 0.4000; 0.0364; 0.0000
0.0152; 0.0152; 0.8636; 0.0000; 0.0455; 0.0000; 0.0606; 0.0000; 0.0000
0.0000; 0.0000; 0.0952; 0.5714; 0.2857; 0.0000; 0.0476; 0.0000; 0.0000
0.0000; 0.0000; 0.0270; 0.1622; 0.8108; 0.0000; 0.0000; 0.0000; 0.0000
0.0308; 0.1077; 0.0000; 0.0000; 0.0000; 0.6462; 0.0154; 0.2000; 0.0000
0.0000; 0.0000; 0.0000; 0.0000; 0.0000; 0.0000; 1.0000; 0.0000; 0.0000
0.1120; 0.0240; 0.0000; 0.0000; 0.0080; 0.3680; 0.0640; 0.4240; 0.0000
Bootstrap 7
Run TT with 202 training and 101 tests
Run CD with 330 training and 165 tests
Run FKW with 132 training and 66 tests
Run KW with 166 training and 84 tests
Run LPLT with 72 training and 37 tests
Run RD with 258 training and 130 tests
Run WBD with 8 training and 4 tests
Run WSD with 248 training and 125 tests
Confusion Matrix 8.0
0.6832; 0.1188; 0.0297; 0.0000; 0.0000; 0.0396; 0.0198; 0.1089; 0.0000
0.0788; 0.3515; 0.0061; 0.0000; 0.0000; 0.1212; 0.4424; 0.0000; 0.0000
0.0303; 0.0000; 0.9394; 0.0152; 0.0000; 0.0000; 0.0152; 0.0000; 0.0000
0.0000; 0.0000; 0.0357; 0.8333; 0.1071; 0.0000; 0.0238; 0.0000; 0.0000
0.0270; 0.0000; 0.0811; 0.1892; 0.6757; 0.0000; 0.0270; 0.0000; 0.0000
0.1385; 0.1231; 0.0000; 0.0000; 0.0154; 0.4077; 0.1231; 0.1923; 0.0000
0.0000; 0.0000; 0.0000; 0.0000; 0.0000; 0.0000; 1.0000; 0.0000; 0.0000
0.1120; 0.0880; 0.0000; 0.0000; 0.0000; 0.3440; 0.0240; 0.4320; 0.0000
Bootstrap 8
Run TT with 202 training and 101 tests
Run CD with 330 training and 165 tests
Run FKW with 132 training and 66 tests
Run KW with 166 training and 84 tests
Run LPLT with 72 training and 37 tests
Run RD with 258 training and 130 tests
Run WBD with 8 training and 4 tests
Run WSD with 248 training and 125 tests
Confusion Matrix 9.0
0.4356; 0.2871; 0.0297; 0.0000; 0.0000; 0.0891; 0.1089; 0.0495; 0.0000
0.0545; 0.5212; 0.0121; 0.0000; 0.0000; 0.1394; 0.2485; 0.0242; 0.0000
0.0152; 0.0455; 0.9394; 0.0000; 0.0000; 0.0000; 0.0000; 0.0000; 0.0000
0.0000; 0.0000; 0.0357; 0.7024; 0.2143; 0.0000; 0.0476; 0.0000; 0.0000
0.0270; 0.0000; 0.0270; 0.0541; 0.8378; 0.0000; 0.0541; 0.0000; 0.0000
0.0769; 0.2077; 0.0000; 0.0000; 0.0000; 0.4154; 0.0538; 0.2462; 0.0000
0.0000; 0.5000; 0.0000; 0.0000; 0.0000; 0.0000; 0.5000; 0.0000; 0.0000
0.0960; 0.0960; 0.0080; 0.0000; 0.0000; 0.2880; 0.0640; 0.4480; 0.0000
Bootstrap 9
Run TT with 202 training and 101 tests
Run CD with 330 training and 165 tests
Run FKW with 132 training and 66 tests
Run KW with 166 training and 84 tests
Run LPLT with 72 training and 37 tests
Run RD with 258 training and 130 tests
Run WBD with 8 training and 4 tests
Run WSD with 248 training and 125 tests
Confusion Matrix 10.0
0.7624; 0.0594; 0.0198; 0.0000; 0.0396; 0.0297; 0.0198; 0.0693; 0.0000
0.1091; 0.4182; 0.0182; 0.0000; 0.0000; 0.2606; 0.0909; 0.1030; 0.0000
0.0000; 0.0303; 0.8182; 0.0606; 0.0758; 0.0000; 0.0152; 0.0000; 0.0000
0.0000; 0.0000; 0.0238; 0.7619; 0.1429; 0.0000; 0.0714; 0.0000; 0.0000
0.0000; 0.0000; 0.0000; 0.6757; 0.3243; 0.0000; 0.0000; 0.0000; 0.0000
0.0000; 0.0154; 0.0000; 0.0000; 0.0000; 0.5923; 0.0077; 0.3846; 0.0000
0.0000; 0.2500; 0.0000; 0.0000; 0.0000; 0.2500; 0.5000; 0.0000; 0.0000
0.1200; 0.0880; 0.0000; 0.0000; 0.0000; 0.2240; 0.0240; 0.5440; 0.0000
Bootstrap 10
Run TT with 202 training and 101 tests
Run CD with 330 training and 165 tests
Run FKW with 132 training and 66 tests
Run KW with 166 training and 84 tests
Run LPLT with 72 training and 37 tests
Run RD with 258 training and 130 tests
Run WBD with 8 training and 4 tests
Run WSD with 248 training and 125 tests
Confusion Matrix 11.0
0.8614; 0.0396; 0.0099; 0.0000; 0.0099; 0.0099; 0.0099; 0.0594; 0.0000
0.0848; 0.4848; 0.0061; 0.0000; 0.0000; 0.0848; 0.2970; 0.0424; 0.0000
0.0000; 0.0303; 0.8636; 0.0000; 0.0606; 0.0000; 0.0455; 0.0000; 0.0000
0.0000; 0.0000; 0.0357; 0.8810; 0.0833; 0.0000; 0.0000; 0.0000; 0.0000
0.0000; 0.0000; 0.0000; 0.6757; 0.3243; 0.0000; 0.0000; 0.0000; 0.0000
0.0923; 0.1538; 0.0077; 0.0000; 0.0077; 0.4077; 0.0846; 0.2462; 0.0000
0.0000; 0.5000; 0.0000; 0.0000; 0.0000; 0.0000; 0.5000; 0.0000; 0.0000
0.1200; 0.0720; 0.0080; 0.0000; 0.0000; 0.2960; 0.0560; 0.4480; 0.0000
Bootstrap 11
Run TT with 202 training and 101 tests
Run CD with 330 training and 165 tests
Run FKW with 132 training and 66 tests
Run KW with 166 training and 84 tests
Run LPLT with 72 training and 37 tests
Run RD with 258 training and 130 tests
Run WBD with 8 training and 4 tests
Run WSD with 248 training and 125 tests
Confusion Matrix 12.0
0.4554; 0.2277; 0.0297; 0.0000; 0.0099; 0.0891; 0.0990; 0.0891; 0.0000
0.0485; 0.3636; 0.0061; 0.0000; 0.0000; 0.1333; 0.4121; 0.0364; 0.0000
0.0000; 0.0000; 0.8788; 0.0455; 0.0455; 0.0000; 0.0303; 0.0000; 0.0000
0.0000; 0.0000; 0.0357; 0.7143; 0.2143; 0.0000; 0.0357; 0.0000; 0.0000
0.0270; 0.0000; 0.0270; 0.0811; 0.8649; 0.0000; 0.0000; 0.0000; 0.0000
0.0077; 0.0769; 0.0000; 0.0000; 0.0000; 0.6385; 0.0154; 0.2615; 0.0000
0.0000; 0.2500; 0.0000; 0.0000; 0.0000; 0.0000; 0.7500; 0.0000; 0.0000
0.0400; 0.1360; 0.0000; 0.0000; 0.0000; 0.2800; 0.0400; 0.5040; 0.0000
Bootstrap 12
Run TT with 202 training and 101 tests
Run CD with 330 training and 165 tests
Run FKW with 132 training and 66 tests
Run KW with 166 training and 84 tests
Run LPLT with 72 training and 37 tests
Run RD with 258 training and 130 tests
Run WBD with 8 training and 4 tests
Run WSD with 248 training and 125 tests
Confusion Matrix 13.0
0.4158; 0.1980; 0.0594; 0.0000; 0.0198; 0.0693; 0.0792; 0.1584; 0.0000
0.0909; 0.3636; 0.0121; 0.0000; 0.0000; 0.2970; 0.1152; 0.1212; 0.0000
0.0000; 0.0303; 0.8939; 0.0303; 0.0303; 0.0000; 0.0152; 0.0000; 0.0000
0.0000; 0.0000; 0.0357; 0.8214; 0.1310; 0.0000; 0.0119; 0.0000; 0.0000
0.0000; 0.0000; 0.0270; 0.1622; 0.8108; 0.0000; 0.0000; 0.0000; 0.0000
0.0000; 0.0154; 0.0000; 0.0000; 0.0000; 0.6308; 0.0000; 0.3538; 0.0000
0.0000; 0.5000; 0.0000; 0.0000; 0.0000; 0.0000; 0.5000; 0.0000; 0.0000
0.0560; 0.0960; 0.0000; 0.0000; 0.0080; 0.2720; 0.0080; 0.5600; 0.0000
Bootstrap 13
Run TT with 202 training and 101 tests
Run CD with 330 training and 165 tests
Run FKW with 132 training and 66 tests
Run KW with 166 training and 84 tests
Run LPLT with 72 training and 37 tests
Run RD with 258 training and 130 tests
Run WBD with 8 training and 4 tests
Run WSD with 248 training and 125 tests
Confusion Matrix 14.0
0.8317; 0.0000; 0.0396; 0.0000; 0.0099; 0.0396; 0.0099; 0.0693; 0.0000
0.1212; 0.4061; 0.0000; 0.0000; 0.0000; 0.1697; 0.2182; 0.0848; 0.0000
0.0000; 0.0303; 0.8788; 0.0455; 0.0303; 0.0000; 0.0152; 0.0000; 0.0000
0.0000; 0.0000; 0.0357; 0.7738; 0.1905; 0.0000; 0.0000; 0.0000; 0.0000
0.0000; 0.0000; 0.0000; 0.2162; 0.7838; 0.0000; 0.0000; 0.0000; 0.0000
0.1000; 0.1538; 0.0308; 0.0077; 0.0615; 0.4538; 0.0385; 0.1538; 0.0000
0.0000; 0.5000; 0.0000; 0.0000; 0.0000; 0.0000; 0.5000; 0.0000; 0.0000
0.0960; 0.0720; 0.0000; 0.0000; 0.0000; 0.3120; 0.0240; 0.4960; 0.0000
Bootstrap 14
Run TT with 202 training and 101 tests
Run CD with 330 training and 165 tests
Run FKW with 132 training and 66 tests
Run KW with 166 training and 84 tests
Run LPLT with 72 training and 37 tests
Run RD with 258 training and 130 tests
Run WBD with 8 training and 4 tests
Run WSD with 248 training and 125 tests
Confusion Matrix 15.0
0.6931; 0.0495; 0.0099; 0.0000; 0.0099; 0.0990; 0.0495; 0.0891; 0.0000
0.1030; 0.4121; 0.0061; 0.0000; 0.0000; 0.2545; 0.1697; 0.0545; 0.0000
0.0000; 0.0000; 0.9242; 0.0455; 0.0303; 0.0000; 0.0000; 0.0000; 0.0000
0.0000; 0.0000; 0.1548; 0.4762; 0.3571; 0.0000; 0.0119; 0.0000; 0.0000
0.0000; 0.0000; 0.1622; 0.1351; 0.7027; 0.0000; 0.0000; 0.0000; 0.0000
0.0462; 0.0538; 0.0462; 0.0000; 0.0462; 0.4923; 0.0615; 0.2538; 0.0000
0.0000; 0.5000; 0.0000; 0.0000; 0.0000; 0.0000; 0.5000; 0.0000; 0.0000
0.1200; 0.0560; 0.0000; 0.0000; 0.0000; 0.3200; 0.0320; 0.4720; 0.0000
Bootstrap 15
Run TT with 202 training and 101 tests
Run CD with 330 training and 165 tests
Run FKW with 132 training and 66 tests
Run KW with 166 training and 84 tests
Run LPLT with 72 training and 37 tests
Run RD with 258 training and 130 tests
Run WBD with 8 training and 4 tests
Run WSD with 248 training and 125 tests
Confusion Matrix 16.0
0.3267; 0.3069; 0.0495; 0.0000; 0.0198; 0.0198; 0.1683; 0.1089; 0.0000
0.0424; 0.5455; 0.0061; 0.0000; 0.0000; 0.0727; 0.2788; 0.0545; 0.0000
0.0000; 0.0455; 0.9091; 0.0152; 0.0152; 0.0000; 0.0152; 0.0000; 0.0000
0.0000; 0.0000; 0.0238; 0.7976; 0.1548; 0.0000; 0.0238; 0.0000; 0.0000
0.0000; 0.0000; 0.0000; 0.6216; 0.3784; 0.0000; 0.0000; 0.0000; 0.0000
0.1000; 0.1846; 0.0154; 0.0077; 0.0615; 0.3846; 0.0692; 0.1769; 0.0000
0.0000; 0.2500; 0.0000; 0.0000; 0.0000; 0.0000; 0.7500; 0.0000; 0.0000
0.0880; 0.1040; 0.0000; 0.0000; 0.0000; 0.3280; 0.0720; 0.4080; 0.0000
Bootstrap 16
Run TT with 202 training and 101 tests
Run CD with 330 training and 165 tests
Run FKW with 132 training and 66 tests
Run KW with 166 training and 84 tests
Run LPLT with 72 training and 37 tests
Run RD with 258 training and 130 tests
Run WBD with 8 training and 4 tests
Run WSD with 248 training and 125 tests
Confusion Matrix 17.0
0.4059; 0.1980; 0.0495; 0.0000; 0.0099; 0.1188; 0.1485; 0.0693; 0.0000
0.0667; 0.4121; 0.0121; 0.0000; 0.0000; 0.2788; 0.1697; 0.0606; 0.0000
0.0000; 0.0152; 0.9394; 0.0152; 0.0152; 0.0000; 0.0152; 0.0000; 0.0000
0.0000; 0.0000; 0.0476; 0.7381; 0.1667; 0.0000; 0.0476; 0.0000; 0.0000
0.0000; 0.0000; 0.0270; 0.2703; 0.7027; 0.0000; 0.0000; 0.0000; 0.0000
0.0154; 0.0231; 0.0000; 0.0000; 0.0308; 0.5923; 0.0000; 0.3385; 0.0000
0.0000; 0.5000; 0.0000; 0.0000; 0.0000; 0.0000; 0.5000; 0.0000; 0.0000
0.0720; 0.0800; 0.0080; 0.0000; 0.0000; 0.3120; 0.0560; 0.4720; 0.0000
Bootstrap 17
Run TT with 202 training and 101 tests
Run CD with 330 training and 165 tests
Run FKW with 132 training and 66 tests
Run KW with 166 training and 84 tests
Run LPLT with 72 training and 37 tests
Run RD with 258 training and 130 tests
Run WBD with 8 training and 4 tests
Run WSD with 248 training and 125 tests
Confusion Matrix 18.0
0.6634; 0.1584; 0.0198; 0.0000; 0.0099; 0.0693; 0.0198; 0.0594; 0.0000
0.1455; 0.3030; 0.0061; 0.0000; 0.0000; 0.2727; 0.1818; 0.0909; 0.0000
0.0000; 0.0152; 0.8636; 0.0606; 0.0606; 0.0000; 0.0000; 0.0000; 0.0000
0.0000; 0.0000; 0.1310; 0.7262; 0.1429; 0.0000; 0.0000; 0.0000; 0.0000
0.0000; 0.0000; 0.0000; 0.6486; 0.3514; 0.0000; 0.0000; 0.0000; 0.0000
0.0154; 0.0923; 0.0000; 0.0000; 0.0000; 0.5769; 0.0154; 0.3000; 0.0000
0.0000; 0.2500; 0.0000; 0.0000; 0.0000; 0.0000; 0.7500; 0.0000; 0.0000
0.0800; 0.0720; 0.0000; 0.0000; 0.0000; 0.2560; 0.0800; 0.5120; 0.0000
Bootstrap 18
Run TT with 202 training and 101 tests
Run CD with 330 training and 165 tests
Run FKW with 132 training and 66 tests
Run KW with 166 training and 84 tests
Run LPLT with 72 training and 37 tests
Run RD with 258 training and 130 tests
Run WBD with 8 training and 4 tests
Run WSD with 248 training and 125 tests
Confusion Matrix 19.0
0.6436; 0.1584; 0.0099; 0.0000; 0.0000; 0.0594; 0.0495; 0.0792; 0.0000
0.0364; 0.4121; 0.0061; 0.0000; 0.0000; 0.1394; 0.3333; 0.0727; 0.0000
0.0000; 0.0152; 0.9242; 0.0000; 0.0152; 0.0000; 0.0455; 0.0000; 0.0000
0.0000; 0.0000; 0.0357; 0.8095; 0.1310; 0.0000; 0.0238; 0.0000; 0.0000
0.0000; 0.0000; 0.1622; 0.0541; 0.7568; 0.0000; 0.0270; 0.0000; 0.0000
0.0077; 0.1231; 0.0000; 0.0000; 0.0000; 0.5615; 0.0154; 0.2923; 0.0000
0.0000; 0.2500; 0.0000; 0.0000; 0.0000; 0.0000; 0.7500; 0.0000; 0.0000
0.0960; 0.0640; 0.0000; 0.0000; 0.0000; 0.2960; 0.0560; 0.4880; 0.0000
Bootstrap 19
Run TT with 202 training and 101 tests
Run CD with 330 training and 165 tests
Run FKW with 132 training and 66 tests
Run KW with 166 training and 84 tests
Run LPLT with 72 training and 37 tests
Run RD with 258 training and 130 tests
Run WBD with 8 training and 4 tests
Run WSD with 248 training and 125 tests
Confusion Matrix 20.0
0.4158; 0.1782; 0.0495; 0.0099; 0.0000; 0.1287; 0.1386; 0.0792; 0.0000
0.0364; 0.4606; 0.0242; 0.0000; 0.0000; 0.2000; 0.2424; 0.0364; 0.0000
0.0000; 0.0000; 0.8788; 0.0303; 0.0303; 0.0000; 0.0606; 0.0000; 0.0000
0.0000; 0.0000; 0.0476; 0.6667; 0.2857; 0.0000; 0.0000; 0.0000; 0.0000
0.0000; 0.0000; 0.0811; 0.1622; 0.7027; 0.0000; 0.0541; 0.0000; 0.0000
0.0077; 0.0692; 0.0000; 0.0000; 0.0000; 0.6538; 0.0000; 0.2692; 0.0000
0.0000; 0.5000; 0.0000; 0.0000; 0.0000; 0.0000; 0.5000; 0.0000; 0.0000
0.1040; 0.1120; 0.0000; 0.0000; 0.0000; 0.2320; 0.0480; 0.5040; 0.0000
Bootstrap 20
Run TT with 202 training and 101 tests
Run CD with 330 training and 165 tests
Run FKW with 132 training and 66 tests
Run KW with 166 training and 84 tests
Run LPLT with 72 training and 37 tests
Run RD with 258 training and 130 tests
Run WBD with 8 training and 4 tests
Run WSD with 248 training and 125 tests
Confusion Matrix 21.0
0.4158; 0.2079; 0.0495; 0.0099; 0.0000; 0.1386; 0.1089; 0.0693; 0.0000
0.0788; 0.4000; 0.0061; 0.0000; 0.0000; 0.2485; 0.1879; 0.0788; 0.0000
0.0000; 0.0606; 0.9091; 0.0303; 0.0000; 0.0000; 0.0000; 0.0000; 0.0000
0.0000; 0.0000; 0.0476; 0.8810; 0.0595; 0.0000; 0.0119; 0.0000; 0.0000
0.0000; 0.0000; 0.0000; 0.6216; 0.3784; 0.0000; 0.0000; 0.0000; 0.0000
0.0000; 0.0154; 0.0000; 0.0000; 0.0000; 0.7000; 0.0077; 0.2769; 0.0000
0.0000; 0.0000; 0.0000; 0.0000; 0.0000; 0.0000; 1.0000; 0.0000; 0.0000
0.0640; 0.0560; 0.0000; 0.0000; 0.0000; 0.2800; 0.0320; 0.5680; 0.0000
Bootstrap 21
Run TT with 202 training and 101 tests
Run CD with 330 training and 165 tests
Run FKW with 132 training and 66 tests
Run KW with 166 training and 84 tests
Run LPLT with 72 training and 37 tests
Run RD with 258 training and 130 tests
Run WBD with 8 training and 4 tests
Run WSD with 248 training and 125 tests
Confusion Matrix 22.0
0.8416; 0.0198; 0.0198; 0.0000; 0.0198; 0.0198; 0.0198; 0.0594; 0.0000
0.1030; 0.4061; 0.0000; 0.0000; 0.0000; 0.1152; 0.3515; 0.0242; 0.0000
0.0152; 0.0455; 0.8788; 0.0000; 0.0303; 0.0000; 0.0303; 0.0000; 0.0000
0.0000; 0.0000; 0.0476; 0.8571; 0.0595; 0.0000; 0.0357; 0.0000; 0.0000
0.0000; 0.0000; 0.0000; 0.7027; 0.2973; 0.0000; 0.0000; 0.0000; 0.0000
0.1154; 0.1462; 0.0000; 0.0000; 0.0231; 0.4231; 0.1000; 0.1923; 0.0000
0.0000; 0.2500; 0.0000; 0.0000; 0.0000; 0.0000; 0.7500; 0.0000; 0.0000
0.1280; 0.0560; 0.0080; 0.0000; 0.0000; 0.2800; 0.0400; 0.4880; 0.0000
Bootstrap 22
Run TT with 202 training and 101 tests
Run CD with 330 training and 165 tests
Run FKW with 132 training and 66 tests
Run KW with 166 training and 84 tests
Run LPLT with 72 training and 37 tests
Run RD with 258 training and 130 tests
Run WBD with 8 training and 4 tests
Run WSD with 248 training and 125 tests
Confusion Matrix 23.0
0.8713; 0.0297; 0.0495; 0.0000; 0.0000; 0.0000; 0.0000; 0.0495; 0.0000
0.1030; 0.3455; 0.0061; 0.0000; 0.0000; 0.1879; 0.3212; 0.0364; 0.0000
0.0000; 0.0152; 0.9697; 0.0000; 0.0152; 0.0000; 0.0000; 0.0000; 0.0000
0.0000; 0.0000; 0.0952; 0.6190; 0.2738; 0.0000; 0.0119; 0.0000; 0.0000
0.0000; 0.0000; 0.0270; 0.2703; 0.7027; 0.0000; 0.0000; 0.0000; 0.0000
0.0231; 0.0692; 0.0000; 0.0000; 0.0000; 0.5846; 0.0154; 0.3077; 0.0000
0.0000; 0.0000; 0.0000; 0.0000; 0.0000; 0.0000; 1.0000; 0.0000; 0.0000
0.0880; 0.0480; 0.0000; 0.0000; 0.0000; 0.3360; 0.0640; 0.4640; 0.0000
Bootstrap 23
Run TT with 202 training and 101 tests
Run CD with 330 training and 165 tests
Run FKW with 132 training and 66 tests
Run KW with 166 training and 84 tests
Run LPLT with 72 training and 37 tests
Run RD with 258 training and 130 tests
Run WBD with 8 training and 4 tests
Run WSD with 248 training and 125 tests
Confusion Matrix 24.0
0.4257; 0.2772; 0.0297; 0.0000; 0.0297; 0.0693; 0.0693; 0.0990; 0.0000
0.0485; 0.4970; 0.0000; 0.0000; 0.0000; 0.1636; 0.2667; 0.0242; 0.0000
0.0000; 0.0303; 0.8485; 0.0000; 0.0455; 0.0000; 0.0758; 0.0000; 0.0000
0.0000; 0.0000; 0.0357; 0.6071; 0.2976; 0.0000; 0.0595; 0.0000; 0.0000
0.0000; 0.0000; 0.0000; 0.5405; 0.4595; 0.0000; 0.0000; 0.0000; 0.0000
0.0154; 0.0769; 0.0000; 0.0000; 0.0000; 0.5846; 0.0000; 0.3231; 0.0000
0.0000; 0.2500; 0.0000; 0.0000; 0.0000; 0.0000; 0.5000; 0.2500; 0.0000
0.0880; 0.0960; 0.0080; 0.0000; 0.0000; 0.2560; 0.0320; 0.5200; 0.0000
Bootstrap 24
Run TT with 202 training and 101 tests
Run CD with 330 training and 165 tests
Run FKW with 132 training and 66 tests
Run KW with 166 training and 84 tests
Run LPLT with 72 training and 37 tests
Run RD with 258 training and 130 tests
Run WBD with 8 training and 4 tests
Run WSD with 248 training and 125 tests
Confusion Matrix 25.0
0.3267; 0.4059; 0.0396; 0.0000; 0.0099; 0.1089; 0.0693; 0.0396; 0.0000
0.0303; 0.4242; 0.0061; 0.0000; 0.0000; 0.1758; 0.3273; 0.0364; 0.0000
0.0000; 0.0000; 0.8182; 0.0606; 0.1061; 0.0000; 0.0152; 0.0000; 0.0000
0.0000; 0.0000; 0.0714; 0.6429; 0.2143; 0.0000; 0.0714; 0.0000; 0.0000
0.0000; 0.0000; 0.0000; 0.5405; 0.4595; 0.0000; 0.0000; 0.0000; 0.0000
0.0077; 0.1154; 0.0000; 0.0000; 0.0000; 0.5000; 0.0077; 0.3692; 0.0000
0.0000; 0.0000; 0.0000; 0.0000; 0.0000; 0.2500; 0.7500; 0.0000; 0.0000
0.0720; 0.0880; 0.0000; 0.0000; 0.0080; 0.2960; 0.0480; 0.4880; 0.0000
Bootstrap 25
Run TT with 202 training and 101 tests
Run CD with 330 training and 165 tests
Run FKW with 132 training and 66 tests
Run KW with 166 training and 84 tests
Run LPLT with 72 training and 37 tests
Run RD with 258 training and 130 tests
Run WBD with 8 training and 4 tests
Run WSD with 248 training and 125 tests
Confusion Matrix 26.0
0.8812; 0.0198; 0.0297; 0.0000; 0.0099; 0.0000; 0.0198; 0.0396; 0.0000
0.1455; 0.3333; 0.0061; 0.0000; 0.0000; 0.2970; 0.1091; 0.1091; 0.0000
0.0000; 0.0152; 0.9394; 0.0000; 0.0303; 0.0000; 0.0152; 0.0000; 0.0000
0.0000; 0.0000; 0.0000; 0.8095; 0.1905; 0.0000; 0.0000; 0.0000; 0.0000
0.0000; 0.0000; 0.0000; 0.7568; 0.2432; 0.0000; 0.0000; 0.0000; 0.0000
0.0000; 0.0154; 0.0000; 0.0000; 0.0000; 0.6308; 0.0154; 0.3385; 0.0000
0.0000; 0.0000; 0.0000; 0.0000; 0.0000; 0.0000; 1.0000; 0.0000; 0.0000
0.1440; 0.0640; 0.0000; 0.0000; 0.0000; 0.2160; 0.0560; 0.5200; 0.0000
Bootstrap 26
Run TT with 202 training and 101 tests
Run CD with 330 training and 165 tests
Run FKW with 132 training and 66 tests
Run KW with 166 training and 84 tests
Run LPLT with 72 training and 37 tests
Run RD with 258 training and 130 tests
Run WBD with 8 training and 4 tests
Run WSD with 248 training and 125 tests
Confusion Matrix 27.0
0.8515; 0.0198; 0.0099; 0.0000; 0.0099; 0.0198; 0.0000; 0.0891; 0.0000
0.0606; 0.2909; 0.0061; 0.0000; 0.0000; 0.1455; 0.4485; 0.0485; 0.0000
0.0000; 0.0152; 0.9242; 0.0455; 0.0152; 0.0000; 0.0000; 0.0000; 0.0000
0.0000; 0.0000; 0.0119; 0.6429; 0.3452; 0.0000; 0.0000; 0.0000; 0.0000
0.0270; 0.0000; 0.1081; 0.1081; 0.7568; 0.0000; 0.0000; 0.0000; 0.0000
0.0154; 0.0846; 0.0000; 0.0000; 0.0000; 0.6231; 0.0077; 0.2692; 0.0000
0.0000; 0.0000; 0.0000; 0.0000; 0.0000; 0.0000; 1.0000; 0.0000; 0.0000
0.0880; 0.0480; 0.0000; 0.0000; 0.0000; 0.2560; 0.0480; 0.5600; 0.0000
Bootstrap 27
Run TT with 202 training and 101 tests
Run CD with 330 training and 165 tests
Run FKW with 132 training and 66 tests
Run KW with 166 training and 84 tests
Run LPLT with 72 training and 37 tests
Run RD with 258 training and 130 tests
Run WBD with 8 training and 4 tests
Run WSD with 248 training and 125 tests
Confusion Matrix 28.0
0.6634; 0.0891; 0.0297; 0.0000; 0.0198; 0.0198; 0.0495; 0.1287; 0.0000
0.1091; 0.3576; 0.0061; 0.0000; 0.0000; 0.2667; 0.1455; 0.1152; 0.0000
0.0000; 0.0455; 0.8636; 0.0606; 0.0303; 0.0000; 0.0000; 0.0000; 0.0000
0.0000; 0.0000; 0.1310; 0.6429; 0.2024; 0.0000; 0.0238; 0.0000; 0.0000
0.0270; 0.0000; 0.0000; 0.3243; 0.6486; 0.0000; 0.0000; 0.0000; 0.0000
0.0308; 0.0769; 0.0000; 0.0000; 0.0000; 0.5692; 0.0154; 0.3077; 0.0000
0.0000; 0.2500; 0.0000; 0.0000; 0.0000; 0.0000; 0.7500; 0.0000; 0.0000
0.0800; 0.0800; 0.0000; 0.0000; 0.0000; 0.3120; 0.0480; 0.4800; 0.0000
Bootstrap 28
Run TT with 202 training and 101 tests
Run CD with 330 training and 165 tests
Run FKW with 132 training and 66 tests
Run KW with 166 training and 84 tests
Run LPLT with 72 training and 37 tests
Run RD with 258 training and 130 tests
Run WBD with 8 training and 4 tests
Run WSD with 248 training and 125 tests
Confusion Matrix 29.0
0.3762; 0.2772; 0.0297; 0.0099; 0.0000; 0.0891; 0.1386; 0.0792; 0.0000
0.0727; 0.3939; 0.0061; 0.0000; 0.0000; 0.2545; 0.1758; 0.0970; 0.0000
0.0000; 0.0455; 0.8030; 0.0152; 0.1364; 0.0000; 0.0000; 0.0000; 0.0000
0.0000; 0.0000; 0.0476; 0.8810; 0.0595; 0.0000; 0.0119; 0.0000; 0.0000
0.0000; 0.0000; 0.0541; 0.3243; 0.6216; 0.0000; 0.0000; 0.0000; 0.0000
0.0000; 0.1000; 0.0000; 0.0000; 0.0000; 0.4538; 0.0538; 0.3923; 0.0000
0.0000; 0.2500; 0.0000; 0.0000; 0.0000; 0.0000; 0.7500; 0.0000; 0.0000
0.0480; 0.0800; 0.0000; 0.0000; 0.0080; 0.3040; 0.0720; 0.4880; 0.0000
Bootstrap 29
Run TT with 202 training and 101 tests
Run CD with 330 training and 165 tests
Run FKW with 132 training and 66 tests
Run KW with 166 training and 84 tests
Run LPLT with 72 training and 37 tests
Run RD with 258 training and 130 tests
Run WBD with 8 training and 4 tests
Run WSD with 248 training and 125 tests
Confusion Matrix 30.0
0.4950; 0.1287; 0.0594; 0.0099; 0.0099; 0.0594; 0.0891; 0.1485; 0.0000
0.0121; 0.5394; 0.0061; 0.0000; 0.0000; 0.1455; 0.2364; 0.0606; 0.0000
0.0000; 0.0000; 0.9545; 0.0152; 0.0152; 0.0152; 0.0000; 0.0000; 0.0000
0.0000; 0.0000; 0.0357; 0.8571; 0.1071; 0.0000; 0.0000; 0.0000; 0.0000
0.0000; 0.0000; 0.0270; 0.5676; 0.4054; 0.0000; 0.0000; 0.0000; 0.0000
0.0077; 0.1385; 0.0000; 0.0000; 0.0000; 0.5615; 0.0077; 0.2846; 0.0000
0.0000; 0.2500; 0.0000; 0.0000; 0.0000; 0.2500; 0.2500; 0.2500; 0.0000
0.1120; 0.0880; 0.0000; 0.0000; 0.0000; 0.2480; 0.0240; 0.5280; 0.0000
Mean confusion
0.6363; 0.1330; 0.0317; 0.0017; 0.0116; 0.0515; 0.0541; 0.0802; 0.0000
0.0830; 0.4053; 0.0071; 0.0000; 0.0000; 0.1879; 0.2566; 0.0602; 0.0000
0.0030; 0.0242; 0.8929; 0.0242; 0.0354; 0.0015; 0.0187; 0.0000; 0.0000
0.0000; 0.0000; 0.0512; 0.7353; 0.1913; 0.0000; 0.0222; 0.0000; 0.0000
0.0054; 0.0000; 0.0351; 0.3649; 0.5883; 0.0000; 0.0063; 0.0000; 0.0000
0.0413; 0.0941; 0.0054; 0.0018; 0.0141; 0.5441; 0.0313; 0.2679; 0.0000
0.0000; 0.2500; 0.0000; 0.0000; 0.0000; 0.0333; 0.7000; 0.0167; 0.0000
0.0923; 0.0765; 0.0021; 0.0005; 0.0011; 0.2896; 0.0451; 0.4928; 0.0000
STD Confusion
0.1931; 0.1067; 0.0143; 0.0038; 0.0101; 0.0406; 0.0499; 0.0316; 0.0000
0.0373; 0.0669; 0.0053; 0.0000; 0.0000; 0.0697; 0.1086; 0.0328; 0.0000
0.0073; 0.0181; 0.0428; 0.0224; 0.0329; 0.0061; 0.0217; 0.0000; 0.0000
0.0000; 0.0000; 0.0374; 0.1081; 0.0848; 0.0000; 0.0231; 0.0000; 0.0000
0.0110; 0.0000; 0.0487; 0.2373; 0.1988; 0.0000; 0.0154; 0.0000; 0.0000
0.0488; 0.0522; 0.0115; 0.0048; 0.0237; 0.0988; 0.0367; 0.0712; 0.0000
0.0000; 0.2177; 0.0000; 0.0000; 0.0000; 0.0864; 0.2403; 0.0634; 0.0000
0.0247; 0.0222; 0.0036; 0.0020; 0.0028; 0.0373; 0.0179; 0.0419; 0.0000
Lower 95% CI
0.3267; 0.0000; 0.0099; 0.0000; 0.0000; 0.0000; 0.0000; 0.0396; 0.0000
0.0121; 0.2909; 0.0000; 0.0000; 0.0000; 0.0727; 0.0909; 0.0000; 0.0000
0.0000; 0.0000; 0.8030; 0.0000; 0.0000; 0.0000; 0.0000; 0.0000; 0.0000
0.0000; 0.0000; 0.0000; 0.4762; 0.0595; 0.0000; 0.0000; 0.0000; 0.0000
0.0000; 0.0000; 0.0000; 0.0541; 0.2432; 0.0000; 0.0000; 0.0000; 0.0000
0.0000; 0.0154; 0.0000; 0.0000; 0.0000; 0.3846; 0.0000; 0.1077; 0.0000
0.0000; 0.0000; 0.0000; 0.0000; 0.0000; 0.0000; 0.2500; 0.0000; 0.0000
0.0400; 0.0240; 0.0000; 0.0000; 0.0000; 0.2160; 0.0080; 0.4080; 0.0000
Upper 95% CI
0.8812; 0.4059; 0.0594; 0.0099; 0.0396; 0.1386; 0.1683; 0.1584; 0.0000
0.1636; 0.5455; 0.0242; 0.0000; 0.0000; 0.2970; 0.4485; 0.1212; 0.0000
0.0303; 0.0606; 0.9697; 0.0606; 0.1364; 0.0303; 0.0758; 0.0000; 0.0000
0.0000; 0.0000; 0.1548; 0.8810; 0.3571; 0.0000; 0.0714; 0.0000; 0.0000
0.0270; 0.0000; 0.1622; 0.7568; 0.8649; 0.0000; 0.0541; 0.0000; 0.0000
0.1538; 0.2077; 0.0462; 0.0231; 0.0692; 0.7000; 0.1231; 0.3923; 0.0000
0.0000; 0.7500; 0.0000; 0.0000; 0.0000; 0.2500; 1.0000; 0.2500; 0.0000
0.1440; 0.1360; 0.0080; 0.0080; 0.0080; 0.3680; 0.0800; 0.5680; 0.0000
Run TT with 303 training and 0 tests
Run CD with 495 training and 0 tests
Run FKW with 198 training and 0 tests
Run KW with 250 training and 0 tests
Run LPLT with 109 training and 0 tests
Run RD with 388 training and 0 tests
Run WBD with 12 training and 0 tests
Run WSD with 373 training and 0 tests