Total Bootstraps 30
Num Species 8
FragmentLength 24; Section Length 50
TT; CD; FKW; KW; LPLT; RD; WBD; WSD
Bootstrap 0
Run TT with 141 training and 71 tests
Run CD with 231 training and 116 tests
Run FKW with 92 training and 47 tests
Run KW with 116 training and 59 tests
Run LPLT with 50 training and 26 tests
Run RD with 180 training and 91 tests
Run WBD with 5 training and 3 tests
Run WSD with 174 training and 87 tests
Confusion Matrix 1.0
0.7042; 0.0986; 0.0282; 0.0000; 0.0000; 0.0141; 0.0563; 0.0986; 0.0000
0.1293; 0.3103; 0.0000; 0.0000; 0.0000; 0.2241; 0.2069; 0.1293; 0.0000
0.0000; 0.0213; 0.9574; 0.0000; 0.0000; 0.0000; 0.0213; 0.0000; 0.0000
0.0000; 0.0000; 0.0339; 0.7119; 0.2542; 0.0000; 0.0000; 0.0000; 0.0000
0.0000; 0.0000; 0.0769; 0.2308; 0.6923; 0.0000; 0.0000; 0.0000; 0.0000
0.0000; 0.0000; 0.0000; 0.0000; 0.0000; 0.6703; 0.0220; 0.3077; 0.0000
0.0000; 0.0000; 0.0000; 0.0000; 0.0000; 0.0000; 1.0000; 0.0000; 0.0000
0.0690; 0.0575; 0.0000; 0.0000; 0.0115; 0.2184; 0.0345; 0.6092; 0.0000
Bootstrap 1
Run TT with 141 training and 71 tests
Run CD with 231 training and 116 tests
Run FKW with 92 training and 47 tests
Run KW with 116 training and 59 tests
Run LPLT with 50 training and 26 tests
Run RD with 180 training and 91 tests
Run WBD with 5 training and 3 tests
Run WSD with 174 training and 87 tests
Confusion Matrix 2.0
0.3803; 0.3380; 0.0423; 0.0000; 0.0000; 0.1408; 0.0845; 0.0141; 0.0000
0.0517; 0.4569; 0.0000; 0.0000; 0.0000; 0.2069; 0.2500; 0.0345; 0.0000
0.0000; 0.0426; 0.8936; 0.0213; 0.0213; 0.0000; 0.0213; 0.0000; 0.0000
0.0000; 0.0000; 0.0169; 0.8644; 0.0847; 0.0000; 0.0339; 0.0000; 0.0000
0.0000; 0.0000; 0.0000; 0.2692; 0.7308; 0.0000; 0.0000; 0.0000; 0.0000
0.0000; 0.0659; 0.0000; 0.0000; 0.0000; 0.7473; 0.0110; 0.1758; 0.0000
0.0000; 0.0000; 0.0000; 0.0000; 0.0000; 0.0000; 1.0000; 0.0000; 0.0000
0.0575; 0.0805; 0.0000; 0.0000; 0.0115; 0.3103; 0.0575; 0.4828; 0.0000
Bootstrap 2
Run TT with 141 training and 71 tests
Run CD with 231 training and 116 tests
Run FKW with 92 training and 47 tests
Run KW with 116 training and 59 tests
Run LPLT with 50 training and 26 tests
Run RD with 180 training and 91 tests
Run WBD with 5 training and 3 tests
Run WSD with 174 training and 87 tests
Confusion Matrix 3.0
0.4085; 0.3380; 0.0563; 0.0000; 0.0141; 0.0563; 0.0845; 0.0423; 0.0000
0.0431; 0.5000; 0.0000; 0.0000; 0.0000; 0.0517; 0.3966; 0.0086; 0.0000
0.0000; 0.0213; 0.8723; 0.0000; 0.1064; 0.0000; 0.0000; 0.0000; 0.0000
0.0000; 0.0000; 0.0169; 0.8136; 0.1695; 0.0000; 0.0000; 0.0000; 0.0000
0.0000; 0.0000; 0.0000; 0.4231; 0.5769; 0.0000; 0.0000; 0.0000; 0.0000
0.0989; 0.2198; 0.0110; 0.0000; 0.0549; 0.3846; 0.0549; 0.1758; 0.0000
0.0000; 0.0000; 0.0000; 0.0000; 0.0000; 0.0000; 1.0000; 0.0000; 0.0000
0.0345; 0.1149; 0.0000; 0.0000; 0.0115; 0.2874; 0.0460; 0.5057; 0.0000
Bootstrap 3
Run TT with 141 training and 71 tests
Run CD with 231 training and 116 tests
Run FKW with 92 training and 47 tests
Run KW with 116 training and 59 tests
Run LPLT with 50 training and 26 tests
Run RD with 180 training and 91 tests
Run WBD with 5 training and 3 tests
Run WSD with 174 training and 87 tests
Confusion Matrix 4.0
0.5915; 0.1268; 0.0563; 0.0000; 0.0000; 0.0282; 0.0563; 0.1408; 0.0000
0.0431; 0.4052; 0.0000; 0.0000; 0.0000; 0.1293; 0.3276; 0.0948; 0.0000
0.0000; 0.0426; 0.8723; 0.0213; 0.0426; 0.0000; 0.0213; 0.0000; 0.0000
0.0000; 0.0000; 0.0339; 0.7458; 0.2203; 0.0000; 0.0000; 0.0000; 0.0000
0.0000; 0.0000; 0.0769; 0.3462; 0.5769; 0.0000; 0.0000; 0.0000; 0.0000
0.0110; 0.0110; 0.0000; 0.0000; 0.0000; 0.5934; 0.0000; 0.3846; 0.0000
0.0000; 0.3333; 0.0000; 0.0000; 0.0000; 0.0000; 0.6667; 0.0000; 0.0000
0.0575; 0.0345; 0.0000; 0.0000; 0.0000; 0.2414; 0.0115; 0.6552; 0.0000
Bootstrap 4
Run TT with 141 training and 71 tests
Run CD with 231 training and 116 tests
Run FKW with 92 training and 47 tests
Run KW with 116 training and 59 tests
Run LPLT with 50 training and 26 tests
Run RD with 180 training and 91 tests
Run WBD with 5 training and 3 tests
Run WSD with 174 training and 87 tests
Confusion Matrix 5.0
0.7465; 0.0986; 0.0000; 0.0000; 0.0000; 0.0423; 0.0563; 0.0563; 0.0000
0.0948; 0.4224; 0.0000; 0.0000; 0.0000; 0.2845; 0.0948; 0.1034; 0.0000
0.0000; 0.0213; 0.8511; 0.0000; 0.1277; 0.0000; 0.0000; 0.0000; 0.0000
0.0000; 0.0000; 0.1017; 0.7966; 0.1017; 0.0000; 0.0000; 0.0000; 0.0000
0.0000; 0.0000; 0.0000; 0.7308; 0.2692; 0.0000; 0.0000; 0.0000; 0.0000
0.0000; 0.0659; 0.0000; 0.0000; 0.0000; 0.7582; 0.0000; 0.1758; 0.0000
0.0000; 0.0000; 0.0000; 0.0000; 0.0000; 0.0000; 1.0000; 0.0000; 0.0000
0.1034; 0.0575; 0.0000; 0.0000; 0.0000; 0.3103; 0.0230; 0.5057; 0.0000
Bootstrap 5
Run TT with 141 training and 71 tests
Run CD with 231 training and 116 tests
Run FKW with 92 training and 47 tests
Run KW with 116 training and 59 tests
Run LPLT with 50 training and 26 tests
Run RD with 180 training and 91 tests
Run WBD with 5 training and 3 tests
Run WSD with 174 training and 87 tests
Confusion Matrix 6.0
0.9014; 0.0141; 0.0282; 0.0000; 0.0141; 0.0000; 0.0000; 0.0423; 0.0000
0.1034; 0.4397; 0.0000; 0.0000; 0.0000; 0.1207; 0.2586; 0.0776; 0.0000
0.0000; 0.0213; 0.9149; 0.0000; 0.0638; 0.0000; 0.0000; 0.0000; 0.0000
0.0000; 0.0000; 0.0169; 0.8644; 0.1017; 0.0000; 0.0169; 0.0000; 0.0000
0.0000; 0.0000; 0.0000; 0.7308; 0.2692; 0.0000; 0.0000; 0.0000; 0.0000
0.0000; 0.0330; 0.0000; 0.0000; 0.0000; 0.7033; 0.0110; 0.2527; 0.0000
0.0000; 0.3333; 0.0000; 0.0000; 0.0000; 0.0000; 0.6667; 0.0000; 0.0000
0.0690; 0.0345; 0.0000; 0.0000; 0.0000; 0.2874; 0.0575; 0.5517; 0.0000
Bootstrap 6
Run TT with 141 training and 71 tests
Run CD with 231 training and 116 tests
Run FKW with 92 training and 47 tests
Run KW with 116 training and 59 tests
Run LPLT with 50 training and 26 tests
Run RD with 180 training and 91 tests
Run WBD with 5 training and 3 tests
Run WSD with 174 training and 87 tests
Confusion Matrix 7.0
0.7746; 0.0563; 0.0141; 0.0000; 0.0000; 0.0141; 0.0423; 0.0986; 0.0000
0.0862; 0.5690; 0.0000; 0.0000; 0.0000; 0.1034; 0.2414; 0.0000; 0.0000
0.0000; 0.0426; 0.9149; 0.0000; 0.0426; 0.0000; 0.0000; 0.0000; 0.0000
0.0000; 0.0000; 0.0508; 0.7966; 0.1525; 0.0000; 0.0000; 0.0000; 0.0000
0.0000; 0.0000; 0.0769; 0.3077; 0.6154; 0.0000; 0.0000; 0.0000; 0.0000
0.1209; 0.1648; 0.0220; 0.0440; 0.0110; 0.4615; 0.0879; 0.0879; 0.0000
0.0000; 0.3333; 0.0000; 0.0000; 0.0000; 0.0000; 0.6667; 0.0000; 0.0000
0.0805; 0.0920; 0.0000; 0.0000; 0.0000; 0.3563; 0.0115; 0.4598; 0.0000
Bootstrap 7
Run TT with 141 training and 71 tests
Run CD with 231 training and 116 tests
Run FKW with 92 training and 47 tests
Run KW with 116 training and 59 tests
Run LPLT with 50 training and 26 tests
Run RD with 180 training and 91 tests
Run WBD with 5 training and 3 tests
Run WSD with 174 training and 87 tests
Confusion Matrix 8.0
0.6620; 0.1268; 0.0141; 0.0000; 0.0000; 0.0563; 0.0423; 0.0986; 0.0000
0.0862; 0.4310; 0.0000; 0.0000; 0.0000; 0.2931; 0.1034; 0.0862; 0.0000
0.0000; 0.0851; 0.9149; 0.0000; 0.0000; 0.0000; 0.0000; 0.0000; 0.0000
0.0000; 0.0000; 0.0169; 0.8814; 0.0847; 0.0000; 0.0169; 0.0000; 0.0000
0.0000; 0.0000; 0.0000; 0.6154; 0.3846; 0.0000; 0.0000; 0.0000; 0.0000
0.0000; 0.0330; 0.0000; 0.0000; 0.0000; 0.7033; 0.0000; 0.2637; 0.0000
0.0000; 0.3333; 0.0000; 0.0000; 0.0000; 0.0000; 0.6667; 0.0000; 0.0000
0.0920; 0.0690; 0.0000; 0.0000; 0.0000; 0.2414; 0.0920; 0.5057; 0.0000
Bootstrap 8
Run TT with 141 training and 71 tests
Run CD with 231 training and 116 tests
Run FKW with 92 training and 47 tests
Run KW with 116 training and 59 tests
Run LPLT with 50 training and 26 tests
Run RD with 180 training and 91 tests
Run WBD with 5 training and 3 tests
Run WSD with 174 training and 87 tests
Confusion Matrix 9.0
0.5915; 0.1972; 0.0000; 0.0000; 0.0000; 0.0704; 0.0563; 0.0845; 0.0000
0.0776; 0.4052; 0.0000; 0.0000; 0.0000; 0.1552; 0.3017; 0.0603; 0.0000
0.0000; 0.0426; 0.9362; 0.0000; 0.0213; 0.0000; 0.0000; 0.0000; 0.0000
0.0000; 0.0000; 0.0339; 0.7458; 0.2203; 0.0000; 0.0000; 0.0000; 0.0000
0.0000; 0.0000; 0.1154; 0.0769; 0.8077; 0.0000; 0.0000; 0.0000; 0.0000
0.0000; 0.0000; 0.0000; 0.0000; 0.0000; 0.7253; 0.0000; 0.2747; 0.0000
0.0000; 0.3333; 0.0000; 0.0000; 0.0000; 0.0000; 0.6667; 0.0000; 0.0000
0.0920; 0.0230; 0.0000; 0.0000; 0.0115; 0.2759; 0.0345; 0.5632; 0.0000
Bootstrap 9
Run TT with 141 training and 71 tests
Run CD with 231 training and 116 tests
Run FKW with 92 training and 47 tests
Run KW with 116 training and 59 tests
Run LPLT with 50 training and 26 tests
Run RD with 180 training and 91 tests
Run WBD with 5 training and 3 tests
Run WSD with 174 training and 87 tests
Confusion Matrix 10.0
0.5070; 0.2817; 0.0141; 0.0000; 0.0000; 0.0845; 0.0845; 0.0282; 0.0000
0.1121; 0.4052; 0.0086; 0.0000; 0.0000; 0.2241; 0.1466; 0.1034; 0.0000
0.0000; 0.0426; 0.8723; 0.0000; 0.0638; 0.0000; 0.0213; 0.0000; 0.0000
0.0000; 0.0000; 0.0169; 0.7627; 0.2034; 0.0000; 0.0169; 0.0000; 0.0000
0.0000; 0.0000; 0.0000; 0.6538; 0.3462; 0.0000; 0.0000; 0.0000; 0.0000
0.0000; 0.0000; 0.0000; 0.0000; 0.0000; 0.7143; 0.0110; 0.2747; 0.0000
0.0000; 0.3333; 0.0000; 0.0000; 0.0000; 0.0000; 0.6667; 0.0000; 0.0000
0.0690; 0.0920; 0.0000; 0.0000; 0.0115; 0.2414; 0.0115; 0.5747; 0.0000
Bootstrap 10
Run TT with 141 training and 71 tests
Run CD with 231 training and 116 tests
Run FKW with 92 training and 47 tests
Run KW with 116 training and 59 tests
Run LPLT with 50 training and 26 tests
Run RD with 180 training and 91 tests
Run WBD with 5 training and 3 tests
Run WSD with 174 training and 87 tests
Confusion Matrix 11.0
0.9155; 0.0000; 0.0141; 0.0000; 0.0000; 0.0141; 0.0000; 0.0563; 0.0000
0.0690; 0.4483; 0.0000; 0.0000; 0.0000; 0.1207; 0.2586; 0.1034; 0.0000
0.0000; 0.0213; 0.8511; 0.0213; 0.0851; 0.0000; 0.0213; 0.0000; 0.0000
0.0000; 0.0000; 0.0169; 0.8983; 0.0847; 0.0000; 0.0000; 0.0000; 0.0000
0.0000; 0.0000; 0.0385; 0.6538; 0.3077; 0.0000; 0.0000; 0.0000; 0.0000
0.0000; 0.0220; 0.0000; 0.0000; 0.0000; 0.7582; 0.0220; 0.1978; 0.0000
0.0000; 0.0000; 0.0000; 0.0000; 0.0000; 0.0000; 1.0000; 0.0000; 0.0000
0.0690; 0.0230; 0.0000; 0.0000; 0.0115; 0.3103; 0.0575; 0.5287; 0.0000
Bootstrap 11
Run TT with 141 training and 71 tests
Run CD with 231 training and 116 tests
Run FKW with 92 training and 47 tests
Run KW with 116 training and 59 tests
Run LPLT with 50 training and 26 tests
Run RD with 180 training and 91 tests
Run WBD with 5 training and 3 tests
Run WSD with 174 training and 87 tests
Confusion Matrix 12.0
0.7042; 0.0986; 0.0282; 0.0000; 0.0000; 0.0141; 0.0282; 0.1268; 0.0000
0.1207; 0.4138; 0.0000; 0.0000; 0.0000; 0.2931; 0.1034; 0.0690; 0.0000
0.0000; 0.0000; 0.9362; 0.0000; 0.0213; 0.0000; 0.0426; 0.0000; 0.0000
0.0000; 0.0000; 0.0678; 0.7627; 0.1695; 0.0000; 0.0000; 0.0000; 0.0000
0.0000; 0.0000; 0.0000; 0.5385; 0.4615; 0.0000; 0.0000; 0.0000; 0.0000
0.0879; 0.1648; 0.0330; 0.0110; 0.0769; 0.4615; 0.0549; 0.1099; 0.0000
0.0000; 0.0000; 0.0000; 0.0000; 0.0000; 0.0000; 1.0000; 0.0000; 0.0000
0.0805; 0.0805; 0.0115; 0.0000; 0.0000; 0.2989; 0.0115; 0.5172; 0.0000
Bootstrap 12
Run TT with 141 training and 71 tests
Run CD with 231 training and 116 tests
Run FKW with 92 training and 47 tests
Run KW with 116 training and 59 tests
Run LPLT with 50 training and 26 tests
Run RD with 180 training and 91 tests
Run WBD with 5 training and 3 tests
Run WSD with 174 training and 87 tests
Confusion Matrix 13.0
0.9155; 0.0000; 0.0282; 0.0000; 0.0141; 0.0000; 0.0000; 0.0423; 0.0000
0.0776; 0.5603; 0.0000; 0.0000; 0.0000; 0.1379; 0.1638; 0.0603; 0.0000
0.0000; 0.0426; 0.9362; 0.0000; 0.0213; 0.0000; 0.0000; 0.0000; 0.0000
0.0000; 0.0000; 0.1017; 0.7627; 0.1356; 0.0000; 0.0000; 0.0000; 0.0000
0.0000; 0.0000; 0.0000; 0.7308; 0.2692; 0.0000; 0.0000; 0.0000; 0.0000
0.0000; 0.0220; 0.0000; 0.0000; 0.0000; 0.7253; 0.0000; 0.2527; 0.0000
0.0000; 0.3333; 0.0000; 0.0000; 0.0000; 0.0000; 0.6667; 0.0000; 0.0000
0.0805; 0.0690; 0.0000; 0.0000; 0.0000; 0.2069; 0.0115; 0.6322; 0.0000
Bootstrap 13
Run TT with 141 training and 71 tests
Run CD with 231 training and 116 tests
Run FKW with 92 training and 47 tests
Run KW with 116 training and 59 tests
Run LPLT with 50 training and 26 tests
Run RD with 180 training and 91 tests
Run WBD with 5 training and 3 tests
Run WSD with 174 training and 87 tests
Confusion Matrix 14.0
0.9296; 0.0141; 0.0423; 0.0000; 0.0000; 0.0000; 0.0000; 0.0141; 0.0000
0.0862; 0.3448; 0.0000; 0.0000; 0.0000; 0.1552; 0.4138; 0.0000; 0.0000
0.0000; 0.0213; 0.9362; 0.0213; 0.0000; 0.0000; 0.0213; 0.0000; 0.0000
0.0000; 0.0000; 0.0169; 0.7288; 0.2373; 0.0000; 0.0169; 0.0000; 0.0000
0.0000; 0.0000; 0.0385; 0.1923; 0.7692; 0.0000; 0.0000; 0.0000; 0.0000
0.0110; 0.0220; 0.0000; 0.0000; 0.0000; 0.6154; 0.0110; 0.3407; 0.0000
0.0000; 0.0000; 0.0000; 0.0000; 0.0000; 0.0000; 1.0000; 0.0000; 0.0000
0.0690; 0.0690; 0.0000; 0.0000; 0.0115; 0.3103; 0.0230; 0.5172; 0.0000
Bootstrap 14
Run TT with 141 training and 71 tests
Run CD with 231 training and 116 tests
Run FKW with 92 training and 47 tests
Run KW with 116 training and 59 tests
Run LPLT with 50 training and 26 tests
Run RD with 180 training and 91 tests
Run WBD with 5 training and 3 tests
Run WSD with 174 training and 87 tests
Confusion Matrix 15.0
0.8732; 0.0141; 0.0000; 0.0000; 0.0000; 0.0282; 0.0000; 0.0845; 0.0000
0.0862; 0.5603; 0.0000; 0.0000; 0.0000; 0.1983; 0.1293; 0.0259; 0.0000
0.0000; 0.0000; 0.9787; 0.0000; 0.0213; 0.0000; 0.0000; 0.0000; 0.0000
0.0000; 0.0000; 0.0678; 0.6949; 0.2203; 0.0000; 0.0169; 0.0000; 0.0000
0.0000; 0.0000; 0.0000; 0.2692; 0.7308; 0.0000; 0.0000; 0.0000; 0.0000
0.0110; 0.1429; 0.0000; 0.0000; 0.0000; 0.4615; 0.0330; 0.3516; 0.0000
0.0000; 0.6667; 0.0000; 0.0000; 0.0000; 0.0000; 0.3333; 0.0000; 0.0000
0.0920; 0.0460; 0.0000; 0.0000; 0.0000; 0.2414; 0.0345; 0.5862; 0.0000
Bootstrap 15
Run TT with 141 training and 71 tests
Run CD with 231 training and 116 tests
Run FKW with 92 training and 47 tests
Run KW with 116 training and 59 tests
Run LPLT with 50 training and 26 tests
Run RD with 180 training and 91 tests
Run WBD with 5 training and 3 tests
Run WSD with 174 training and 87 tests
Confusion Matrix 16.0
0.4648; 0.2535; 0.0423; 0.0000; 0.0000; 0.0986; 0.0704; 0.0704; 0.0000
0.0517; 0.5345; 0.0000; 0.0000; 0.0000; 0.1983; 0.1724; 0.0431; 0.0000
0.0000; 0.0213; 0.9149; 0.0213; 0.0426; 0.0000; 0.0000; 0.0000; 0.0000
0.0000; 0.0000; 0.0678; 0.8814; 0.0508; 0.0000; 0.0000; 0.0000; 0.0000
0.0000; 0.0000; 0.0000; 0.3846; 0.6154; 0.0000; 0.0000; 0.0000; 0.0000
0.0000; 0.0110; 0.0000; 0.0000; 0.0000; 0.6264; 0.0110; 0.3516; 0.0000
0.0000; 0.0000; 0.0000; 0.0000; 0.0000; 0.0000; 1.0000; 0.0000; 0.0000
0.0460; 0.0920; 0.0000; 0.0000; 0.0000; 0.2874; 0.0460; 0.5287; 0.0000
Bootstrap 16
Run TT with 141 training and 71 tests
Run CD with 231 training and 116 tests
Run FKW with 92 training and 47 tests
Run KW with 116 training and 59 tests
Run LPLT with 50 training and 26 tests
Run RD with 180 training and 91 tests
Run WBD with 5 training and 3 tests
Run WSD with 174 training and 87 tests
Confusion Matrix 17.0
0.7887; 0.0423; 0.0141; 0.0000; 0.0141; 0.0141; 0.0282; 0.0986; 0.0000
0.0603; 0.3966; 0.0086; 0.0000; 0.0000; 0.1552; 0.2931; 0.0862; 0.0000
0.0000; 0.0000; 0.9574; 0.0000; 0.0426; 0.0000; 0.0000; 0.0000; 0.0000
0.0000; 0.0000; 0.0508; 0.8136; 0.1356; 0.0000; 0.0000; 0.0000; 0.0000
0.0000; 0.0000; 0.0385; 0.4231; 0.5385; 0.0000; 0.0000; 0.0000; 0.0000
0.0000; 0.0769; 0.0000; 0.0000; 0.0000; 0.7473; 0.0110; 0.1648; 0.0000
0.0000; 0.0000; 0.0000; 0.0000; 0.0000; 0.0000; 1.0000; 0.0000; 0.0000
0.0920; 0.0460; 0.0000; 0.0000; 0.0115; 0.2644; 0.0230; 0.5632; 0.0000
Bootstrap 17
Run TT with 141 training and 71 tests
Run CD with 231 training and 116 tests
Run FKW with 92 training and 47 tests
Run KW with 116 training and 59 tests
Run LPLT with 50 training and 26 tests
Run RD with 180 training and 91 tests
Run WBD with 5 training and 3 tests
Run WSD with 174 training and 87 tests
Confusion Matrix 18.0
0.8451; 0.0000; 0.0282; 0.0000; 0.0000; 0.0141; 0.0423; 0.0704; 0.0000
0.1379; 0.4655; 0.0172; 0.0000; 0.0000; 0.2672; 0.0517; 0.0603; 0.0000
0.0000; 0.0000; 0.9574; 0.0213; 0.0213; 0.0000; 0.0000; 0.0000; 0.0000
0.0000; 0.0000; 0.0339; 0.7119; 0.2542; 0.0000; 0.0000; 0.0000; 0.0000
0.0000; 0.0000; 0.0769; 0.1923; 0.7308; 0.0000; 0.0000; 0.0000; 0.0000
0.0110; 0.0110; 0.0000; 0.0000; 0.0000; 0.6044; 0.0110; 0.3626; 0.0000
0.0000; 1.0000; 0.0000; 0.0000; 0.0000; 0.0000; 0.0000; 0.0000; 0.0000
0.0805; 0.0575; 0.0000; 0.0000; 0.0115; 0.2414; 0.0345; 0.5747; 0.0000
Bootstrap 18
Run TT with 141 training and 71 tests
Run CD with 231 training and 116 tests
Run FKW with 92 training and 47 tests
Run KW with 116 training and 59 tests
Run LPLT with 50 training and 26 tests
Run RD with 180 training and 91 tests
Run WBD with 5 training and 3 tests
Run WSD with 174 training and 87 tests
Confusion Matrix 19.0
0.3521; 0.3521; 0.0423; 0.0000; 0.0000; 0.0986; 0.1127; 0.0423; 0.0000
0.0259; 0.4224; 0.0000; 0.0000; 0.0000; 0.0948; 0.4310; 0.0259; 0.0000
0.0000; 0.0000; 0.9149; 0.0426; 0.0426; 0.0000; 0.0000; 0.0000; 0.0000
0.0000; 0.0000; 0.0339; 0.8814; 0.0508; 0.0000; 0.0339; 0.0000; 0.0000
0.0000; 0.0000; 0.0000; 0.6538; 0.3462; 0.0000; 0.0000; 0.0000; 0.0000
0.0000; 0.0330; 0.0000; 0.0000; 0.0000; 0.7582; 0.0220; 0.1868; 0.0000
0.0000; 0.3333; 0.0000; 0.0000; 0.0000; 0.0000; 0.6667; 0.0000; 0.0000
0.1149; 0.0460; 0.0000; 0.0000; 0.0115; 0.2874; 0.0345; 0.5057; 0.0000
Bootstrap 19
Run TT with 141 training and 71 tests
Run CD with 231 training and 116 tests
Run FKW with 92 training and 47 tests
Run KW with 116 training and 59 tests
Run LPLT with 50 training and 26 tests
Run RD with 180 training and 91 tests
Run WBD with 5 training and 3 tests
Run WSD with 174 training and 87 tests
Confusion Matrix 20.0
0.5352; 0.2535; 0.0282; 0.0000; 0.0000; 0.0845; 0.0845; 0.0141; 0.0000
0.0776; 0.3793; 0.0086; 0.0000; 0.0000; 0.2931; 0.1724; 0.0690; 0.0000
0.0000; 0.0000; 0.9149; 0.0426; 0.0426; 0.0000; 0.0000; 0.0000; 0.0000
0.0000; 0.0000; 0.0169; 0.8644; 0.1017; 0.0000; 0.0169; 0.0000; 0.0000
0.0000; 0.0000; 0.0000; 0.3077; 0.6923; 0.0000; 0.0000; 0.0000; 0.0000
0.0000; 0.1099; 0.0000; 0.0000; 0.0000; 0.6154; 0.0000; 0.2747; 0.0000
0.0000; 0.3333; 0.0000; 0.0000; 0.0000; 0.0000; 0.6667; 0.0000; 0.0000
0.0690; 0.0575; 0.0000; 0.0000; 0.0000; 0.3908; 0.0575; 0.4253; 0.0000
Bootstrap 20
Run TT with 141 training and 71 tests
Run CD with 231 training and 116 tests
Run FKW with 92 training and 47 tests
Run KW with 116 training and 59 tests
Run LPLT with 50 training and 26 tests
Run RD with 180 training and 91 tests
Run WBD with 5 training and 3 tests
Run WSD with 174 training and 87 tests
Confusion Matrix 21.0
0.3803; 0.3239; 0.0563; 0.0000; 0.0000; 0.1268; 0.0986; 0.0141; 0.0000
0.0431; 0.6207; 0.0000; 0.0000; 0.0000; 0.1466; 0.1724; 0.0172; 0.0000
0.0000; 0.0213; 0.8298; 0.0000; 0.1277; 0.0000; 0.0213; 0.0000; 0.0000
0.0000; 0.0000; 0.0508; 0.8136; 0.1356; 0.0000; 0.0000; 0.0000; 0.0000
0.0000; 0.0000; 0.0000; 0.6923; 0.3077; 0.0000; 0.0000; 0.0000; 0.0000
0.0000; 0.1758; 0.0000; 0.0000; 0.0000; 0.4396; 0.0220; 0.3626; 0.0000
0.0000; 0.0000; 0.0000; 0.0000; 0.0000; 0.0000; 1.0000; 0.0000; 0.0000
0.0460; 0.0920; 0.0000; 0.0000; 0.0115; 0.3333; 0.0345; 0.4828; 0.0000
Bootstrap 21
Run TT with 141 training and 71 tests
Run CD with 231 training and 116 tests
Run FKW with 92 training and 47 tests
Run KW with 116 training and 59 tests
Run LPLT with 50 training and 26 tests
Run RD with 180 training and 91 tests
Run WBD with 5 training and 3 tests
Run WSD with 174 training and 87 tests
Confusion Matrix 22.0
0.8732; 0.0000; 0.0282; 0.0000; 0.0423; 0.0141; 0.0000; 0.0423; 0.0000
0.0948; 0.5000; 0.0000; 0.0000; 0.0000; 0.0948; 0.3103; 0.0000; 0.0000
0.0000; 0.0000; 0.8936; 0.0000; 0.0638; 0.0000; 0.0426; 0.0000; 0.0000
0.0000; 0.0000; 0.0169; 0.8136; 0.1695; 0.0000; 0.0000; 0.0000; 0.0000
0.0000; 0.0000; 0.0000; 0.7692; 0.2308; 0.0000; 0.0000; 0.0000; 0.0000
0.0769; 0.0989; 0.0110; 0.0220; 0.0659; 0.5275; 0.0659; 0.1319; 0.0000
0.0000; 0.0000; 0.0000; 0.0000; 0.0000; 0.0000; 1.0000; 0.0000; 0.0000
0.0920; 0.0805; 0.0000; 0.0000; 0.0115; 0.3448; 0.0115; 0.4598; 0.0000
Bootstrap 22
Run TT with 141 training and 71 tests
Run CD with 231 training and 116 tests
Run FKW with 92 training and 47 tests
Run KW with 116 training and 59 tests
Run LPLT with 50 training and 26 tests
Run RD with 180 training and 91 tests
Run WBD with 5 training and 3 tests
Run WSD with 174 training and 87 tests
Confusion Matrix 23.0
0.5915; 0.2113; 0.0282; 0.0000; 0.0000; 0.0704; 0.0282; 0.0704; 0.0000
0.1034; 0.4397; 0.0000; 0.0000; 0.0000; 0.2328; 0.1293; 0.0948; 0.0000
0.0000; 0.0000; 0.9362; 0.0000; 0.0426; 0.0000; 0.0213; 0.0000; 0.0000
0.0000; 0.0000; 0.0169; 0.7966; 0.1695; 0.0000; 0.0169; 0.0000; 0.0000
0.0000; 0.0000; 0.0385; 0.1538; 0.8077; 0.0000; 0.0000; 0.0000; 0.0000
0.0000; 0.0440; 0.0000; 0.0000; 0.0000; 0.6813; 0.0000; 0.2747; 0.0000
0.0000; 0.0000; 0.0000; 0.0000; 0.0000; 0.0000; 1.0000; 0.0000; 0.0000
0.0690; 0.0575; 0.0000; 0.0000; 0.0000; 0.2644; 0.0460; 0.5632; 0.0000
Bootstrap 23
Run TT with 141 training and 71 tests
Run CD with 231 training and 116 tests
Run FKW with 92 training and 47 tests
Run KW with 116 training and 59 tests
Run LPLT with 50 training and 26 tests
Run RD with 180 training and 91 tests
Run WBD with 5 training and 3 tests
Run WSD with 174 training and 87 tests
Confusion Matrix 24.0
0.8873; 0.0000; 0.0282; 0.0000; 0.0000; 0.0141; 0.0141; 0.0563; 0.0000
0.0259; 0.5431; 0.0000; 0.0000; 0.0000; 0.1379; 0.2328; 0.0603; 0.0000
0.0000; 0.0426; 0.9574; 0.0000; 0.0000; 0.0000; 0.0000; 0.0000; 0.0000
0.0000; 0.0000; 0.0339; 0.6780; 0.2712; 0.0000; 0.0169; 0.0000; 0.0000
0.0000; 0.0000; 0.1154; 0.0385; 0.8077; 0.0000; 0.0385; 0.0000; 0.0000
0.0000; 0.0769; 0.0000; 0.0000; 0.0000; 0.6813; 0.0000; 0.2418; 0.0000
0.0000; 1.0000; 0.0000; 0.0000; 0.0000; 0.0000; 0.0000; 0.0000; 0.0000
0.0575; 0.0690; 0.0000; 0.0000; 0.0000; 0.3678; 0.0115; 0.4943; 0.0000
Bootstrap 24
Run TT with 141 training and 71 tests
Run CD with 231 training and 116 tests
Run FKW with 92 training and 47 tests
Run KW with 116 training and 59 tests
Run LPLT with 50 training and 26 tests
Run RD with 180 training and 91 tests
Run WBD with 5 training and 3 tests
Run WSD with 174 training and 87 tests
Confusion Matrix 25.0
0.9155; 0.0000; 0.0282; 0.0000; 0.0000; 0.0423; 0.0000; 0.0141; 0.0000
0.1552; 0.3966; 0.0000; 0.0000; 0.0000; 0.3276; 0.0603; 0.0603; 0.0000
0.0000; 0.0000; 0.9149; 0.0000; 0.0213; 0.0000; 0.0638; 0.0000; 0.0000
0.0000; 0.0000; 0.0169; 0.8644; 0.1017; 0.0000; 0.0169; 0.0000; 0.0000
0.0000; 0.0000; 0.0769; 0.1538; 0.7692; 0.0000; 0.0000; 0.0000; 0.0000
0.0000; 0.0000; 0.0000; 0.0000; 0.0000; 0.7253; 0.0110; 0.2637; 0.0000
0.0000; 1.0000; 0.0000; 0.0000; 0.0000; 0.0000; 0.0000; 0.0000; 0.0000
0.1034; 0.0690; 0.0000; 0.0000; 0.0000; 0.2299; 0.0345; 0.5632; 0.0000
Bootstrap 25
Run TT with 141 training and 71 tests
Run CD with 231 training and 116 tests
Run FKW with 92 training and 47 tests
Run KW with 116 training and 59 tests
Run LPLT with 50 training and 26 tests
Run RD with 180 training and 91 tests
Run WBD with 5 training and 3 tests
Run WSD with 174 training and 87 tests
Confusion Matrix 26.0
0.8451; 0.0000; 0.0282; 0.0000; 0.0563; 0.0000; 0.0000; 0.0704; 0.0000
0.1121; 0.4310; 0.0000; 0.0000; 0.0000; 0.0517; 0.4052; 0.0000; 0.0000
0.0000; 0.0000; 0.9149; 0.0213; 0.0638; 0.0000; 0.0000; 0.0000; 0.0000
0.0000; 0.0000; 0.0847; 0.7797; 0.1356; 0.0000; 0.0000; 0.0000; 0.0000
0.0000; 0.0000; 0.0000; 0.7308; 0.2692; 0.0000; 0.0000; 0.0000; 0.0000
0.0989; 0.1209; 0.0110; 0.0000; 0.0879; 0.4286; 0.0769; 0.1758; 0.0000
0.0000; 0.0000; 0.0000; 0.0000; 0.0000; 0.0000; 1.0000; 0.0000; 0.0000
0.0345; 0.0575; 0.0000; 0.0000; 0.0000; 0.3218; 0.0575; 0.5287; 0.0000
Bootstrap 26
Run TT with 141 training and 71 tests
Run CD with 231 training and 116 tests
Run FKW with 92 training and 47 tests
Run KW with 116 training and 59 tests
Run LPLT with 50 training and 26 tests
Run RD with 180 training and 91 tests
Run WBD with 5 training and 3 tests
Run WSD with 174 training and 87 tests
Confusion Matrix 27.0
0.4930; 0.3521; 0.0141; 0.0000; 0.0000; 0.0563; 0.0423; 0.0423; 0.0000
0.0603; 0.5431; 0.0000; 0.0000; 0.0000; 0.1810; 0.1897; 0.0259; 0.0000
0.0000; 0.0213; 0.9787; 0.0000; 0.0000; 0.0000; 0.0000; 0.0000; 0.0000
0.0000; 0.0000; 0.0000; 0.5593; 0.4237; 0.0000; 0.0169; 0.0000; 0.0000
0.0000; 0.0000; 0.0000; 0.0385; 0.9231; 0.0000; 0.0385; 0.0000; 0.0000
0.1209; 0.1538; 0.0110; 0.0110; 0.0659; 0.5165; 0.0659; 0.0549; 0.0000
0.0000; 0.3333; 0.0000; 0.0000; 0.0000; 0.0000; 0.6667; 0.0000; 0.0000
0.0690; 0.0805; 0.0115; 0.0000; 0.0115; 0.3448; 0.0345; 0.4483; 0.0000
Bootstrap 27
Run TT with 141 training and 71 tests
Run CD with 231 training and 116 tests
Run FKW with 92 training and 47 tests
Run KW with 116 training and 59 tests
Run LPLT with 50 training and 26 tests
Run RD with 180 training and 91 tests
Run WBD with 5 training and 3 tests
Run WSD with 174 training and 87 tests
Confusion Matrix 28.0
0.8732; 0.0000; 0.0141; 0.0000; 0.0000; 0.0000; 0.0000; 0.1127; 0.0000
0.1121; 0.5000; 0.0000; 0.0000; 0.0000; 0.1034; 0.2672; 0.0172; 0.0000
0.0000; 0.0000; 0.9574; 0.0000; 0.0426; 0.0000; 0.0000; 0.0000; 0.0000
0.0000; 0.0000; 0.0000; 0.8983; 0.1017; 0.0000; 0.0000; 0.0000; 0.0000
0.0000; 0.0000; 0.0000; 0.7308; 0.2692; 0.0000; 0.0000; 0.0000; 0.0000
0.0000; 0.0440; 0.0000; 0.0000; 0.0000; 0.7692; 0.0000; 0.1868; 0.0000
0.0000; 0.3333; 0.0000; 0.0000; 0.0000; 0.0000; 0.6667; 0.0000; 0.0000
0.0345; 0.0345; 0.0000; 0.0000; 0.0115; 0.3563; 0.0345; 0.5287; 0.0000
Bootstrap 28
Run TT with 141 training and 71 tests
Run CD with 231 training and 116 tests
Run FKW with 92 training and 47 tests
Run KW with 116 training and 59 tests
Run LPLT with 50 training and 26 tests
Run RD with 180 training and 91 tests
Run WBD with 5 training and 3 tests
Run WSD with 174 training and 87 tests
Confusion Matrix 29.0
0.3380; 0.3803; 0.0423; 0.0000; 0.0141; 0.0845; 0.1268; 0.0141; 0.0000
0.0345; 0.4483; 0.0000; 0.0000; 0.0000; 0.0862; 0.4224; 0.0086; 0.0000
0.0000; 0.0000; 0.9149; 0.0000; 0.0426; 0.0000; 0.0426; 0.0000; 0.0000
0.0000; 0.0000; 0.0169; 0.7966; 0.1525; 0.0000; 0.0339; 0.0000; 0.0000
0.0000; 0.0000; 0.0000; 0.3077; 0.6923; 0.0000; 0.0000; 0.0000; 0.0000
0.0000; 0.0879; 0.0000; 0.0000; 0.0000; 0.6703; 0.0000; 0.2418; 0.0000
0.0000; 0.0000; 0.0000; 0.0000; 0.0000; 0.0000; 1.0000; 0.0000; 0.0000
0.0805; 0.0690; 0.0000; 0.0000; 0.0000; 0.2644; 0.0575; 0.5287; 0.0000
Bootstrap 29
Run TT with 141 training and 71 tests
Run CD with 231 training and 116 tests
Run FKW with 92 training and 47 tests
Run KW with 116 training and 59 tests
Run LPLT with 50 training and 26 tests
Run RD with 180 training and 91 tests
Run WBD with 5 training and 3 tests
Run WSD with 174 training and 87 tests
Confusion Matrix 30.0
0.9014; 0.0000; 0.0141; 0.0000; 0.0000; 0.0282; 0.0000; 0.0563; 0.0000
0.1897; 0.3707; 0.0086; 0.0000; 0.0000; 0.2931; 0.0431; 0.0948; 0.0000
0.0000; 0.0000; 0.8723; 0.0638; 0.0638; 0.0000; 0.0000; 0.0000; 0.0000
0.0000; 0.0000; 0.0169; 0.8814; 0.0847; 0.0000; 0.0169; 0.0000; 0.0000
0.0000; 0.0000; 0.0000; 0.7308; 0.2692; 0.0000; 0.0000; 0.0000; 0.0000
0.0769; 0.1978; 0.0000; 0.0000; 0.0440; 0.4396; 0.0330; 0.2088; 0.0000
0.0000; 0.3333; 0.0000; 0.0000; 0.0000; 0.0000; 0.6667; 0.0000; 0.0000
0.0920; 0.0690; 0.0000; 0.0000; 0.0000; 0.3448; 0.0115; 0.4828; 0.0000
Mean confusion
0.6897; 0.1324; 0.0268; 0.0000; 0.0056; 0.0437; 0.0413; 0.0606; 0.0000
0.0851; 0.4555; 0.0017; 0.0000; 0.0000; 0.1787; 0.2250; 0.0540; 0.0000
0.0000; 0.0191; 0.9156; 0.0099; 0.0433; 0.0000; 0.0121; 0.0000; 0.0000
0.0000; 0.0000; 0.0356; 0.7955; 0.1593; 0.0000; 0.0096; 0.0000; 0.0000
0.0000; 0.0000; 0.0256; 0.4359; 0.5359; 0.0000; 0.0026; 0.0000; 0.0000
0.0242; 0.0736; 0.0033; 0.0029; 0.0136; 0.6238; 0.0216; 0.2370; 0.0000
0.0000; 0.2556; 0.0000; 0.0000; 0.0000; 0.0000; 0.7444; 0.0000; 0.0000
0.0732; 0.0640; 0.0008; 0.0000; 0.0054; 0.2927; 0.0349; 0.5291; 0.0000
STD Confusion
0.2029; 0.1388; 0.0158; 0.0000; 0.0131; 0.0401; 0.0386; 0.0357; 0.0000
0.0388; 0.0734; 0.0042; 0.0000; 0.0000; 0.0796; 0.1155; 0.0383; 0.0000
0.0000; 0.0212; 0.0385; 0.0165; 0.0347; 0.0000; 0.0174; 0.0000; 0.0000
0.0000; 0.0000; 0.0276; 0.0782; 0.0798; 0.0000; 0.0115; 0.0000; 0.0000
0.0000; 0.0000; 0.0382; 0.2467; 0.2204; 0.0000; 0.0098; 0.0000; 0.0000
0.0421; 0.0664; 0.0077; 0.0091; 0.0275; 0.1222; 0.0259; 0.0857; 0.0000
0.0000; 0.3118; 0.0000; 0.0000; 0.0000; 0.0000; 0.3118; 0.0000; 0.0000
0.0210; 0.0221; 0.0029; 0.0000; 0.0058; 0.0485; 0.0199; 0.0534; 0.0000
Lower 95% CI
0.3380; 0.0000; 0.0000; 0.0000; 0.0000; 0.0000; 0.0000; 0.0141; 0.0000
0.0259; 0.3103; 0.0000; 0.0000; 0.0000; 0.0517; 0.0431; 0.0000; 0.0000
0.0000; 0.0000; 0.8298; 0.0000; 0.0000; 0.0000; 0.0000; 0.0000; 0.0000
0.0000; 0.0000; 0.0000; 0.5593; 0.0508; 0.0000; 0.0000; 0.0000; 0.0000
0.0000; 0.0000; 0.0000; 0.0385; 0.2308; 0.0000; 0.0000; 0.0000; 0.0000
0.0000; 0.0000; 0.0000; 0.0000; 0.0000; 0.3846; 0.0000; 0.0549; 0.0000
0.0000; 0.0000; 0.0000; 0.0000; 0.0000; 0.0000; 0.0000; 0.0000; 0.0000
0.0345; 0.0230; 0.0000; 0.0000; 0.0000; 0.2069; 0.0115; 0.4253; 0.0000
Upper 95% CI
0.9296; 0.3803; 0.0563; 0.0000; 0.0563; 0.1408; 0.1268; 0.1408; 0.0000
0.1897; 0.6207; 0.0172; 0.0000; 0.0000; 0.3276; 0.4310; 0.1293; 0.0000
0.0000; 0.0851; 0.9787; 0.0638; 0.1277; 0.0000; 0.0638; 0.0000; 0.0000
0.0000; 0.0000; 0.1017; 0.8983; 0.4237; 0.0000; 0.0339; 0.0000; 0.0000
0.0000; 0.0000; 0.1154; 0.7692; 0.9231; 0.0000; 0.0385; 0.0000; 0.0000
0.1209; 0.2198; 0.0330; 0.0440; 0.0879; 0.7692; 0.0879; 0.3846; 0.0000
0.0000; 1.0000; 0.0000; 0.0000; 0.0000; 0.0000; 1.0000; 0.0000; 0.0000
0.1149; 0.1149; 0.0115; 0.0000; 0.0115; 0.3908; 0.0920; 0.6552; 0.0000
Run TT with 212 training and 0 tests
Run CD with 347 training and 0 tests
Run FKW with 139 training and 0 tests
Run KW with 175 training and 0 tests
Run LPLT with 76 training and 0 tests
Run RD with 271 training and 0 tests
Run WBD with 8 training and 0 tests
Run WSD with 261 training and 0 tests