Total Bootstraps 30
Num Species 8
FragmentLength 22; Section Length 40
TT; CD; FKW; KW; LPLT; RD; WBD; WSD
Bootstrap 0
Run TT with 204 training and 103 tests
Run CD with 332 training and 167 tests
Run FKW with 130 training and 65 tests
Run KW with 169 training and 85 tests
Run LPLT with 74 training and 38 tests
Run RD with 264 training and 133 tests
Run WBD with 8 training and 5 tests
Run WSD with 252 training and 127 tests
Confusion Matrix 1.0
0.5146; 0.2136; 0.0291; 0.0000; 0.0097; 0.0971; 0.0583; 0.0777; 0.0000
0.0359; 0.4371; 0.0000; 0.0000; 0.0000; 0.1617; 0.2934; 0.0719; 0.0000
0.0000; 0.0462; 0.9231; 0.0154; 0.0000; 0.0000; 0.0154; 0.0000; 0.0000
0.0000; 0.0000; 0.0118; 0.7294; 0.2353; 0.0000; 0.0235; 0.0000; 0.0000
0.0000; 0.0000; 0.1579; 0.0526; 0.7632; 0.0000; 0.0263; 0.0000; 0.0000
0.0150; 0.0376; 0.0075; 0.0000; 0.0000; 0.4962; 0.0000; 0.4436; 0.0000
0.0000; 0.2000; 0.0000; 0.0000; 0.0000; 0.0000; 0.8000; 0.0000; 0.0000
0.1024; 0.0866; 0.0079; 0.0000; 0.0000; 0.2441; 0.0472; 0.5118; 0.0000
Bootstrap 1
Run TT with 204 training and 103 tests
Run CD with 332 training and 167 tests
Run FKW with 130 training and 65 tests
Run KW with 169 training and 85 tests
Run LPLT with 74 training and 38 tests
Run RD with 264 training and 133 tests
Run WBD with 8 training and 5 tests
Run WSD with 252 training and 127 tests
Confusion Matrix 2.0
0.3786; 0.3301; 0.0388; 0.0000; 0.0097; 0.0777; 0.0485; 0.1165; 0.0000
0.0479; 0.4910; 0.0240; 0.0000; 0.0000; 0.1916; 0.1856; 0.0599; 0.0000
0.0000; 0.0000; 0.8769; 0.0462; 0.0308; 0.0462; 0.0000; 0.0000; 0.0000
0.0000; 0.0000; 0.0824; 0.5529; 0.3529; 0.0000; 0.0118; 0.0000; 0.0000
0.0263; 0.0000; 0.0526; 0.1316; 0.7632; 0.0000; 0.0263; 0.0000; 0.0000
0.0902; 0.1429; 0.0301; 0.0075; 0.0752; 0.3910; 0.0602; 0.2030; 0.0000
0.0000; 0.4000; 0.0000; 0.0000; 0.0000; 0.2000; 0.4000; 0.0000; 0.0000
0.0866; 0.0551; 0.0000; 0.0000; 0.0079; 0.3858; 0.0394; 0.4252; 0.0000
Bootstrap 2
Run TT with 204 training and 103 tests
Run CD with 332 training and 167 tests
Run FKW with 130 training and 65 tests
Run KW with 169 training and 85 tests
Run LPLT with 74 training and 38 tests
Run RD with 264 training and 133 tests
Run WBD with 8 training and 5 tests
Run WSD with 252 training and 127 tests
Confusion Matrix 3.0
0.8252; 0.0583; 0.0291; 0.0000; 0.0291; 0.0000; 0.0000; 0.0583; 0.0000
0.0898; 0.4192; 0.0060; 0.0000; 0.0000; 0.1737; 0.2934; 0.0180; 0.0000
0.0000; 0.0308; 0.8615; 0.0154; 0.0769; 0.0000; 0.0154; 0.0000; 0.0000
0.0000; 0.0000; 0.0353; 0.8000; 0.1412; 0.0000; 0.0235; 0.0000; 0.0000
0.0000; 0.0000; 0.0000; 0.5263; 0.4737; 0.0000; 0.0000; 0.0000; 0.0000
0.0075; 0.0226; 0.0000; 0.0000; 0.0000; 0.6316; 0.0000; 0.3383; 0.0000
0.0000; 0.4000; 0.0000; 0.0000; 0.0000; 0.0000; 0.6000; 0.0000; 0.0000
0.1102; 0.0394; 0.0079; 0.0000; 0.0157; 0.2992; 0.0315; 0.4961; 0.0000
Bootstrap 3
Run TT with 204 training and 103 tests
Run CD with 332 training and 167 tests
Run FKW with 130 training and 65 tests
Run KW with 169 training and 85 tests
Run LPLT with 74 training and 38 tests
Run RD with 264 training and 133 tests
Run WBD with 8 training and 5 tests
Run WSD with 252 training and 127 tests
Confusion Matrix 4.0
0.7379; 0.0583; 0.0388; 0.0000; 0.0097; 0.0388; 0.0485; 0.0680; 0.0000
0.1677; 0.4431; 0.0060; 0.0000; 0.0000; 0.2455; 0.0778; 0.0599; 0.0000
0.0000; 0.0000; 0.9231; 0.0308; 0.0462; 0.0000; 0.0000; 0.0000; 0.0000
0.0000; 0.0000; 0.0118; 0.8471; 0.1412; 0.0000; 0.0000; 0.0000; 0.0000
0.0000; 0.0000; 0.0263; 0.2368; 0.7368; 0.0000; 0.0000; 0.0000; 0.0000
0.1128; 0.1053; 0.0376; 0.0075; 0.0602; 0.4586; 0.0376; 0.1805; 0.0000
0.0000; 0.4000; 0.0000; 0.0000; 0.0000; 0.0000; 0.6000; 0.0000; 0.0000
0.1181; 0.0630; 0.0000; 0.0000; 0.0000; 0.2992; 0.0315; 0.4882; 0.0000
Bootstrap 4
Run TT with 204 training and 103 tests
Run CD with 332 training and 167 tests
Run FKW with 130 training and 65 tests
Run KW with 169 training and 85 tests
Run LPLT with 74 training and 38 tests
Run RD with 264 training and 133 tests
Run WBD with 8 training and 5 tests
Run WSD with 252 training and 127 tests
Confusion Matrix 5.0
0.5728; 0.2039; 0.0097; 0.0000; 0.0000; 0.0583; 0.0777; 0.0777; 0.0000
0.0539; 0.4970; 0.0060; 0.0000; 0.0000; 0.1437; 0.2156; 0.0838; 0.0000
0.0308; 0.0308; 0.9231; 0.0154; 0.0000; 0.0000; 0.0000; 0.0000; 0.0000
0.0000; 0.0000; 0.0235; 0.6588; 0.2588; 0.0000; 0.0588; 0.0000; 0.0000
0.0263; 0.0000; 0.0526; 0.1316; 0.7632; 0.0000; 0.0263; 0.0000; 0.0000
0.0000; 0.0301; 0.0000; 0.0000; 0.0000; 0.6241; 0.0000; 0.3459; 0.0000
0.0000; 0.6000; 0.0000; 0.0000; 0.0000; 0.0000; 0.2000; 0.2000; 0.0000
0.0630; 0.0787; 0.0157; 0.0000; 0.0000; 0.2441; 0.0157; 0.5827; 0.0000
Bootstrap 5
Run TT with 204 training and 103 tests
Run CD with 332 training and 167 tests
Run FKW with 130 training and 65 tests
Run KW with 169 training and 85 tests
Run LPLT with 74 training and 38 tests
Run RD with 264 training and 133 tests
Run WBD with 8 training and 5 tests
Run WSD with 252 training and 127 tests
Confusion Matrix 6.0
0.8738; 0.0194; 0.0583; 0.0000; 0.0000; 0.0000; 0.0000; 0.0485; 0.0000
0.1078; 0.4431; 0.0000; 0.0000; 0.0000; 0.1677; 0.2096; 0.0719; 0.0000
0.0000; 0.0462; 0.9385; 0.0000; 0.0154; 0.0000; 0.0000; 0.0000; 0.0000
0.0000; 0.0000; 0.0118; 0.7059; 0.2824; 0.0000; 0.0000; 0.0000; 0.0000
0.0000; 0.0000; 0.0263; 0.0526; 0.9211; 0.0000; 0.0000; 0.0000; 0.0000
0.0000; 0.0827; 0.0000; 0.0000; 0.0000; 0.6015; 0.0075; 0.3083; 0.0000
0.0000; 0.2000; 0.0000; 0.0000; 0.0000; 0.0000; 0.6000; 0.2000; 0.0000
0.1260; 0.0551; 0.0079; 0.0000; 0.0000; 0.2835; 0.0079; 0.5197; 0.0000
Bootstrap 6
Run TT with 204 training and 103 tests
Run CD with 332 training and 167 tests
Run FKW with 130 training and 65 tests
Run KW with 169 training and 85 tests
Run LPLT with 74 training and 38 tests
Run RD with 264 training and 133 tests
Run WBD with 8 training and 5 tests
Run WSD with 252 training and 127 tests
Confusion Matrix 7.0
0.8252; 0.0291; 0.0194; 0.0000; 0.0291; 0.0097; 0.0097; 0.0777; 0.0000
0.0659; 0.4491; 0.0060; 0.0000; 0.0060; 0.1377; 0.2395; 0.0958; 0.0000
0.0000; 0.0000; 0.9231; 0.0462; 0.0308; 0.0000; 0.0000; 0.0000; 0.0000
0.0000; 0.0000; 0.0118; 0.8941; 0.0706; 0.0000; 0.0235; 0.0000; 0.0000
0.0000; 0.0000; 0.0000; 0.5789; 0.4211; 0.0000; 0.0000; 0.0000; 0.0000
0.0150; 0.1805; 0.0000; 0.0000; 0.0000; 0.4662; 0.0526; 0.2857; 0.0000
0.0000; 0.6000; 0.0000; 0.0000; 0.0000; 0.0000; 0.4000; 0.0000; 0.0000
0.1496; 0.0472; 0.0157; 0.0000; 0.0000; 0.2047; 0.0472; 0.5354; 0.0000
Bootstrap 7
Run TT with 204 training and 103 tests
Run CD with 332 training and 167 tests
Run FKW with 130 training and 65 tests
Run KW with 169 training and 85 tests
Run LPLT with 74 training and 38 tests
Run RD with 264 training and 133 tests
Run WBD with 8 training and 5 tests
Run WSD with 252 training and 127 tests
Confusion Matrix 8.0
0.8738; 0.0097; 0.0000; 0.0000; 0.0291; 0.0194; 0.0000; 0.0680; 0.0000
0.0838; 0.4671; 0.0299; 0.0000; 0.0060; 0.0958; 0.2874; 0.0299; 0.0000
0.0000; 0.0308; 0.7846; 0.0308; 0.1538; 0.0000; 0.0000; 0.0000; 0.0000
0.0000; 0.0000; 0.0824; 0.8000; 0.1059; 0.0000; 0.0118; 0.0000; 0.0000
0.0000; 0.0000; 0.0263; 0.6579; 0.3158; 0.0000; 0.0000; 0.0000; 0.0000
0.1053; 0.1429; 0.0150; 0.0000; 0.0150; 0.4060; 0.0451; 0.2707; 0.0000
0.0000; 0.4000; 0.0000; 0.0000; 0.0000; 0.0000; 0.6000; 0.0000; 0.0000
0.0945; 0.0236; 0.0000; 0.0000; 0.0079; 0.3937; 0.0551; 0.4252; 0.0000
Bootstrap 8
Run TT with 204 training and 103 tests
Run CD with 332 training and 167 tests
Run FKW with 130 training and 65 tests
Run KW with 169 training and 85 tests
Run LPLT with 74 training and 38 tests
Run RD with 264 training and 133 tests
Run WBD with 8 training and 5 tests
Run WSD with 252 training and 127 tests
Confusion Matrix 9.0
0.3689; 0.2718; 0.0583; 0.0000; 0.0097; 0.0388; 0.1359; 0.1165; 0.0000
0.1018; 0.4491; 0.0060; 0.0000; 0.0000; 0.2814; 0.0599; 0.1018; 0.0000
0.0000; 0.0308; 0.9538; 0.0000; 0.0154; 0.0000; 0.0000; 0.0000; 0.0000
0.0000; 0.0000; 0.1059; 0.5647; 0.3059; 0.0000; 0.0235; 0.0000; 0.0000
0.0000; 0.0000; 0.1053; 0.0789; 0.7895; 0.0000; 0.0263; 0.0000; 0.0000
0.0977; 0.1278; 0.0226; 0.0075; 0.0602; 0.3759; 0.0977; 0.2105; 0.0000
0.0000; 0.6000; 0.0000; 0.0000; 0.0000; 0.0000; 0.4000; 0.0000; 0.0000
0.0787; 0.0945; 0.0079; 0.0000; 0.0079; 0.3543; 0.0236; 0.4331; 0.0000
Bootstrap 9
Run TT with 204 training and 103 tests
Run CD with 332 training and 167 tests
Run FKW with 130 training and 65 tests
Run KW with 169 training and 85 tests
Run LPLT with 74 training and 38 tests
Run RD with 264 training and 133 tests
Run WBD with 8 training and 5 tests
Run WSD with 252 training and 127 tests
Confusion Matrix 10.0
0.8447; 0.0194; 0.0485; 0.0000; 0.0097; 0.0097; 0.0000; 0.0680; 0.0000
0.0659; 0.2754; 0.0000; 0.0000; 0.0000; 0.1557; 0.4251; 0.0778; 0.0000
0.0000; 0.0308; 0.9385; 0.0000; 0.0154; 0.0000; 0.0154; 0.0000; 0.0000
0.0000; 0.0000; 0.0588; 0.5529; 0.3529; 0.0000; 0.0353; 0.0000; 0.0000
0.0000; 0.0000; 0.0000; 0.2895; 0.7105; 0.0000; 0.0000; 0.0000; 0.0000
0.0150; 0.1203; 0.0000; 0.0000; 0.0000; 0.6015; 0.0000; 0.2632; 0.0000
0.0000; 0.0000; 0.0000; 0.0000; 0.0000; 0.0000; 1.0000; 0.0000; 0.0000
0.0945; 0.0551; 0.0000; 0.0000; 0.0000; 0.2441; 0.0394; 0.5669; 0.0000
Bootstrap 10
Run TT with 204 training and 103 tests
Run CD with 332 training and 167 tests
Run FKW with 130 training and 65 tests
Run KW with 169 training and 85 tests
Run LPLT with 74 training and 38 tests
Run RD with 264 training and 133 tests
Run WBD with 8 training and 5 tests
Run WSD with 252 training and 127 tests
Confusion Matrix 11.0
0.7573; 0.0874; 0.0485; 0.0000; 0.0097; 0.0194; 0.0000; 0.0777; 0.0000
0.0838; 0.3413; 0.0000; 0.0000; 0.0000; 0.1617; 0.4132; 0.0000; 0.0000
0.0000; 0.0000; 0.9538; 0.0000; 0.0462; 0.0000; 0.0000; 0.0000; 0.0000
0.0000; 0.0000; 0.0706; 0.5294; 0.3765; 0.0000; 0.0235; 0.0000; 0.0000
0.0000; 0.0000; 0.0000; 0.3158; 0.6842; 0.0000; 0.0000; 0.0000; 0.0000
0.0150; 0.1203; 0.0000; 0.0000; 0.0000; 0.4887; 0.0150; 0.3609; 0.0000
0.0000; 0.0000; 0.0000; 0.0000; 0.0000; 0.0000; 1.0000; 0.0000; 0.0000
0.1024; 0.0630; 0.0000; 0.0000; 0.0000; 0.2598; 0.0315; 0.5433; 0.0000
Bootstrap 11
Run TT with 204 training and 103 tests
Run CD with 332 training and 167 tests
Run FKW with 130 training and 65 tests
Run KW with 169 training and 85 tests
Run LPLT with 74 training and 38 tests
Run RD with 264 training and 133 tests
Run WBD with 8 training and 5 tests
Run WSD with 252 training and 127 tests
Confusion Matrix 12.0
0.3495; 0.3010; 0.0485; 0.0000; 0.0097; 0.1262; 0.0777; 0.0874; 0.0000
0.0778; 0.4431; 0.0060; 0.0000; 0.0000; 0.2814; 0.1198; 0.0719; 0.0000
0.0154; 0.0308; 0.9231; 0.0154; 0.0154; 0.0000; 0.0000; 0.0000; 0.0000
0.0000; 0.0000; 0.0588; 0.6941; 0.2118; 0.0000; 0.0353; 0.0000; 0.0000
0.0000; 0.0000; 0.0000; 0.6579; 0.3421; 0.0000; 0.0000; 0.0000; 0.0000
0.0000; 0.0376; 0.0000; 0.0000; 0.0000; 0.6767; 0.0000; 0.2857; 0.0000
0.0000; 0.4000; 0.0000; 0.0000; 0.0000; 0.0000; 0.6000; 0.0000; 0.0000
0.0787; 0.0551; 0.0000; 0.0000; 0.0000; 0.2677; 0.0630; 0.5354; 0.0000
Bootstrap 12
Run TT with 204 training and 103 tests
Run CD with 332 training and 167 tests
Run FKW with 130 training and 65 tests
Run KW with 169 training and 85 tests
Run LPLT with 74 training and 38 tests
Run RD with 264 training and 133 tests
Run WBD with 8 training and 5 tests
Run WSD with 252 training and 127 tests
Confusion Matrix 13.0
0.8447; 0.0291; 0.0194; 0.0000; 0.0194; 0.0097; 0.0194; 0.0583; 0.0000
0.0838; 0.3174; 0.0000; 0.0000; 0.0000; 0.0838; 0.4850; 0.0299; 0.0000
0.0154; 0.0154; 0.9231; 0.0154; 0.0154; 0.0000; 0.0154; 0.0000; 0.0000
0.0000; 0.0000; 0.0353; 0.8235; 0.1412; 0.0000; 0.0000; 0.0000; 0.0000
0.0000; 0.0000; 0.0000; 0.2105; 0.7895; 0.0000; 0.0000; 0.0000; 0.0000
0.0827; 0.0977; 0.0226; 0.0075; 0.0902; 0.4737; 0.1053; 0.1203; 0.0000
0.0000; 0.0000; 0.0000; 0.0000; 0.0000; 0.0000; 1.0000; 0.0000; 0.0000
0.0866; 0.0866; 0.0000; 0.0000; 0.0000; 0.2913; 0.0236; 0.5118; 0.0000
Bootstrap 13
Run TT with 204 training and 103 tests
Run CD with 332 training and 167 tests
Run FKW with 130 training and 65 tests
Run KW with 169 training and 85 tests
Run LPLT with 74 training and 38 tests
Run RD with 264 training and 133 tests
Run WBD with 8 training and 5 tests
Run WSD with 252 training and 127 tests
Confusion Matrix 14.0
0.5534; 0.1262; 0.0097; 0.0000; 0.0097; 0.0388; 0.0971; 0.1650; 0.0000
0.0719; 0.2934; 0.0060; 0.0000; 0.0000; 0.1138; 0.4970; 0.0180; 0.0000
0.0000; 0.0000; 0.9385; 0.0000; 0.0615; 0.0000; 0.0000; 0.0000; 0.0000
0.0000; 0.0000; 0.0941; 0.5882; 0.3059; 0.0000; 0.0118; 0.0000; 0.0000
0.0263; 0.0000; 0.1579; 0.0789; 0.7105; 0.0000; 0.0263; 0.0000; 0.0000
0.0827; 0.1654; 0.0226; 0.0075; 0.0150; 0.4511; 0.0827; 0.1729; 0.0000
0.0000; 0.0000; 0.0000; 0.0000; 0.0000; 0.0000; 1.0000; 0.0000; 0.0000
0.0945; 0.0866; 0.0000; 0.0000; 0.0000; 0.2992; 0.0394; 0.4803; 0.0000
Bootstrap 14
Run TT with 204 training and 103 tests
Run CD with 332 training and 167 tests
Run FKW with 130 training and 65 tests
Run KW with 169 training and 85 tests
Run LPLT with 74 training and 38 tests
Run RD with 264 training and 133 tests
Run WBD with 8 training and 5 tests
Run WSD with 252 training and 127 tests
Confusion Matrix 15.0
0.8544; 0.0000; 0.0388; 0.0000; 0.0194; 0.0000; 0.0097; 0.0777; 0.0000
0.0898; 0.4371; 0.0060; 0.0000; 0.0000; 0.0659; 0.3653; 0.0359; 0.0000
0.0000; 0.0000; 0.8923; 0.0000; 0.0769; 0.0000; 0.0308; 0.0000; 0.0000
0.0000; 0.0000; 0.0000; 0.8588; 0.1294; 0.0000; 0.0118; 0.0000; 0.0000
0.0000; 0.0000; 0.0000; 0.6579; 0.3421; 0.0000; 0.0000; 0.0000; 0.0000
0.1053; 0.1353; 0.0301; 0.0075; 0.0526; 0.4060; 0.0902; 0.1729; 0.0000
0.0000; 0.0000; 0.0000; 0.0000; 0.0000; 0.0000; 1.0000; 0.0000; 0.0000
0.1102; 0.0472; 0.0000; 0.0000; 0.0157; 0.3543; 0.0630; 0.4094; 0.0000
Bootstrap 15
Run TT with 204 training and 103 tests
Run CD with 332 training and 167 tests
Run FKW with 130 training and 65 tests
Run KW with 169 training and 85 tests
Run LPLT with 74 training and 38 tests
Run RD with 264 training and 133 tests
Run WBD with 8 training and 5 tests
Run WSD with 252 training and 127 tests
Confusion Matrix 16.0
0.8641; 0.0000; 0.0388; 0.0000; 0.0194; 0.0097; 0.0097; 0.0583; 0.0000
0.1018; 0.3713; 0.0120; 0.0000; 0.0000; 0.1796; 0.2754; 0.0599; 0.0000
0.0000; 0.0000; 0.9077; 0.0308; 0.0462; 0.0000; 0.0154; 0.0000; 0.0000
0.0000; 0.0000; 0.0118; 0.8824; 0.1059; 0.0000; 0.0000; 0.0000; 0.0000
0.0000; 0.0000; 0.0000; 0.7105; 0.2895; 0.0000; 0.0000; 0.0000; 0.0000
0.0226; 0.0977; 0.0000; 0.0000; 0.0000; 0.4962; 0.0150; 0.3684; 0.0000
0.0000; 0.0000; 0.0000; 0.0000; 0.0000; 0.0000; 1.0000; 0.0000; 0.0000
0.1496; 0.0315; 0.0000; 0.0000; 0.0000; 0.2126; 0.0551; 0.5512; 0.0000
Bootstrap 16
Run TT with 204 training and 103 tests
Run CD with 332 training and 167 tests
Run FKW with 130 training and 65 tests
Run KW with 169 training and 85 tests
Run LPLT with 74 training and 38 tests
Run RD with 264 training and 133 tests
Run WBD with 8 training and 5 tests
Run WSD with 252 training and 127 tests
Confusion Matrix 17.0
0.6990; 0.0583; 0.0097; 0.0000; 0.0097; 0.0194; 0.0680; 0.1359; 0.0000
0.0659; 0.4790; 0.0000; 0.0000; 0.0000; 0.0838; 0.3054; 0.0659; 0.0000
0.0000; 0.0154; 0.9077; 0.0000; 0.0615; 0.0000; 0.0154; 0.0000; 0.0000
0.0000; 0.0000; 0.0353; 0.6941; 0.2706; 0.0000; 0.0000; 0.0000; 0.0000
0.0000; 0.0000; 0.0000; 0.1053; 0.8684; 0.0000; 0.0263; 0.0000; 0.0000
0.0977; 0.1278; 0.0301; 0.0075; 0.0602; 0.4361; 0.0827; 0.1579; 0.0000
0.0000; 0.2000; 0.0000; 0.0000; 0.0000; 0.0000; 0.8000; 0.0000; 0.0000
0.1024; 0.0236; 0.0000; 0.0000; 0.0157; 0.3701; 0.0472; 0.4409; 0.0000
Bootstrap 17
Run TT with 204 training and 103 tests
Run CD with 332 training and 167 tests
Run FKW with 130 training and 65 tests
Run KW with 169 training and 85 tests
Run LPLT with 74 training and 38 tests
Run RD with 264 training and 133 tests
Run WBD with 8 training and 5 tests
Run WSD with 252 training and 127 tests
Confusion Matrix 18.0
0.8447; 0.0000; 0.0680; 0.0000; 0.0000; 0.0000; 0.0194; 0.0680; 0.0000
0.1257; 0.2754; 0.0060; 0.0000; 0.0000; 0.2036; 0.3892; 0.0000; 0.0000
0.0154; 0.0154; 0.9231; 0.0154; 0.0154; 0.0000; 0.0154; 0.0000; 0.0000
0.0000; 0.0000; 0.0235; 0.7176; 0.2235; 0.0000; 0.0353; 0.0000; 0.0000
0.0000; 0.0000; 0.0526; 0.1842; 0.7632; 0.0000; 0.0000; 0.0000; 0.0000
0.0075; 0.0376; 0.0000; 0.0000; 0.0000; 0.6316; 0.0000; 0.3233; 0.0000
0.0000; 0.0000; 0.0000; 0.0000; 0.0000; 0.0000; 1.0000; 0.0000; 0.0000
0.1102; 0.0551; 0.0000; 0.0000; 0.0000; 0.2598; 0.0315; 0.5433; 0.0000
Bootstrap 18
Run TT with 204 training and 103 tests
Run CD with 332 training and 167 tests
Run FKW with 130 training and 65 tests
Run KW with 169 training and 85 tests
Run LPLT with 74 training and 38 tests
Run RD with 264 training and 133 tests
Run WBD with 8 training and 5 tests
Run WSD with 252 training and 127 tests
Confusion Matrix 19.0
0.3592; 0.3010; 0.0485; 0.0000; 0.0000; 0.1456; 0.0874; 0.0583; 0.0000
0.0898; 0.3293; 0.0060; 0.0000; 0.0000; 0.2874; 0.1976; 0.0898; 0.0000
0.0000; 0.0462; 0.8923; 0.0154; 0.0308; 0.0000; 0.0154; 0.0000; 0.0000
0.0000; 0.0000; 0.0471; 0.8235; 0.1294; 0.0000; 0.0000; 0.0000; 0.0000
0.0000; 0.0000; 0.0000; 0.4474; 0.5526; 0.0000; 0.0000; 0.0000; 0.0000
0.0000; 0.0526; 0.0000; 0.0000; 0.0000; 0.5338; 0.0150; 0.3985; 0.0000
0.0000; 0.2000; 0.0000; 0.0000; 0.0000; 0.0000; 0.8000; 0.0000; 0.0000
0.0709; 0.0709; 0.0000; 0.0000; 0.0157; 0.3228; 0.0472; 0.4724; 0.0000
Bootstrap 19
Run TT with 204 training and 103 tests
Run CD with 332 training and 167 tests
Run FKW with 130 training and 65 tests
Run KW with 169 training and 85 tests
Run LPLT with 74 training and 38 tests
Run RD with 264 training and 133 tests
Run WBD with 8 training and 5 tests
Run WSD with 252 training and 127 tests
Confusion Matrix 20.0
0.5049; 0.2330; 0.0291; 0.0000; 0.0000; 0.1068; 0.0485; 0.0777; 0.0000
0.0479; 0.4970; 0.0000; 0.0000; 0.0060; 0.1377; 0.2814; 0.0299; 0.0000
0.0000; 0.0000; 0.9538; 0.0000; 0.0308; 0.0000; 0.0154; 0.0000; 0.0000
0.0000; 0.0000; 0.0471; 0.6824; 0.2471; 0.0000; 0.0235; 0.0000; 0.0000
0.0263; 0.0000; 0.0526; 0.1842; 0.7368; 0.0000; 0.0000; 0.0000; 0.0000
0.0075; 0.1278; 0.0000; 0.0000; 0.0000; 0.5188; 0.0000; 0.3459; 0.0000
0.0000; 0.4000; 0.0000; 0.0000; 0.0000; 0.0000; 0.6000; 0.0000; 0.0000
0.1024; 0.0866; 0.0000; 0.0000; 0.0000; 0.2598; 0.0472; 0.5039; 0.0000
Bootstrap 20
Run TT with 204 training and 103 tests
Run CD with 332 training and 167 tests
Run FKW with 130 training and 65 tests
Run KW with 169 training and 85 tests
Run LPLT with 74 training and 38 tests
Run RD with 264 training and 133 tests
Run WBD with 8 training and 5 tests
Run WSD with 252 training and 127 tests
Confusion Matrix 21.0
0.7282; 0.0777; 0.0194; 0.0000; 0.0097; 0.0388; 0.0388; 0.0874; 0.0000
0.0838; 0.3533; 0.0000; 0.0000; 0.0000; 0.1796; 0.3832; 0.0000; 0.0000
0.0000; 0.0308; 0.8615; 0.0154; 0.0769; 0.0000; 0.0154; 0.0000; 0.0000
0.0000; 0.0000; 0.0353; 0.8353; 0.1294; 0.0000; 0.0000; 0.0000; 0.0000
0.0000; 0.0000; 0.0263; 0.3158; 0.6316; 0.0000; 0.0263; 0.0000; 0.0000
0.0000; 0.0301; 0.0000; 0.0000; 0.0000; 0.6090; 0.0000; 0.3609; 0.0000
0.0000; 0.2000; 0.0000; 0.0000; 0.0000; 0.0000; 0.8000; 0.0000; 0.0000
0.1181; 0.0709; 0.0079; 0.0000; 0.0000; 0.2126; 0.0394; 0.5512; 0.0000
Bootstrap 21
Run TT with 204 training and 103 tests
Run CD with 332 training and 167 tests
Run FKW with 130 training and 65 tests
Run KW with 169 training and 85 tests
Run LPLT with 74 training and 38 tests
Run RD with 264 training and 133 tests
Run WBD with 8 training and 5 tests
Run WSD with 252 training and 127 tests
Confusion Matrix 22.0
0.3204; 0.3010; 0.0583; 0.0000; 0.0000; 0.0971; 0.1165; 0.1068; 0.0000
0.0539; 0.4850; 0.0060; 0.0000; 0.0000; 0.2395; 0.1138; 0.1018; 0.0000
0.0000; 0.0154; 0.9077; 0.0154; 0.0462; 0.0000; 0.0154; 0.0000; 0.0000
0.0000; 0.0000; 0.1294; 0.6353; 0.1882; 0.0000; 0.0471; 0.0000; 0.0000
0.0000; 0.0000; 0.0000; 0.7105; 0.2895; 0.0000; 0.0000; 0.0000; 0.0000
0.0075; 0.2406; 0.0000; 0.0000; 0.0000; 0.4135; 0.0150; 0.3233; 0.0000
0.0000; 0.4000; 0.0000; 0.0000; 0.0000; 0.0000; 0.4000; 0.2000; 0.0000
0.0630; 0.1024; 0.0000; 0.0000; 0.0000; 0.2677; 0.0551; 0.5118; 0.0000
Bootstrap 22
Run TT with 204 training and 103 tests
Run CD with 332 training and 167 tests
Run FKW with 130 training and 65 tests
Run KW with 169 training and 85 tests
Run LPLT with 74 training and 38 tests
Run RD with 264 training and 133 tests
Run WBD with 8 training and 5 tests
Run WSD with 252 training and 127 tests
Confusion Matrix 23.0
0.6311; 0.1748; 0.0097; 0.0000; 0.0000; 0.0777; 0.0388; 0.0680; 0.0000
0.0838; 0.4012; 0.0060; 0.0000; 0.0000; 0.3234; 0.1138; 0.0719; 0.0000
0.0000; 0.0462; 0.9077; 0.0000; 0.0000; 0.0000; 0.0462; 0.0000; 0.0000
0.0000; 0.0000; 0.0471; 0.7529; 0.1882; 0.0000; 0.0118; 0.0000; 0.0000
0.0000; 0.0000; 0.1053; 0.2632; 0.6053; 0.0000; 0.0263; 0.0000; 0.0000
0.0000; 0.0677; 0.0000; 0.0000; 0.0000; 0.6466; 0.0075; 0.2782; 0.0000
0.0000; 0.4000; 0.0000; 0.0000; 0.0000; 0.2000; 0.4000; 0.0000; 0.0000
0.0866; 0.0472; 0.0079; 0.0000; 0.0157; 0.3071; 0.0472; 0.4882; 0.0000
Bootstrap 23
Run TT with 204 training and 103 tests
Run CD with 332 training and 167 tests
Run FKW with 130 training and 65 tests
Run KW with 169 training and 85 tests
Run LPLT with 74 training and 38 tests
Run RD with 264 training and 133 tests
Run WBD with 8 training and 5 tests
Run WSD with 252 training and 127 tests
Confusion Matrix 24.0
0.7379; 0.0777; 0.0097; 0.0000; 0.0194; 0.0388; 0.0291; 0.0874; 0.0000
0.1317; 0.3832; 0.0000; 0.0000; 0.0000; 0.0778; 0.3234; 0.0838; 0.0000
0.0000; 0.0000; 0.8769; 0.0308; 0.0769; 0.0000; 0.0154; 0.0000; 0.0000
0.0000; 0.0000; 0.0824; 0.7176; 0.1765; 0.0000; 0.0235; 0.0000; 0.0000
0.0000; 0.0000; 0.0000; 0.7105; 0.2895; 0.0000; 0.0000; 0.0000; 0.0000
0.1429; 0.1579; 0.0376; 0.0075; 0.0677; 0.4135; 0.0752; 0.0977; 0.0000
0.0000; 0.0000; 0.0000; 0.0000; 0.0000; 0.0000; 1.0000; 0.0000; 0.0000
0.1339; 0.0630; 0.0000; 0.0079; 0.0079; 0.3622; 0.0236; 0.4016; 0.0000
Bootstrap 24
Run TT with 204 training and 103 tests
Run CD with 332 training and 167 tests
Run FKW with 130 training and 65 tests
Run KW with 169 training and 85 tests
Run LPLT with 74 training and 38 tests
Run RD with 264 training and 133 tests
Run WBD with 8 training and 5 tests
Run WSD with 252 training and 127 tests
Confusion Matrix 25.0
0.8641; 0.0194; 0.0194; 0.0000; 0.0097; 0.0000; 0.0194; 0.0680; 0.0000
0.1916; 0.3413; 0.0120; 0.0000; 0.0000; 0.2934; 0.0778; 0.0838; 0.0000
0.0000; 0.0000; 0.8923; 0.0308; 0.0462; 0.0000; 0.0308; 0.0000; 0.0000
0.0000; 0.0000; 0.0118; 0.8235; 0.1647; 0.0000; 0.0000; 0.0000; 0.0000
0.0263; 0.0000; 0.1053; 0.2105; 0.6579; 0.0000; 0.0000; 0.0000; 0.0000
0.1429; 0.0977; 0.0226; 0.0075; 0.0827; 0.4060; 0.0902; 0.1504; 0.0000
0.0000; 0.4000; 0.0000; 0.0000; 0.0000; 0.0000; 0.6000; 0.0000; 0.0000
0.0945; 0.0315; 0.0000; 0.0000; 0.0000; 0.3228; 0.0394; 0.5118; 0.0000
Bootstrap 25
Run TT with 204 training and 103 tests
Run CD with 332 training and 167 tests
Run FKW with 130 training and 65 tests
Run KW with 169 training and 85 tests
Run LPLT with 74 training and 38 tests
Run RD with 264 training and 133 tests
Run WBD with 8 training and 5 tests
Run WSD with 252 training and 127 tests
Confusion Matrix 26.0
0.8544; 0.0097; 0.0097; 0.0000; 0.0194; 0.0097; 0.0097; 0.0874; 0.0000
0.1617; 0.3772; 0.0120; 0.0000; 0.0000; 0.2934; 0.0719; 0.0838; 0.0000
0.0000; 0.0308; 0.8769; 0.0154; 0.0462; 0.0000; 0.0308; 0.0000; 0.0000
0.0000; 0.0000; 0.0471; 0.8941; 0.0588; 0.0000; 0.0000; 0.0000; 0.0000
0.0000; 0.0000; 0.0000; 0.6579; 0.3421; 0.0000; 0.0000; 0.0000; 0.0000
0.0150; 0.0752; 0.0000; 0.0000; 0.0000; 0.5414; 0.0000; 0.3684; 0.0000
0.0000; 0.4000; 0.0000; 0.0000; 0.0000; 0.0000; 0.6000; 0.0000; 0.0000
0.0945; 0.0236; 0.0000; 0.0000; 0.0000; 0.2598; 0.0630; 0.5591; 0.0000
Bootstrap 26
Run TT with 204 training and 103 tests
Run CD with 332 training and 167 tests
Run FKW with 130 training and 65 tests
Run KW with 169 training and 85 tests
Run LPLT with 74 training and 38 tests
Run RD with 264 training and 133 tests
Run WBD with 8 training and 5 tests
Run WSD with 252 training and 127 tests
Confusion Matrix 27.0
0.4854; 0.1845; 0.0485; 0.0000; 0.0097; 0.0291; 0.1262; 0.1165; 0.0000
0.0180; 0.3892; 0.0000; 0.0000; 0.0060; 0.1257; 0.4072; 0.0539; 0.0000
0.0000; 0.0154; 0.9538; 0.0000; 0.0000; 0.0000; 0.0308; 0.0000; 0.0000
0.0000; 0.0000; 0.0235; 0.7765; 0.1647; 0.0000; 0.0353; 0.0000; 0.0000
0.0000; 0.0000; 0.0000; 0.5263; 0.4737; 0.0000; 0.0000; 0.0000; 0.0000
0.0000; 0.1128; 0.0000; 0.0000; 0.0000; 0.5414; 0.0150; 0.3308; 0.0000
0.0000; 0.0000; 0.0000; 0.0000; 0.0000; 0.0000; 1.0000; 0.0000; 0.0000
0.1339; 0.0866; 0.0000; 0.0000; 0.0000; 0.2598; 0.0472; 0.4724; 0.0000
Bootstrap 27
Run TT with 204 training and 103 tests
Run CD with 332 training and 167 tests
Run FKW with 130 training and 65 tests
Run KW with 169 training and 85 tests
Run LPLT with 74 training and 38 tests
Run RD with 264 training and 133 tests
Run WBD with 8 training and 5 tests
Run WSD with 252 training and 127 tests
Confusion Matrix 28.0
0.4854; 0.2039; 0.0291; 0.0000; 0.0194; 0.0583; 0.0680; 0.1359; 0.0000
0.0419; 0.4910; 0.0000; 0.0000; 0.0000; 0.1796; 0.2874; 0.0000; 0.0000
0.0154; 0.0308; 0.9231; 0.0154; 0.0154; 0.0000; 0.0000; 0.0000; 0.0000
0.0000; 0.0000; 0.0588; 0.6941; 0.2471; 0.0000; 0.0000; 0.0000; 0.0000
0.0000; 0.0000; 0.0526; 0.1053; 0.8158; 0.0000; 0.0263; 0.0000; 0.0000
0.0075; 0.1579; 0.0000; 0.0000; 0.0000; 0.5038; 0.0602; 0.2707; 0.0000
0.0000; 0.2000; 0.0000; 0.0000; 0.0000; 0.2000; 0.6000; 0.0000; 0.0000
0.0787; 0.0866; 0.0157; 0.0000; 0.0000; 0.2677; 0.0394; 0.5118; 0.0000
Bootstrap 28
Run TT with 204 training and 103 tests
Run CD with 332 training and 167 tests
Run FKW with 130 training and 65 tests
Run KW with 169 training and 85 tests
Run LPLT with 74 training and 38 tests
Run RD with 264 training and 133 tests
Run WBD with 8 training and 5 tests
Run WSD with 252 training and 127 tests
Confusion Matrix 29.0
0.5437; 0.1456; 0.0485; 0.0000; 0.0097; 0.0194; 0.0874; 0.1456; 0.0000
0.0359; 0.4850; 0.0000; 0.0000; 0.0000; 0.1557; 0.2096; 0.1138; 0.0000
0.0000; 0.0308; 0.8923; 0.0000; 0.0462; 0.0000; 0.0308; 0.0000; 0.0000
0.0000; 0.0000; 0.0118; 0.6941; 0.2588; 0.0000; 0.0353; 0.0000; 0.0000
0.0000; 0.0000; 0.0263; 0.7368; 0.2368; 0.0000; 0.0000; 0.0000; 0.0000
0.0000; 0.0301; 0.0000; 0.0000; 0.0000; 0.7143; 0.0000; 0.2556; 0.0000
0.0000; 0.4000; 0.0000; 0.0000; 0.0000; 0.0000; 0.6000; 0.0000; 0.0000
0.0787; 0.0866; 0.0000; 0.0000; 0.0000; 0.2283; 0.0394; 0.5669; 0.0000
Bootstrap 29
Run TT with 204 training and 103 tests
Run CD with 332 training and 167 tests
Run FKW with 130 training and 65 tests
Run KW with 169 training and 85 tests
Run LPLT with 74 training and 38 tests
Run RD with 264 training and 133 tests
Run WBD with 8 training and 5 tests
Run WSD with 252 training and 127 tests
Confusion Matrix 30.0
0.8058; 0.0097; 0.0000; 0.0000; 0.0291; 0.0291; 0.0194; 0.1068; 0.0000
0.1257; 0.3353; 0.0000; 0.0000; 0.0000; 0.0958; 0.4311; 0.0120; 0.0000
0.0000; 0.0000; 0.8000; 0.0154; 0.1385; 0.0000; 0.0462; 0.0000; 0.0000
0.0000; 0.0000; 0.0353; 0.8235; 0.1412; 0.0000; 0.0000; 0.0000; 0.0000
0.0000; 0.0000; 0.0000; 0.2632; 0.7368; 0.0000; 0.0000; 0.0000; 0.0000
0.1053; 0.1353; 0.0226; 0.0075; 0.0827; 0.4361; 0.0827; 0.1278; 0.0000
0.0000; 0.2000; 0.0000; 0.0000; 0.0000; 0.0000; 0.8000; 0.0000; 0.0000
0.1260; 0.0787; 0.0000; 0.0079; 0.0079; 0.3937; 0.0236; 0.3622; 0.0000
Mean confusion
0.6634; 0.1184; 0.0314; 0.0000; 0.0120; 0.0408; 0.0456; 0.0883; 0.0000
0.0862; 0.4066; 0.0054; 0.0000; 0.0008; 0.1772; 0.2679; 0.0559; 0.0000
0.0031; 0.0190; 0.9051; 0.0144; 0.0426; 0.0015; 0.0144; 0.0000; 0.0000
0.0000; 0.0000; 0.0447; 0.7349; 0.2035; 0.0000; 0.0169; 0.0000; 0.0000
0.0044; 0.0000; 0.0342; 0.3596; 0.5939; 0.0000; 0.0079; 0.0000; 0.0000
0.0434; 0.1033; 0.0100; 0.0025; 0.0221; 0.5130; 0.0351; 0.2707; 0.0000
0.0000; 0.2533; 0.0000; 0.0000; 0.0000; 0.0200; 0.7067; 0.0200; 0.0000
0.1013; 0.0627; 0.0031; 0.0005; 0.0039; 0.2911; 0.0402; 0.4971; 0.0000
STD Confusion
0.1913; 0.1101; 0.0194; 0.0000; 0.0094; 0.0405; 0.0406; 0.0294; 0.0000
0.0406; 0.0700; 0.0071; 0.0000; 0.0021; 0.0736; 0.1288; 0.0346; 0.0000
0.0074; 0.0170; 0.0406; 0.0140; 0.0372; 0.0084; 0.0140; 0.0000; 0.0000
0.0000; 0.0000; 0.0323; 0.1079; 0.0854; 0.0000; 0.0165; 0.0000; 0.0000
0.0100; 0.0000; 0.0475; 0.2426; 0.2083; 0.0000; 0.0123; 0.0000; 0.0000
0.0503; 0.0535; 0.0136; 0.0036; 0.0330; 0.0954; 0.0375; 0.0918; 0.0000
0.0000; 0.2030; 0.0000; 0.0000; 0.0000; 0.0610; 0.2392; 0.0610; 0.0000
0.0232; 0.0230; 0.0053; 0.0020; 0.0061; 0.0553; 0.0139; 0.0557; 0.0000
Lower 95% CI
0.3204; 0.0000; 0.0000; 0.0000; 0.0000; 0.0000; 0.0000; 0.0485; 0.0000
0.0180; 0.2754; 0.0000; 0.0000; 0.0000; 0.0659; 0.0599; 0.0000; 0.0000
0.0000; 0.0000; 0.7846; 0.0000; 0.0000; 0.0000; 0.0000; 0.0000; 0.0000
0.0000; 0.0000; 0.0000; 0.5294; 0.0588; 0.0000; 0.0000; 0.0000; 0.0000
0.0000; 0.0000; 0.0000; 0.0526; 0.2368; 0.0000; 0.0000; 0.0000; 0.0000
0.0000; 0.0226; 0.0000; 0.0000; 0.0000; 0.3759; 0.0000; 0.0977; 0.0000
0.0000; 0.0000; 0.0000; 0.0000; 0.0000; 0.0000; 0.2000; 0.0000; 0.0000
0.0630; 0.0236; 0.0000; 0.0000; 0.0000; 0.2047; 0.0079; 0.3622; 0.0000
Upper 95% CI
0.8738; 0.3301; 0.0680; 0.0000; 0.0291; 0.1456; 0.1359; 0.1650; 0.0000
0.1916; 0.4970; 0.0299; 0.0000; 0.0060; 0.3234; 0.4970; 0.1138; 0.0000
0.0308; 0.0462; 0.9538; 0.0462; 0.1538; 0.0462; 0.0462; 0.0000; 0.0000
0.0000; 0.0000; 0.1294; 0.8941; 0.3765; 0.0000; 0.0588; 0.0000; 0.0000
0.0263; 0.0000; 0.1579; 0.7368; 0.9211; 0.0000; 0.0263; 0.0000; 0.0000
0.1429; 0.2406; 0.0376; 0.0075; 0.0902; 0.7143; 0.1053; 0.4436; 0.0000
0.0000; 0.6000; 0.0000; 0.0000; 0.0000; 0.2000; 1.0000; 0.2000; 0.0000
0.1496; 0.1024; 0.0157; 0.0079; 0.0157; 0.3937; 0.0630; 0.5827; 0.0000
Run TT with 307 training and 0 tests
Run CD with 499 training and 0 tests
Run FKW with 195 training and 0 tests
Run KW with 254 training and 0 tests
Run LPLT with 112 training and 0 tests
Run RD with 397 training and 0 tests
Run WBD with 13 training and 0 tests
Run WSD with 379 training and 0 tests