Total Bootstraps 30
Num Species 12
FragmentLength 30; Section Length 60
TT; CD; FKW; FRA; KW; LPLT; PKW; RD; SPIN; PLT; SPT; STR
Bootstrap 0
Run TT with 80 training and 41 tests
Run CD with 132 training and 66 tests
Run FKW with 56 training and 29 tests
Run FRA with 14 training and 8 tests
Run KW with 64 training and 33 tests
Run LPLT with 28 training and 14 tests
Run PKW with 1 training and 1 tests
Run RD with 98 training and 50 tests
Run SPIN with 32 training and 16 tests
Run PLT with 61 training and 31 tests
Run SPT with 148 training and 75 tests
Run STR with 195 training and 98 tests
Confusion Matrix 1.0
0.8293; 0.0244; 0.0244; 0.0000; 0.0000; 0.0000; 0.0000; 0.0244; 0.0000; 0.0244; 0.0732; 0.0000; 0.0000
0.0455; 0.6212; 0.0000; 0.0152; 0.0000; 0.0000; 0.0303; 0.0303; 0.0455; 0.0000; 0.0000; 0.2121; 0.0000
0.0000; 0.0000; 0.8276; 0.0000; 0.0000; 0.0690; 0.0000; 0.0000; 0.0000; 0.0690; 0.0345; 0.0000; 0.0000
0.0000; 0.1250; 0.0000; 0.5000; 0.0000; 0.0000; 0.0000; 0.1250; 0.1250; 0.0000; 0.0000; 0.1250; 0.0000
0.0000; 0.0000; 0.0000; 0.0000; 0.3939; 0.3636; 0.0000; 0.0000; 0.0000; 0.2424; 0.0000; 0.0000; 0.0000
0.0000; 0.0000; 0.0000; 0.0000; 0.0000; 1.0000; 0.0000; 0.0000; 0.0000; 0.0000; 0.0000; 0.0000; 0.0000
0.0000; 0.0000; 0.0000; 0.0000; 0.0000; 0.0000; 1.0000; 0.0000; 0.0000; 0.0000; 0.0000; 0.0000; 0.0000
0.0600; 0.1000; 0.0200; 0.1200; 0.0000; 0.0000; 0.0000; 0.5600; 0.0000; 0.0400; 0.0400; 0.0600; 0.0000
0.0000; 0.0625; 0.0000; 0.0000; 0.0000; 0.0000; 0.0000; 0.3750; 0.5625; 0.0000; 0.0000; 0.0000; 0.0000
0.2581; 0.0000; 0.0323; 0.0000; 0.0968; 0.2903; 0.0000; 0.0000; 0.0000; 0.2903; 0.0323; 0.0000; 0.0000
0.0533; 0.0133; 0.0133; 0.0000; 0.0000; 0.0267; 0.0133; 0.0267; 0.0000; 0.0267; 0.6533; 0.1733; 0.0000
0.1735; 0.2245; 0.0000; 0.0204; 0.0000; 0.0000; 0.0510; 0.0510; 0.0816; 0.0000; 0.0714; 0.3265; 0.0000
Bootstrap 1
Run TT with 80 training and 41 tests
Run CD with 132 training and 66 tests
Run FKW with 56 training and 29 tests
Run FRA with 14 training and 8 tests
Run KW with 64 training and 33 tests
Run LPLT with 28 training and 14 tests
Run PKW with 1 training and 1 tests
Run RD with 98 training and 50 tests
Run SPIN with 32 training and 16 tests
Run PLT with 61 training and 31 tests
Run SPT with 148 training and 75 tests
Run STR with 195 training and 98 tests
Confusion Matrix 2.0
0.6098; 0.0244; 0.0244; 0.0488; 0.0000; 0.0000; 0.0000; 0.0488; 0.0244; 0.0000; 0.0976; 0.1220; 0.0000
0.0152; 0.6364; 0.0000; 0.0303; 0.0000; 0.0000; 0.0455; 0.0455; 0.0606; 0.0000; 0.0000; 0.1667; 0.0000
0.0000; 0.0000; 0.8276; 0.0000; 0.0000; 0.0690; 0.0000; 0.0000; 0.0000; 0.0690; 0.0345; 0.0000; 0.0000
0.0000; 0.1250; 0.0000; 0.7500; 0.0000; 0.0000; 0.0000; 0.0000; 0.1250; 0.0000; 0.0000; 0.0000; 0.0000
0.0000; 0.0000; 0.0000; 0.0000; 0.6364; 0.1515; 0.0000; 0.0000; 0.0000; 0.2121; 0.0000; 0.0000; 0.0000
0.0000; 0.0000; 0.0000; 0.0000; 0.5000; 0.4286; 0.0000; 0.0000; 0.0000; 0.0714; 0.0000; 0.0000; 0.0000
0.0000; 0.0000; 0.0000; 0.0000; 0.0000; 0.0000; 1.0000; 0.0000; 0.0000; 0.0000; 0.0000; 0.0000; 0.0000
0.0000; 0.0200; 0.0000; 0.2400; 0.0000; 0.0000; 0.0200; 0.6600; 0.0600; 0.0000; 0.0000; 0.0000; 0.0000
0.0000; 0.1875; 0.0000; 0.0000; 0.0000; 0.0000; 0.0625; 0.0000; 0.7500; 0.0000; 0.0000; 0.0000; 0.0000
0.0000; 0.0000; 0.2581; 0.0000; 0.1613; 0.0645; 0.0645; 0.0000; 0.0000; 0.3871; 0.0323; 0.0323; 0.0000
0.0133; 0.0133; 0.0267; 0.0133; 0.0000; 0.0267; 0.0133; 0.0267; 0.0133; 0.0133; 0.7200; 0.1200; 0.0000
0.0306; 0.2551; 0.0204; 0.0408; 0.0000; 0.0000; 0.0408; 0.1429; 0.0204; 0.0102; 0.0408; 0.3980; 0.0000
Bootstrap 2
Run TT with 80 training and 41 tests
Run CD with 132 training and 66 tests
Run FKW with 56 training and 29 tests
Run FRA with 14 training and 8 tests
Run KW with 64 training and 33 tests
Run LPLT with 28 training and 14 tests
Run PKW with 1 training and 1 tests
Run RD with 98 training and 50 tests
Run SPIN with 32 training and 16 tests
Run PLT with 61 training and 31 tests
Run SPT with 148 training and 75 tests
Run STR with 195 training and 98 tests
Confusion Matrix 3.0
0.8780; 0.0000; 0.0244; 0.0244; 0.0000; 0.0000; 0.0000; 0.0000; 0.0000; 0.0000; 0.0488; 0.0244; 0.0000
0.0455; 0.6970; 0.0000; 0.0152; 0.0000; 0.0000; 0.0455; 0.0152; 0.0303; 0.0000; 0.0152; 0.1364; 0.0000
0.0000; 0.0000; 0.7241; 0.0000; 0.1034; 0.0345; 0.0345; 0.0000; 0.0000; 0.0690; 0.0000; 0.0345; 0.0000
0.0000; 0.1250; 0.0000; 0.6250; 0.0000; 0.0000; 0.0000; 0.2500; 0.0000; 0.0000; 0.0000; 0.0000; 0.0000
0.0000; 0.0000; 0.1212; 0.0000; 0.4545; 0.1212; 0.0000; 0.0000; 0.0000; 0.3030; 0.0000; 0.0000; 0.0000
0.0000; 0.0000; 0.0714; 0.0000; 0.2857; 0.5714; 0.0000; 0.0000; 0.0000; 0.0714; 0.0000; 0.0000; 0.0000
0.0000; 0.0000; 0.0000; 0.0000; 0.0000; 0.0000; 1.0000; 0.0000; 0.0000; 0.0000; 0.0000; 0.0000; 0.0000
0.0000; 0.0000; 0.0000; 0.3200; 0.0000; 0.0000; 0.0200; 0.6000; 0.0400; 0.0000; 0.0000; 0.0200; 0.0000
0.0000; 0.1250; 0.0000; 0.0625; 0.0000; 0.0000; 0.0625; 0.0625; 0.6875; 0.0000; 0.0000; 0.0000; 0.0000
0.0968; 0.0000; 0.0645; 0.0000; 0.0968; 0.0000; 0.0000; 0.0000; 0.0000; 0.5806; 0.0968; 0.0645; 0.0000
0.0667; 0.0000; 0.0000; 0.0000; 0.0000; 0.0000; 0.0000; 0.0267; 0.0000; 0.0133; 0.7867; 0.1067; 0.0000
0.0816; 0.1429; 0.0000; 0.0306; 0.0000; 0.0000; 0.1020; 0.0612; 0.0408; 0.0000; 0.3469; 0.1939; 0.0000
Bootstrap 3
Run TT with 80 training and 41 tests
Run CD with 132 training and 66 tests
Run FKW with 56 training and 29 tests
Run FRA with 14 training and 8 tests
Run KW with 64 training and 33 tests
Run LPLT with 28 training and 14 tests
Run PKW with 1 training and 1 tests
Run RD with 98 training and 50 tests
Run SPIN with 32 training and 16 tests
Run PLT with 61 training and 31 tests
Run SPT with 148 training and 75 tests
Run STR with 195 training and 98 tests
Confusion Matrix 4.0
0.7805; 0.0000; 0.0244; 0.0000; 0.0000; 0.0000; 0.0000; 0.0244; 0.0000; 0.0244; 0.1463; 0.0000; 0.0000
0.0152; 0.7424; 0.0000; 0.0000; 0.0000; 0.0000; 0.0000; 0.0455; 0.0758; 0.0000; 0.0152; 0.1061; 0.0000
0.0000; 0.0000; 0.9310; 0.0000; 0.0000; 0.0000; 0.0000; 0.0000; 0.0000; 0.0690; 0.0000; 0.0000; 0.0000
0.0000; 0.1250; 0.0000; 0.5000; 0.0000; 0.0000; 0.0000; 0.3750; 0.0000; 0.0000; 0.0000; 0.0000; 0.0000
0.0000; 0.0000; 0.0000; 0.0000; 0.7879; 0.1212; 0.0000; 0.0000; 0.0000; 0.0909; 0.0000; 0.0000; 0.0000
0.0000; 0.0000; 0.0000; 0.0000; 0.0714; 0.8571; 0.0000; 0.0000; 0.0000; 0.0714; 0.0000; 0.0000; 0.0000
0.0000; 1.0000; 0.0000; 0.0000; 0.0000; 0.0000; 0.0000; 0.0000; 0.0000; 0.0000; 0.0000; 0.0000; 0.0000
0.0600; 0.0400; 0.0200; 0.1600; 0.0000; 0.0000; 0.0000; 0.3600; 0.1000; 0.0400; 0.1200; 0.1000; 0.0000
0.0000; 0.3125; 0.0000; 0.1250; 0.0000; 0.0000; 0.0000; 0.0000; 0.5625; 0.0000; 0.0000; 0.0000; 0.0000
0.0000; 0.0323; 0.0000; 0.0000; 0.2903; 0.0968; 0.0000; 0.0000; 0.0000; 0.4839; 0.0968; 0.0000; 0.0000
0.0533; 0.1333; 0.0000; 0.0000; 0.0400; 0.0000; 0.0000; 0.0400; 0.0800; 0.0133; 0.5067; 0.1333; 0.0000
0.0918; 0.1939; 0.0000; 0.0408; 0.0000; 0.0000; 0.0306; 0.0102; 0.0612; 0.0000; 0.3776; 0.1939; 0.0000
Bootstrap 4
Run TT with 80 training and 41 tests
Run CD with 132 training and 66 tests
Run FKW with 56 training and 29 tests
Run FRA with 14 training and 8 tests
Run KW with 64 training and 33 tests
Run LPLT with 28 training and 14 tests
Run PKW with 1 training and 1 tests
Run RD with 98 training and 50 tests
Run SPIN with 32 training and 16 tests
Run PLT with 61 training and 31 tests
Run SPT with 148 training and 75 tests
Run STR with 195 training and 98 tests
Confusion Matrix 5.0
0.3415; 0.1951; 0.0000; 0.1220; 0.0000; 0.0000; 0.0488; 0.0000; 0.0488; 0.0000; 0.0244; 0.2195; 0.0000
0.0152; 0.3636; 0.0000; 0.0303; 0.0000; 0.0000; 0.1364; 0.1667; 0.0455; 0.0000; 0.0000; 0.2424; 0.0000
0.0000; 0.0000; 0.8621; 0.0000; 0.0000; 0.0345; 0.0000; 0.0000; 0.0000; 0.0690; 0.0345; 0.0000; 0.0000
0.0000; 0.0000; 0.0000; 0.6250; 0.0000; 0.0000; 0.0000; 0.3750; 0.0000; 0.0000; 0.0000; 0.0000; 0.0000
0.0000; 0.0000; 0.0606; 0.0000; 0.9091; 0.0303; 0.0000; 0.0000; 0.0000; 0.0000; 0.0000; 0.0000; 0.0000
0.0000; 0.0000; 0.0000; 0.0000; 0.1429; 0.7857; 0.0000; 0.0000; 0.0000; 0.0714; 0.0000; 0.0000; 0.0000
0.0000; 0.0000; 0.0000; 0.0000; 0.0000; 0.0000; 1.0000; 0.0000; 0.0000; 0.0000; 0.0000; 0.0000; 0.0000
0.0000; 0.0200; 0.0000; 0.3200; 0.0000; 0.0000; 0.0000; 0.5600; 0.0600; 0.0000; 0.0000; 0.0400; 0.0000
0.0000; 0.0625; 0.0000; 0.0000; 0.0000; 0.0000; 0.0000; 0.1875; 0.7500; 0.0000; 0.0000; 0.0000; 0.0000
0.1935; 0.0000; 0.0323; 0.0000; 0.1935; 0.0968; 0.0000; 0.0000; 0.0000; 0.4194; 0.0323; 0.0323; 0.0000
0.0400; 0.0133; 0.0000; 0.0000; 0.0000; 0.0000; 0.1067; 0.0933; 0.0133; 0.0000; 0.4800; 0.2533; 0.0000
0.1122; 0.2245; 0.0000; 0.0306; 0.0000; 0.0000; 0.0510; 0.0510; 0.0816; 0.0000; 0.1633; 0.2857; 0.0000
Bootstrap 5
Run TT with 80 training and 41 tests
Run CD with 132 training and 66 tests
Run FKW with 56 training and 29 tests
Run FRA with 14 training and 8 tests
Run KW with 64 training and 33 tests
Run LPLT with 28 training and 14 tests
Run PKW with 1 training and 1 tests
Run RD with 98 training and 50 tests
Run SPIN with 32 training and 16 tests
Run PLT with 61 training and 31 tests
Run SPT with 148 training and 75 tests
Run STR with 195 training and 98 tests
Confusion Matrix 6.0
0.9024; 0.0000; 0.0000; 0.0244; 0.0000; 0.0244; 0.0000; 0.0000; 0.0000; 0.0000; 0.0244; 0.0244; 0.0000
0.0909; 0.1212; 0.0303; 0.0909; 0.0000; 0.0000; 0.1212; 0.1515; 0.0909; 0.0000; 0.0303; 0.2727; 0.0000
0.0000; 0.0000; 0.8966; 0.0000; 0.0000; 0.0345; 0.0000; 0.0000; 0.0000; 0.0690; 0.0000; 0.0000; 0.0000
0.0000; 0.1250; 0.0000; 0.6250; 0.0000; 0.0000; 0.0000; 0.1250; 0.0000; 0.0000; 0.0000; 0.1250; 0.0000
0.0000; 0.0000; 0.0303; 0.0000; 0.8485; 0.0909; 0.0000; 0.0000; 0.0000; 0.0303; 0.0000; 0.0000; 0.0000
0.0000; 0.0000; 0.0000; 0.0000; 0.2857; 0.6429; 0.0000; 0.0000; 0.0000; 0.0714; 0.0000; 0.0000; 0.0000
0.0000; 0.0000; 0.0000; 0.0000; 0.0000; 0.0000; 1.0000; 0.0000; 0.0000; 0.0000; 0.0000; 0.0000; 0.0000
0.0000; 0.0000; 0.0000; 0.2800; 0.0000; 0.0000; 0.0200; 0.6600; 0.0400; 0.0000; 0.0000; 0.0000; 0.0000
0.0000; 0.0625; 0.0000; 0.0000; 0.0000; 0.0000; 0.0000; 0.2500; 0.6875; 0.0000; 0.0000; 0.0000; 0.0000
0.0000; 0.0645; 0.2581; 0.0000; 0.1290; 0.0645; 0.0323; 0.0000; 0.0000; 0.4516; 0.0000; 0.0000; 0.0000
0.0533; 0.0000; 0.0000; 0.0000; 0.0000; 0.0000; 0.0267; 0.0267; 0.0000; 0.0133; 0.8000; 0.0800; 0.0000
0.1224; 0.2653; 0.0510; 0.0306; 0.0000; 0.0000; 0.0408; 0.0510; 0.0306; 0.0000; 0.0714; 0.3367; 0.0000
Bootstrap 6
Run TT with 80 training and 41 tests
Run CD with 132 training and 66 tests
Run FKW with 56 training and 29 tests
Run FRA with 14 training and 8 tests
Run KW with 64 training and 33 tests
Run LPLT with 28 training and 14 tests
Run PKW with 1 training and 1 tests
Run RD with 98 training and 50 tests
Run SPIN with 32 training and 16 tests
Run PLT with 61 training and 31 tests
Run SPT with 148 training and 75 tests
Run STR with 195 training and 98 tests
Confusion Matrix 7.0
0.4390; 0.2195; 0.0000; 0.0244; 0.0000; 0.0244; 0.0000; 0.0488; 0.0000; 0.0244; 0.0244; 0.1951; 0.0000
0.0303; 0.4697; 0.0000; 0.0455; 0.0000; 0.0000; 0.0455; 0.0909; 0.0152; 0.0000; 0.0303; 0.2727; 0.0000
0.0000; 0.0000; 0.8276; 0.0000; 0.0000; 0.1034; 0.0000; 0.0000; 0.0000; 0.0345; 0.0345; 0.0000; 0.0000
0.0000; 0.3750; 0.0000; 0.2500; 0.0000; 0.0000; 0.0000; 0.2500; 0.1250; 0.0000; 0.0000; 0.0000; 0.0000
0.0000; 0.0000; 0.0000; 0.0000; 0.8182; 0.1515; 0.0000; 0.0000; 0.0000; 0.0303; 0.0000; 0.0000; 0.0000
0.0000; 0.0000; 0.0000; 0.0000; 0.4286; 0.5714; 0.0000; 0.0000; 0.0000; 0.0000; 0.0000; 0.0000; 0.0000
0.0000; 0.0000; 0.0000; 0.0000; 0.0000; 0.0000; 0.0000; 0.0000; 1.0000; 0.0000; 0.0000; 0.0000; 0.0000
0.0000; 0.1200; 0.0000; 0.1000; 0.0000; 0.0400; 0.0000; 0.4800; 0.0200; 0.0200; 0.1400; 0.0800; 0.0000
0.0000; 0.0625; 0.0000; 0.0000; 0.0000; 0.0000; 0.0000; 0.2500; 0.6875; 0.0000; 0.0000; 0.0000; 0.0000
0.1935; 0.0323; 0.0323; 0.0000; 0.0968; 0.1935; 0.0000; 0.0000; 0.0000; 0.4194; 0.0000; 0.0323; 0.0000
0.0267; 0.0533; 0.0267; 0.0000; 0.0000; 0.0267; 0.0000; 0.0000; 0.0933; 0.0667; 0.6133; 0.0933; 0.0000
0.1224; 0.2041; 0.0612; 0.1531; 0.0000; 0.0000; 0.0204; 0.0408; 0.0612; 0.0000; 0.0408; 0.2959; 0.0000
Bootstrap 7
Run TT with 80 training and 41 tests
Run CD with 132 training and 66 tests
Run FKW with 56 training and 29 tests
Run FRA with 14 training and 8 tests
Run KW with 64 training and 33 tests
Run LPLT with 28 training and 14 tests
Run PKW with 1 training and 1 tests
Run RD with 98 training and 50 tests
Run SPIN with 32 training and 16 tests
Run PLT with 61 training and 31 tests
Run SPT with 148 training and 75 tests
Run STR with 195 training and 98 tests
Confusion Matrix 8.0
0.9024; 0.0000; 0.0244; 0.0000; 0.0000; 0.0000; 0.0000; 0.0000; 0.0000; 0.0000; 0.0488; 0.0244; 0.0000
0.0455; 0.3636; 0.0152; 0.0758; 0.0000; 0.0000; 0.0758; 0.1212; 0.0152; 0.0000; 0.0152; 0.2727; 0.0000
0.0000; 0.0000; 0.7931; 0.0000; 0.0345; 0.0690; 0.0000; 0.0345; 0.0000; 0.0690; 0.0000; 0.0000; 0.0000
0.0000; 0.2500; 0.0000; 0.3750; 0.0000; 0.0000; 0.0000; 0.3750; 0.0000; 0.0000; 0.0000; 0.0000; 0.0000
0.0000; 0.0000; 0.0909; 0.0000; 0.4848; 0.1212; 0.0000; 0.0000; 0.0000; 0.3030; 0.0000; 0.0000; 0.0000
0.0000; 0.0000; 0.0714; 0.0000; 0.4286; 0.2857; 0.0000; 0.0000; 0.0000; 0.2143; 0.0000; 0.0000; 0.0000
0.0000; 0.0000; 0.0000; 0.0000; 0.0000; 0.0000; 1.0000; 0.0000; 0.0000; 0.0000; 0.0000; 0.0000; 0.0000
0.0400; 0.0600; 0.0000; 0.3600; 0.0000; 0.0000; 0.0000; 0.3000; 0.1600; 0.0000; 0.0400; 0.0400; 0.0000
0.0000; 0.3750; 0.0000; 0.0000; 0.0000; 0.0000; 0.0000; 0.0000; 0.6250; 0.0000; 0.0000; 0.0000; 0.0000
0.0323; 0.0000; 0.1290; 0.0000; 0.0968; 0.0323; 0.0000; 0.0000; 0.0000; 0.5806; 0.0968; 0.0323; 0.0000
0.0133; 0.0000; 0.0133; 0.0000; 0.0400; 0.0133; 0.0133; 0.0267; 0.0000; 0.0533; 0.7467; 0.0800; 0.0000
0.1122; 0.1837; 0.0510; 0.1837; 0.0000; 0.0000; 0.0204; 0.0816; 0.0306; 0.0102; 0.0714; 0.2551; 0.0000
Bootstrap 8
Run TT with 80 training and 41 tests
Run CD with 132 training and 66 tests
Run FKW with 56 training and 29 tests
Run FRA with 14 training and 8 tests
Run KW with 64 training and 33 tests
Run LPLT with 28 training and 14 tests
Run PKW with 1 training and 1 tests
Run RD with 98 training and 50 tests
Run SPIN with 32 training and 16 tests
Run PLT with 61 training and 31 tests
Run SPT with 148 training and 75 tests
Run STR with 195 training and 98 tests
Confusion Matrix 9.0
0.5854; 0.0488; 0.0000; 0.0732; 0.0000; 0.0000; 0.0244; 0.0000; 0.0488; 0.0000; 0.0244; 0.1951; 0.0000
0.0303; 0.6364; 0.0000; 0.0000; 0.0000; 0.0000; 0.0303; 0.0303; 0.1061; 0.0000; 0.0152; 0.1515; 0.0000
0.0000; 0.0000; 0.7931; 0.0000; 0.0345; 0.0000; 0.0000; 0.0345; 0.0000; 0.1034; 0.0000; 0.0345; 0.0000
0.0000; 0.0000; 0.0000; 0.5000; 0.0000; 0.0000; 0.0000; 0.3750; 0.1250; 0.0000; 0.0000; 0.0000; 0.0000
0.0000; 0.0000; 0.0606; 0.0000; 0.8182; 0.0000; 0.0000; 0.0000; 0.0000; 0.1212; 0.0000; 0.0000; 0.0000
0.0000; 0.0000; 0.0000; 0.0000; 0.7143; 0.1429; 0.0000; 0.0000; 0.0000; 0.1429; 0.0000; 0.0000; 0.0000
0.0000; 0.0000; 0.0000; 0.0000; 0.0000; 0.0000; 0.0000; 0.0000; 1.0000; 0.0000; 0.0000; 0.0000; 0.0000
0.0200; 0.0800; 0.0200; 0.2800; 0.0000; 0.0000; 0.0200; 0.2000; 0.2000; 0.0400; 0.1400; 0.0000; 0.0000
0.0000; 0.0625; 0.0000; 0.0000; 0.0000; 0.0000; 0.0000; 0.1875; 0.7500; 0.0000; 0.0000; 0.0000; 0.0000
0.0000; 0.0323; 0.2258; 0.0000; 0.2258; 0.0323; 0.0000; 0.0000; 0.0000; 0.3548; 0.1290; 0.0000; 0.0000
0.0400; 0.0133; 0.0000; 0.0000; 0.0000; 0.0000; 0.0267; 0.0667; 0.0400; 0.0000; 0.6000; 0.2133; 0.0000
0.0714; 0.1837; 0.0000; 0.0204; 0.0000; 0.0000; 0.0306; 0.0102; 0.0918; 0.0000; 0.3571; 0.2347; 0.0000
Bootstrap 9
Run TT with 80 training and 41 tests
Run CD with 132 training and 66 tests
Run FKW with 56 training and 29 tests
Run FRA with 14 training and 8 tests
Run KW with 64 training and 33 tests
Run LPLT with 28 training and 14 tests
Run PKW with 1 training and 1 tests
Run RD with 98 training and 50 tests
Run SPIN with 32 training and 16 tests
Run PLT with 61 training and 31 tests
Run SPT with 148 training and 75 tests
Run STR with 195 training and 98 tests
Confusion Matrix 10.0
0.8780; 0.0000; 0.0244; 0.0488; 0.0000; 0.0000; 0.0000; 0.0000; 0.0000; 0.0244; 0.0244; 0.0000; 0.0000
0.0606; 0.2121; 0.0000; 0.0758; 0.0000; 0.0000; 0.1212; 0.1818; 0.0455; 0.0000; 0.0303; 0.2727; 0.0000
0.0000; 0.0000; 0.8966; 0.0000; 0.0000; 0.0345; 0.0345; 0.0000; 0.0000; 0.0345; 0.0000; 0.0000; 0.0000
0.0000; 0.0000; 0.0000; 0.6250; 0.0000; 0.0000; 0.0000; 0.2500; 0.1250; 0.0000; 0.0000; 0.0000; 0.0000
0.0000; 0.0000; 0.0303; 0.0000; 0.8182; 0.0606; 0.0000; 0.0000; 0.0000; 0.0909; 0.0000; 0.0000; 0.0000
0.0000; 0.0000; 0.0000; 0.0000; 0.1429; 0.7143; 0.0000; 0.0000; 0.0000; 0.1429; 0.0000; 0.0000; 0.0000
0.0000; 0.0000; 0.0000; 0.0000; 0.0000; 0.0000; 1.0000; 0.0000; 0.0000; 0.0000; 0.0000; 0.0000; 0.0000
0.0000; 0.0200; 0.0000; 0.3200; 0.0000; 0.0000; 0.0000; 0.3400; 0.1800; 0.0000; 0.1000; 0.0400; 0.0000
0.0000; 0.0000; 0.0000; 0.0000; 0.0000; 0.0000; 0.0000; 0.1875; 0.8125; 0.0000; 0.0000; 0.0000; 0.0000
0.0000; 0.0000; 0.2581; 0.0000; 0.1935; 0.1935; 0.0000; 0.0000; 0.0000; 0.3548; 0.0000; 0.0000; 0.0000
0.1200; 0.0000; 0.0000; 0.0000; 0.0000; 0.0000; 0.0000; 0.0533; 0.0000; 0.0133; 0.6400; 0.1733; 0.0000
0.1122; 0.1735; 0.0408; 0.1531; 0.0000; 0.0000; 0.0408; 0.0816; 0.0102; 0.0102; 0.0510; 0.3265; 0.0000
Bootstrap 10
Run TT with 80 training and 41 tests
Run CD with 132 training and 66 tests
Run FKW with 56 training and 29 tests
Run FRA with 14 training and 8 tests
Run KW with 64 training and 33 tests
Run LPLT with 28 training and 14 tests
Run PKW with 1 training and 1 tests
Run RD with 98 training and 50 tests
Run SPIN with 32 training and 16 tests
Run PLT with 61 training and 31 tests
Run SPT with 148 training and 75 tests
Run STR with 195 training and 98 tests
Confusion Matrix 11.0
0.5854; 0.0244; 0.0244; 0.0488; 0.0000; 0.0000; 0.0000; 0.0000; 0.0244; 0.0488; 0.1220; 0.1220; 0.0000
0.0303; 0.4242; 0.0000; 0.0758; 0.0000; 0.0000; 0.0909; 0.1364; 0.0303; 0.0000; 0.0000; 0.2121; 0.0000
0.0000; 0.0000; 0.9310; 0.0000; 0.0000; 0.0000; 0.0345; 0.0000; 0.0000; 0.0345; 0.0000; 0.0000; 0.0000
0.0000; 0.0000; 0.0000; 0.7500; 0.0000; 0.0000; 0.0000; 0.1250; 0.0000; 0.0000; 0.0000; 0.1250; 0.0000
0.0000; 0.0000; 0.0303; 0.0000; 0.4242; 0.1515; 0.0000; 0.0000; 0.0000; 0.3939; 0.0000; 0.0000; 0.0000
0.0000; 0.0000; 0.0000; 0.0000; 0.5714; 0.3571; 0.0000; 0.0000; 0.0000; 0.0714; 0.0000; 0.0000; 0.0000
0.0000; 0.0000; 0.0000; 0.0000; 0.0000; 0.0000; 1.0000; 0.0000; 0.0000; 0.0000; 0.0000; 0.0000; 0.0000
0.0000; 0.0000; 0.0000; 0.2000; 0.0000; 0.0000; 0.0000; 0.7600; 0.0400; 0.0000; 0.0000; 0.0000; 0.0000
0.0000; 0.0000; 0.0000; 0.0000; 0.0000; 0.0000; 0.1250; 0.2500; 0.6250; 0.0000; 0.0000; 0.0000; 0.0000
0.0645; 0.0323; 0.0968; 0.0323; 0.0968; 0.0000; 0.0000; 0.0000; 0.0000; 0.5806; 0.0968; 0.0000; 0.0000
0.0933; 0.0000; 0.0000; 0.0133; 0.0000; 0.0000; 0.0133; 0.0933; 0.0000; 0.0000; 0.6800; 0.1067; 0.0000
0.0612; 0.1020; 0.0000; 0.0102; 0.0000; 0.0000; 0.0408; 0.1327; 0.0306; 0.0000; 0.3367; 0.2857; 0.0000
Bootstrap 11
Run TT with 80 training and 41 tests
Run CD with 132 training and 66 tests
Run FKW with 56 training and 29 tests
Run FRA with 14 training and 8 tests
Run KW with 64 training and 33 tests
Run LPLT with 28 training and 14 tests
Run PKW with 1 training and 1 tests
Run RD with 98 training and 50 tests
Run SPIN with 32 training and 16 tests
Run PLT with 61 training and 31 tests
Run SPT with 148 training and 75 tests
Run STR with 195 training and 98 tests
Confusion Matrix 12.0
0.8780; 0.0244; 0.0000; 0.0732; 0.0000; 0.0000; 0.0000; 0.0000; 0.0000; 0.0244; 0.0000; 0.0000; 0.0000
0.0152; 0.5606; 0.0000; 0.0000; 0.0000; 0.0000; 0.1061; 0.1212; 0.0455; 0.0000; 0.0152; 0.1364; 0.0000
0.0000; 0.0000; 0.7241; 0.0000; 0.0690; 0.0345; 0.0000; 0.0000; 0.0000; 0.1724; 0.0000; 0.0000; 0.0000
0.0000; 0.0000; 0.0000; 0.5000; 0.0000; 0.0000; 0.0000; 0.5000; 0.0000; 0.0000; 0.0000; 0.0000; 0.0000
0.0000; 0.0000; 0.1212; 0.0000; 0.5455; 0.1818; 0.0000; 0.0000; 0.0000; 0.1515; 0.0000; 0.0000; 0.0000
0.0000; 0.0000; 0.0714; 0.0000; 0.5000; 0.2857; 0.0000; 0.0000; 0.0000; 0.1429; 0.0000; 0.0000; 0.0000
0.0000; 0.0000; 0.0000; 0.0000; 0.0000; 0.0000; 1.0000; 0.0000; 0.0000; 0.0000; 0.0000; 0.0000; 0.0000
0.0000; 0.0400; 0.0000; 0.1600; 0.0000; 0.0000; 0.0200; 0.7000; 0.0600; 0.0000; 0.0000; 0.0200; 0.0000
0.0000; 0.3125; 0.0000; 0.1875; 0.0000; 0.0000; 0.0000; 0.0000; 0.5000; 0.0000; 0.0000; 0.0000; 0.0000
0.0000; 0.0000; 0.1935; 0.0000; 0.1290; 0.1290; 0.0000; 0.0000; 0.0000; 0.5484; 0.0000; 0.0000; 0.0000
0.1333; 0.0133; 0.0000; 0.0133; 0.0000; 0.0000; 0.0133; 0.0933; 0.0133; 0.0000; 0.5600; 0.1600; 0.0000
0.1429; 0.2143; 0.0408; 0.0204; 0.0000; 0.0000; 0.0408; 0.1020; 0.0102; 0.0102; 0.0306; 0.3878; 0.0000
Bootstrap 12
Run TT with 80 training and 41 tests
Run CD with 132 training and 66 tests
Run FKW with 56 training and 29 tests
Run FRA with 14 training and 8 tests
Run KW with 64 training and 33 tests
Run LPLT with 28 training and 14 tests
Run PKW with 1 training and 1 tests
Run RD with 98 training and 50 tests
Run SPIN with 32 training and 16 tests
Run PLT with 61 training and 31 tests
Run SPT with 148 training and 75 tests
Run STR with 195 training and 98 tests
Confusion Matrix 13.0
0.8293; 0.0000; 0.0244; 0.0244; 0.0000; 0.0000; 0.0000; 0.0244; 0.0000; 0.0000; 0.0488; 0.0488; 0.0000
0.0152; 0.4242; 0.0000; 0.0909; 0.0000; 0.0000; 0.0152; 0.1212; 0.0606; 0.0000; 0.0152; 0.2576; 0.0000
0.0000; 0.0000; 0.8621; 0.0000; 0.0000; 0.1034; 0.0000; 0.0000; 0.0000; 0.0345; 0.0000; 0.0000; 0.0000
0.0000; 0.0000; 0.0000; 0.7500; 0.0000; 0.0000; 0.0000; 0.1250; 0.0000; 0.0000; 0.0000; 0.1250; 0.0000
0.0000; 0.0000; 0.0303; 0.0000; 0.8788; 0.0000; 0.0303; 0.0000; 0.0000; 0.0606; 0.0000; 0.0000; 0.0000
0.0000; 0.0000; 0.0000; 0.0000; 0.7143; 0.2143; 0.0000; 0.0000; 0.0000; 0.0714; 0.0000; 0.0000; 0.0000
0.0000; 1.0000; 0.0000; 0.0000; 0.0000; 0.0000; 0.0000; 0.0000; 0.0000; 0.0000; 0.0000; 0.0000; 0.0000
0.0000; 0.0000; 0.0000; 0.2600; 0.0000; 0.0000; 0.0200; 0.7000; 0.0200; 0.0000; 0.0000; 0.0000; 0.0000
0.0000; 0.0625; 0.0000; 0.0000; 0.0000; 0.0000; 0.0000; 0.1875; 0.7500; 0.0000; 0.0000; 0.0000; 0.0000
0.1290; 0.0000; 0.2258; 0.0000; 0.1935; 0.1290; 0.0000; 0.0000; 0.0000; 0.3226; 0.0000; 0.0000; 0.0000
0.0800; 0.0000; 0.0133; 0.0000; 0.0000; 0.0000; 0.0000; 0.0800; 0.0000; 0.0000; 0.6400; 0.1867; 0.0000
0.1735; 0.2449; 0.0000; 0.0000; 0.0000; 0.0000; 0.0204; 0.0816; 0.0918; 0.0000; 0.0612; 0.3265; 0.0000
Bootstrap 13
Run TT with 80 training and 41 tests
Run CD with 132 training and 66 tests
Run FKW with 56 training and 29 tests
Run FRA with 14 training and 8 tests
Run KW with 64 training and 33 tests
Run LPLT with 28 training and 14 tests
Run PKW with 1 training and 1 tests
Run RD with 98 training and 50 tests
Run SPIN with 32 training and 16 tests
Run PLT with 61 training and 31 tests
Run SPT with 148 training and 75 tests
Run STR with 195 training and 98 tests
Confusion Matrix 14.0
0.4390; 0.1463; 0.0244; 0.0244; 0.0000; 0.0000; 0.0244; 0.0244; 0.0244; 0.0732; 0.0976; 0.1220; 0.0000
0.0152; 0.6061; 0.0000; 0.0152; 0.0000; 0.0000; 0.0000; 0.0303; 0.1515; 0.0000; 0.0000; 0.1818; 0.0000
0.0000; 0.0000; 0.8276; 0.0000; 0.0000; 0.0000; 0.0000; 0.0000; 0.0000; 0.1379; 0.0345; 0.0000; 0.0000
0.0000; 0.1250; 0.0000; 0.3750; 0.0000; 0.0000; 0.0000; 0.5000; 0.0000; 0.0000; 0.0000; 0.0000; 0.0000
0.0000; 0.0000; 0.0000; 0.0000; 0.6364; 0.2424; 0.0000; 0.0000; 0.0000; 0.1212; 0.0000; 0.0000; 0.0000
0.0000; 0.0000; 0.0714; 0.0000; 0.7143; 0.1429; 0.0000; 0.0000; 0.0000; 0.0714; 0.0000; 0.0000; 0.0000
0.0000; 1.0000; 0.0000; 0.0000; 0.0000; 0.0000; 0.0000; 0.0000; 0.0000; 0.0000; 0.0000; 0.0000; 0.0000
0.0000; 0.0800; 0.0000; 0.2400; 0.0000; 0.0000; 0.0200; 0.6000; 0.0600; 0.0000; 0.0000; 0.0000; 0.0000
0.0000; 0.0625; 0.0000; 0.1875; 0.0000; 0.0000; 0.0000; 0.2500; 0.5000; 0.0000; 0.0000; 0.0000; 0.0000
0.1613; 0.0000; 0.0968; 0.0000; 0.1290; 0.1613; 0.0000; 0.0000; 0.0000; 0.4516; 0.0000; 0.0000; 0.0000
0.1200; 0.0000; 0.0000; 0.0133; 0.0000; 0.0000; 0.0000; 0.0267; 0.0000; 0.0000; 0.6400; 0.2000; 0.0000
0.0816; 0.1327; 0.0408; 0.1429; 0.0000; 0.0000; 0.0204; 0.0714; 0.0204; 0.0204; 0.0306; 0.4388; 0.0000
Bootstrap 14
Run TT with 80 training and 41 tests
Run CD with 132 training and 66 tests
Run FKW with 56 training and 29 tests
Run FRA with 14 training and 8 tests
Run KW with 64 training and 33 tests
Run LPLT with 28 training and 14 tests
Run PKW with 1 training and 1 tests
Run RD with 98 training and 50 tests
Run SPIN with 32 training and 16 tests
Run PLT with 61 training and 31 tests
Run SPT with 148 training and 75 tests
Run STR with 195 training and 98 tests
Confusion Matrix 15.0
0.8293; 0.0000; 0.0244; 0.0244; 0.0000; 0.0000; 0.0000; 0.0244; 0.0000; 0.0000; 0.0732; 0.0244; 0.0000
0.0455; 0.6061; 0.0000; 0.0303; 0.0000; 0.0000; 0.0455; 0.1212; 0.0909; 0.0000; 0.0000; 0.0606; 0.0000
0.0000; 0.0000; 0.9310; 0.0000; 0.0000; 0.0690; 0.0000; 0.0000; 0.0000; 0.0000; 0.0000; 0.0000; 0.0000
0.0000; 0.2500; 0.0000; 0.6250; 0.0000; 0.0000; 0.0000; 0.0000; 0.1250; 0.0000; 0.0000; 0.0000; 0.0000
0.0000; 0.0000; 0.0000; 0.0000; 0.8485; 0.1515; 0.0000; 0.0000; 0.0000; 0.0000; 0.0000; 0.0000; 0.0000
0.0000; 0.0000; 0.0000; 0.0000; 0.7143; 0.2143; 0.0000; 0.0000; 0.0000; 0.0714; 0.0000; 0.0000; 0.0000
0.0000; 0.0000; 0.0000; 0.0000; 0.0000; 0.0000; 1.0000; 0.0000; 0.0000; 0.0000; 0.0000; 0.0000; 0.0000
0.0000; 0.0200; 0.0000; 0.2200; 0.0000; 0.0000; 0.0000; 0.7000; 0.0600; 0.0000; 0.0000; 0.0000; 0.0000
0.0000; 0.3750; 0.0000; 0.0000; 0.0000; 0.0000; 0.0000; 0.0000; 0.6250; 0.0000; 0.0000; 0.0000; 0.0000
0.2581; 0.0323; 0.0968; 0.0000; 0.1935; 0.0323; 0.0000; 0.0000; 0.0000; 0.3226; 0.0323; 0.0323; 0.0000
0.0133; 0.0133; 0.0267; 0.0267; 0.0133; 0.0133; 0.0133; 0.0133; 0.0267; 0.0267; 0.7733; 0.0400; 0.0000
0.0612; 0.2959; 0.0000; 0.0102; 0.0000; 0.0000; 0.0102; 0.1122; 0.0408; 0.0000; 0.1939; 0.2755; 0.0000
Bootstrap 15
Run TT with 80 training and 41 tests
Run CD with 132 training and 66 tests
Run FKW with 56 training and 29 tests
Run FRA with 14 training and 8 tests
Run KW with 64 training and 33 tests
Run LPLT with 28 training and 14 tests
Run PKW with 1 training and 1 tests
Run RD with 98 training and 50 tests
Run SPIN with 32 training and 16 tests
Run PLT with 61 training and 31 tests
Run SPT with 148 training and 75 tests
Run STR with 195 training and 98 tests
Confusion Matrix 16.0
0.5854; 0.1463; 0.0000; 0.0488; 0.0000; 0.0000; 0.0000; 0.0244; 0.0000; 0.0000; 0.0244; 0.1707; 0.0000
0.0909; 0.4394; 0.0152; 0.0909; 0.0000; 0.0000; 0.0455; 0.1818; 0.0758; 0.0000; 0.0000; 0.0606; 0.0000
0.0000; 0.0000; 0.8621; 0.0000; 0.0000; 0.1034; 0.0000; 0.0000; 0.0000; 0.0345; 0.0000; 0.0000; 0.0000
0.0000; 0.2500; 0.0000; 0.5000; 0.0000; 0.0000; 0.0000; 0.1250; 0.0000; 0.0000; 0.0000; 0.1250; 0.0000
0.0000; 0.0000; 0.0000; 0.0000; 0.5758; 0.1818; 0.0000; 0.0000; 0.0000; 0.2424; 0.0000; 0.0000; 0.0000
0.0000; 0.0000; 0.0000; 0.0000; 0.7143; 0.1429; 0.0000; 0.0000; 0.0000; 0.1429; 0.0000; 0.0000; 0.0000
0.0000; 0.0000; 0.0000; 0.0000; 0.0000; 0.0000; 0.0000; 0.0000; 1.0000; 0.0000; 0.0000; 0.0000; 0.0000
0.0200; 0.0200; 0.0000; 0.2600; 0.0000; 0.0000; 0.0000; 0.6400; 0.0400; 0.0000; 0.0000; 0.0200; 0.0000
0.0000; 0.0625; 0.0000; 0.0000; 0.0000; 0.0000; 0.0000; 0.1875; 0.7500; 0.0000; 0.0000; 0.0000; 0.0000
0.0968; 0.0000; 0.1290; 0.0000; 0.0645; 0.0000; 0.0000; 0.0000; 0.0000; 0.5806; 0.0968; 0.0323; 0.0000
0.0533; 0.0400; 0.0133; 0.0133; 0.0000; 0.0000; 0.0800; 0.0267; 0.0400; 0.0000; 0.4667; 0.2667; 0.0000
0.0714; 0.1939; 0.0306; 0.1531; 0.0000; 0.0000; 0.0204; 0.1327; 0.0102; 0.0102; 0.0102; 0.3673; 0.0000
Bootstrap 16
Run TT with 80 training and 41 tests
Run CD with 132 training and 66 tests
Run FKW with 56 training and 29 tests
Run FRA with 14 training and 8 tests
Run KW with 64 training and 33 tests
Run LPLT with 28 training and 14 tests
Run PKW with 1 training and 1 tests
Run RD with 98 training and 50 tests
Run SPIN with 32 training and 16 tests
Run PLT with 61 training and 31 tests
Run SPT with 148 training and 75 tests
Run STR with 195 training and 98 tests
Confusion Matrix 17.0
0.7561; 0.0244; 0.0244; 0.0000; 0.0000; 0.0000; 0.0000; 0.0488; 0.0000; 0.0244; 0.0976; 0.0244; 0.0000
0.0152; 0.5758; 0.0000; 0.0000; 0.0000; 0.0000; 0.1212; 0.0758; 0.0455; 0.0000; 0.0303; 0.1364; 0.0000
0.0000; 0.0000; 0.8276; 0.0000; 0.0000; 0.0000; 0.0000; 0.0000; 0.0000; 0.1034; 0.0690; 0.0000; 0.0000
0.0000; 0.2500; 0.0000; 0.5000; 0.0000; 0.0000; 0.0000; 0.2500; 0.0000; 0.0000; 0.0000; 0.0000; 0.0000
0.0000; 0.0000; 0.0000; 0.0000; 0.5455; 0.1818; 0.0000; 0.0000; 0.0000; 0.2727; 0.0000; 0.0000; 0.0000
0.0000; 0.0000; 0.0000; 0.0000; 0.0000; 0.9286; 0.0000; 0.0000; 0.0000; 0.0714; 0.0000; 0.0000; 0.0000
0.0000; 0.0000; 0.0000; 0.0000; 0.0000; 0.0000; 1.0000; 0.0000; 0.0000; 0.0000; 0.0000; 0.0000; 0.0000
0.0000; 0.0200; 0.0200; 0.4400; 0.0000; 0.0000; 0.0000; 0.3400; 0.0200; 0.0400; 0.0200; 0.1000; 0.0000
0.0000; 0.0625; 0.0000; 0.0000; 0.0000; 0.0000; 0.0000; 0.2500; 0.6875; 0.0000; 0.0000; 0.0000; 0.0000
0.1935; 0.0000; 0.0323; 0.0000; 0.0968; 0.1935; 0.0000; 0.0000; 0.0000; 0.4194; 0.0323; 0.0323; 0.0000
0.0000; 0.0533; 0.0267; 0.0000; 0.0133; 0.0133; 0.0933; 0.0000; 0.0667; 0.0133; 0.6267; 0.0933; 0.0000
0.1122; 0.1224; 0.0000; 0.0204; 0.0000; 0.0000; 0.1122; 0.0204; 0.1020; 0.0000; 0.2959; 0.2143; 0.0000
Bootstrap 17
Run TT with 80 training and 41 tests
Run CD with 132 training and 66 tests
Run FKW with 56 training and 29 tests
Run FRA with 14 training and 8 tests
Run KW with 64 training and 33 tests
Run LPLT with 28 training and 14 tests
Run PKW with 1 training and 1 tests
Run RD with 98 training and 50 tests
Run SPIN with 32 training and 16 tests
Run PLT with 61 training and 31 tests
Run SPT with 148 training and 75 tests
Run STR with 195 training and 98 tests
Confusion Matrix 18.0
0.3659; 0.1707; 0.0000; 0.0488; 0.0000; 0.0000; 0.0000; 0.0244; 0.0244; 0.0732; 0.1707; 0.1220; 0.0000
0.0606; 0.4394; 0.0000; 0.0606; 0.0000; 0.0000; 0.0455; 0.1667; 0.1061; 0.0000; 0.0000; 0.1212; 0.0000
0.0000; 0.0345; 0.8621; 0.0000; 0.0345; 0.0000; 0.0000; 0.0000; 0.0000; 0.0690; 0.0000; 0.0000; 0.0000
0.0000; 0.0000; 0.0000; 0.6250; 0.0000; 0.0000; 0.0000; 0.2500; 0.0000; 0.0000; 0.0000; 0.1250; 0.0000
0.0000; 0.0000; 0.0303; 0.0000; 0.5758; 0.2121; 0.0000; 0.0000; 0.0000; 0.1818; 0.0000; 0.0000; 0.0000
0.0000; 0.0000; 0.0714; 0.0000; 0.2857; 0.5714; 0.0000; 0.0000; 0.0000; 0.0714; 0.0000; 0.0000; 0.0000
0.0000; 0.0000; 0.0000; 0.0000; 0.0000; 0.0000; 1.0000; 0.0000; 0.0000; 0.0000; 0.0000; 0.0000; 0.0000
0.0200; 0.1000; 0.0000; 0.2400; 0.0000; 0.0000; 0.0000; 0.3200; 0.1400; 0.0200; 0.1000; 0.0600; 0.0000
0.0000; 0.1250; 0.0000; 0.0000; 0.0000; 0.0000; 0.0625; 0.2500; 0.5625; 0.0000; 0.0000; 0.0000; 0.0000
0.0000; 0.0000; 0.2903; 0.0000; 0.1613; 0.0645; 0.0000; 0.0000; 0.0000; 0.4839; 0.0000; 0.0000; 0.0000
0.0133; 0.0267; 0.0267; 0.0000; 0.0000; 0.0267; 0.0133; 0.0400; 0.0133; 0.0267; 0.7867; 0.0267; 0.0000
0.0408; 0.2755; 0.0000; 0.0000; 0.0000; 0.0000; 0.0102; 0.1122; 0.0000; 0.0000; 0.2449; 0.3163; 0.0000
Bootstrap 18
Run TT with 80 training and 41 tests
Run CD with 132 training and 66 tests
Run FKW with 56 training and 29 tests
Run FRA with 14 training and 8 tests
Run KW with 64 training and 33 tests
Run LPLT with 28 training and 14 tests
Run PKW with 1 training and 1 tests
Run RD with 98 training and 50 tests
Run SPIN with 32 training and 16 tests
Run PLT with 61 training and 31 tests
Run SPT with 148 training and 75 tests
Run STR with 195 training and 98 tests
Confusion Matrix 19.0
0.6341; 0.0244; 0.0000; 0.0488; 0.0000; 0.0000; 0.0000; 0.0244; 0.0488; 0.0488; 0.0244; 0.1463; 0.0000
0.0909; 0.3485; 0.0000; 0.0909; 0.0000; 0.0000; 0.0758; 0.1667; 0.0758; 0.0000; 0.0000; 0.1515; 0.0000
0.0000; 0.0000; 0.7931; 0.0000; 0.0000; 0.0345; 0.0345; 0.0000; 0.0000; 0.1379; 0.0000; 0.0000; 0.0000
0.0000; 0.0000; 0.0000; 0.7500; 0.0000; 0.0000; 0.0000; 0.1250; 0.1250; 0.0000; 0.0000; 0.0000; 0.0000
0.0000; 0.0000; 0.0000; 0.0000; 0.8788; 0.0000; 0.0000; 0.0000; 0.0000; 0.1212; 0.0000; 0.0000; 0.0000
0.0000; 0.0000; 0.0000; 0.0000; 0.4286; 0.5000; 0.0000; 0.0000; 0.0000; 0.0714; 0.0000; 0.0000; 0.0000
0.0000; 0.0000; 0.0000; 0.0000; 0.0000; 0.0000; 1.0000; 0.0000; 0.0000; 0.0000; 0.0000; 0.0000; 0.0000
0.0000; 0.0400; 0.0000; 0.3200; 0.0000; 0.0000; 0.0000; 0.5800; 0.0600; 0.0000; 0.0000; 0.0000; 0.0000
0.0000; 0.0000; 0.0000; 0.0000; 0.0000; 0.0000; 0.0000; 0.3125; 0.6250; 0.0000; 0.0000; 0.0625; 0.0000
0.0000; 0.0323; 0.0968; 0.0000; 0.3226; 0.0323; 0.0645; 0.0000; 0.0000; 0.3548; 0.0968; 0.0000; 0.0000
0.1067; 0.0000; 0.0000; 0.0000; 0.0000; 0.0000; 0.0267; 0.1200; 0.0000; 0.0000; 0.6800; 0.0667; 0.0000
0.0510; 0.0612; 0.0000; 0.0000; 0.0000; 0.0000; 0.1020; 0.1429; 0.0714; 0.0000; 0.3367; 0.2347; 0.0000
Bootstrap 19
Run TT with 80 training and 41 tests
Run CD with 132 training and 66 tests
Run FKW with 56 training and 29 tests
Run FRA with 14 training and 8 tests
Run KW with 64 training and 33 tests
Run LPLT with 28 training and 14 tests
Run PKW with 1 training and 1 tests
Run RD with 98 training and 50 tests
Run SPIN with 32 training and 16 tests
Run PLT with 61 training and 31 tests
Run SPT with 148 training and 75 tests
Run STR with 195 training and 98 tests
Confusion Matrix 20.0
0.3415; 0.0976; 0.0488; 0.0488; 0.0000; 0.0000; 0.0000; 0.0000; 0.0732; 0.0244; 0.0488; 0.3171; 0.0000
0.0152; 0.6212; 0.0000; 0.0152; 0.0000; 0.0000; 0.0606; 0.0152; 0.0758; 0.0000; 0.0000; 0.1970; 0.0000
0.0000; 0.0000; 0.8621; 0.0000; 0.0000; 0.1034; 0.0000; 0.0000; 0.0000; 0.0000; 0.0345; 0.0000; 0.0000
0.0000; 0.1250; 0.0000; 0.3750; 0.0000; 0.0000; 0.0000; 0.1250; 0.2500; 0.0000; 0.0000; 0.1250; 0.0000
0.0000; 0.0000; 0.1212; 0.0000; 0.6364; 0.1212; 0.0000; 0.0000; 0.0000; 0.1212; 0.0000; 0.0000; 0.0000
0.0000; 0.0000; 0.0000; 0.0000; 0.3571; 0.5714; 0.0000; 0.0000; 0.0000; 0.0714; 0.0000; 0.0000; 0.0000
0.0000; 0.0000; 0.0000; 0.0000; 0.0000; 0.0000; 0.0000; 0.0000; 1.0000; 0.0000; 0.0000; 0.0000; 0.0000
0.0000; 0.1000; 0.0000; 0.4400; 0.0000; 0.0000; 0.0000; 0.2400; 0.1200; 0.0000; 0.0600; 0.0400; 0.0000
0.0000; 0.1250; 0.0000; 0.1250; 0.0000; 0.0000; 0.0000; 0.0625; 0.6875; 0.0000; 0.0000; 0.0000; 0.0000
0.0000; 0.0323; 0.2581; 0.0000; 0.0323; 0.0323; 0.0645; 0.0000; 0.0000; 0.5484; 0.0000; 0.0323; 0.0000
0.0133; 0.0133; 0.0133; 0.0267; 0.0000; 0.0133; 0.0133; 0.0267; 0.0267; 0.0267; 0.8000; 0.0267; 0.0000
0.0510; 0.1837; 0.0000; 0.0102; 0.0000; 0.0000; 0.0204; 0.1327; 0.0204; 0.0000; 0.0510; 0.5306; 0.0000
Bootstrap 20
Run TT with 80 training and 41 tests
Run CD with 132 training and 66 tests
Run FKW with 56 training and 29 tests
Run FRA with 14 training and 8 tests
Run KW with 64 training and 33 tests
Run LPLT with 28 training and 14 tests
Run PKW with 1 training and 1 tests
Run RD with 98 training and 50 tests
Run SPIN with 32 training and 16 tests
Run PLT with 61 training and 31 tests
Run SPT with 148 training and 75 tests
Run STR with 195 training and 98 tests
Confusion Matrix 21.0
0.9024; 0.0000; 0.0244; 0.0488; 0.0000; 0.0000; 0.0000; 0.0244; 0.0000; 0.0000; 0.0000; 0.0000; 0.0000
0.0455; 0.5758; 0.0000; 0.0000; 0.0000; 0.0000; 0.0000; 0.0303; 0.1061; 0.0000; 0.0000; 0.2424; 0.0000
0.0000; 0.0000; 0.8276; 0.0000; 0.0345; 0.0000; 0.0000; 0.0000; 0.0000; 0.1379; 0.0000; 0.0000; 0.0000
0.0000; 0.1250; 0.0000; 0.5000; 0.0000; 0.0000; 0.0000; 0.3750; 0.0000; 0.0000; 0.0000; 0.0000; 0.0000
0.0000; 0.0000; 0.1212; 0.0000; 0.3939; 0.2121; 0.0000; 0.0000; 0.0000; 0.2727; 0.0000; 0.0000; 0.0000
0.0000; 0.0000; 0.0000; 0.0000; 0.2857; 0.7143; 0.0000; 0.0000; 0.0000; 0.0000; 0.0000; 0.0000; 0.0000
0.0000; 1.0000; 0.0000; 0.0000; 0.0000; 0.0000; 0.0000; 0.0000; 0.0000; 0.0000; 0.0000; 0.0000; 0.0000
0.0000; 0.0200; 0.0000; 0.2000; 0.0000; 0.0000; 0.0200; 0.6400; 0.1000; 0.0000; 0.0000; 0.0200; 0.0000
0.0000; 0.0000; 0.0000; 0.0000; 0.0000; 0.0000; 0.0000; 0.0000; 1.0000; 0.0000; 0.0000; 0.0000; 0.0000
0.0968; 0.0000; 0.0645; 0.0000; 0.0645; 0.0000; 0.0000; 0.0000; 0.0000; 0.6452; 0.0968; 0.0323; 0.0000
0.1467; 0.0267; 0.0000; 0.0000; 0.0000; 0.0000; 0.0000; 0.1200; 0.0000; 0.0000; 0.6133; 0.0933; 0.0000
0.0918; 0.2347; 0.0102; 0.0102; 0.0000; 0.0000; 0.0102; 0.1020; 0.0102; 0.0000; 0.0918; 0.4388; 0.0000
Bootstrap 21
Run TT with 80 training and 41 tests
Run CD with 132 training and 66 tests
Run FKW with 56 training and 29 tests
Run FRA with 14 training and 8 tests
Run KW with 64 training and 33 tests
Run LPLT with 28 training and 14 tests
Run PKW with 1 training and 1 tests
Run RD with 98 training and 50 tests
Run SPIN with 32 training and 16 tests
Run PLT with 61 training and 31 tests
Run SPT with 148 training and 75 tests
Run STR with 195 training and 98 tests
Confusion Matrix 22.0
0.6341; 0.0488; 0.0244; 0.0488; 0.0000; 0.0000; 0.0244; 0.0000; 0.0000; 0.0000; 0.0976; 0.1220; 0.0000
0.0303; 0.6667; 0.0000; 0.0152; 0.0000; 0.0000; 0.0303; 0.0303; 0.0152; 0.0000; 0.0000; 0.2121; 0.0000
0.0000; 0.0000; 0.7586; 0.0000; 0.0000; 0.1034; 0.0000; 0.0000; 0.0000; 0.1034; 0.0345; 0.0000; 0.0000
0.0000; 0.0000; 0.0000; 0.5000; 0.0000; 0.0000; 0.0000; 0.5000; 0.0000; 0.0000; 0.0000; 0.0000; 0.0000
0.0000; 0.0000; 0.0303; 0.0000; 0.8788; 0.0606; 0.0000; 0.0000; 0.0000; 0.0303; 0.0000; 0.0000; 0.0000
0.0000; 0.0000; 0.0714; 0.0000; 0.5714; 0.2857; 0.0000; 0.0000; 0.0000; 0.0714; 0.0000; 0.0000; 0.0000
0.0000; 0.0000; 0.0000; 0.0000; 0.0000; 0.0000; 0.0000; 0.0000; 1.0000; 0.0000; 0.0000; 0.0000; 0.0000
0.0200; 0.1000; 0.0200; 0.1000; 0.0000; 0.0000; 0.0200; 0.3600; 0.1600; 0.0600; 0.1200; 0.0400; 0.0000
0.0000; 0.2500; 0.0000; 0.1250; 0.0000; 0.0000; 0.0625; 0.0000; 0.5625; 0.0000; 0.0000; 0.0000; 0.0000
0.2258; 0.0000; 0.0323; 0.0000; 0.1290; 0.0645; 0.0000; 0.0000; 0.0000; 0.4839; 0.0323; 0.0323; 0.0000
0.0533; 0.0400; 0.0000; 0.0000; 0.0000; 0.0000; 0.0000; 0.0800; 0.0133; 0.0000; 0.6000; 0.2133; 0.0000
0.1429; 0.1837; 0.0000; 0.0510; 0.0000; 0.0000; 0.0612; 0.0204; 0.0408; 0.0000; 0.2959; 0.2041; 0.0000
Bootstrap 22
Run TT with 80 training and 41 tests
Run CD with 132 training and 66 tests
Run FKW with 56 training and 29 tests
Run FRA with 14 training and 8 tests
Run KW with 64 training and 33 tests
Run LPLT with 28 training and 14 tests
Run PKW with 1 training and 1 tests
Run RD with 98 training and 50 tests
Run SPIN with 32 training and 16 tests
Run PLT with 61 training and 31 tests
Run SPT with 148 training and 75 tests
Run STR with 195 training and 98 tests
Confusion Matrix 23.0
0.6341; 0.0976; 0.0244; 0.0488; 0.0000; 0.0000; 0.0000; 0.0000; 0.0488; 0.0000; 0.0244; 0.1220; 0.0000
0.0606; 0.4242; 0.0000; 0.0303; 0.0000; 0.0000; 0.1061; 0.1061; 0.0152; 0.0000; 0.0152; 0.2424; 0.0000
0.0000; 0.0000; 0.9310; 0.0000; 0.0000; 0.0000; 0.0000; 0.0000; 0.0000; 0.0690; 0.0000; 0.0000; 0.0000
0.0000; 0.1250; 0.0000; 0.5000; 0.0000; 0.0000; 0.0000; 0.2500; 0.0000; 0.0000; 0.0000; 0.1250; 0.0000
0.0000; 0.0000; 0.0303; 0.0000; 0.5758; 0.2121; 0.0000; 0.0000; 0.0000; 0.1818; 0.0000; 0.0000; 0.0000
0.0000; 0.0000; 0.0000; 0.0000; 0.1429; 0.7857; 0.0000; 0.0000; 0.0000; 0.0714; 0.0000; 0.0000; 0.0000
0.0000; 0.0000; 0.0000; 0.0000; 0.0000; 0.0000; 1.0000; 0.0000; 0.0000; 0.0000; 0.0000; 0.0000; 0.0000
0.0000; 0.0200; 0.0000; 0.3400; 0.0000; 0.0000; 0.0000; 0.5400; 0.1000; 0.0000; 0.0000; 0.0000; 0.0000
0.0000; 0.2500; 0.0000; 0.0000; 0.0000; 0.0000; 0.0000; 0.0000; 0.7500; 0.0000; 0.0000; 0.0000; 0.0000
0.0323; 0.0000; 0.1290; 0.0000; 0.3548; 0.0645; 0.0000; 0.0000; 0.0000; 0.4194; 0.0000; 0.0000; 0.0000
0.0400; 0.0133; 0.0133; 0.0000; 0.0267; 0.0133; 0.0533; 0.0133; 0.0533; 0.0133; 0.6400; 0.1200; 0.0000
0.1429; 0.2143; 0.0000; 0.0204; 0.0000; 0.0000; 0.0306; 0.0714; 0.0816; 0.0000; 0.1224; 0.3163; 0.0000
Bootstrap 23
Run TT with 80 training and 41 tests
Run CD with 132 training and 66 tests
Run FKW with 56 training and 29 tests
Run FRA with 14 training and 8 tests
Run KW with 64 training and 33 tests
