Total Bootstraps 30
Num Species 8
FragmentLength 30; Section Length 40
TT; CD; FKW; KW; LPLT; RD; WBD; WSD
Bootstrap 0
Run TT with 121 training and 61 tests
Run CD with 198 training and 99 tests
Run FKW with 84 training and 43 tests
Run KW with 96 training and 49 tests
Run LPLT with 42 training and 21 tests
Run RD with 148 training and 74 tests
Run WBD with 5 training and 3 tests
Run WSD with 140 training and 71 tests
Confusion Matrix 1.0
0.8689; 0.0000; 0.0164; 0.0000; 0.0164; 0.0164; 0.0164; 0.0656; 0.0000
0.1313; 0.3434; 0.0101; 0.0000; 0.0000; 0.2323; 0.1616; 0.1212; 0.0000
0.0000; 0.0233; 0.9070; 0.0000; 0.0698; 0.0000; 0.0000; 0.0000; 0.0000
0.0000; 0.0000; 0.0408; 0.7143; 0.2245; 0.0000; 0.0204; 0.0000; 0.0000
0.0000; 0.0000; 0.0000; 0.3333; 0.6667; 0.0000; 0.0000; 0.0000; 0.0000
0.0135; 0.0270; 0.0000; 0.0000; 0.0000; 0.6622; 0.0135; 0.2838; 0.0000
0.0000; 0.0000; 0.0000; 0.0000; 0.0000; 0.3333; 0.6667; 0.0000; 0.0000
0.1127; 0.0845; 0.0000; 0.0000; 0.0000; 0.2817; 0.0282; 0.4930; 0.0000
Bootstrap 1
Run TT with 121 training and 61 tests
Run CD with 198 training and 99 tests
Run FKW with 84 training and 43 tests
Run KW with 96 training and 49 tests
Run LPLT with 42 training and 21 tests
Run RD with 148 training and 74 tests
Run WBD with 5 training and 3 tests
Run WSD with 140 training and 71 tests
Confusion Matrix 2.0
0.8197; 0.0328; 0.0000; 0.0000; 0.0000; 0.0164; 0.0328; 0.0984; 0.0000
0.0707; 0.6364; 0.0101; 0.0000; 0.0000; 0.0808; 0.2020; 0.0000; 0.0000
0.0000; 0.0233; 0.8837; 0.0465; 0.0233; 0.0233; 0.0000; 0.0000; 0.0000
0.0000; 0.0000; 0.0408; 0.7755; 0.1429; 0.0000; 0.0408; 0.0000; 0.0000
0.0000; 0.0000; 0.0000; 0.2857; 0.7143; 0.0000; 0.0000; 0.0000; 0.0000
0.1351; 0.1216; 0.0270; 0.0135; 0.0135; 0.4459; 0.0811; 0.1622; 0.0000
0.0000; 0.3333; 0.0000; 0.0000; 0.0000; 0.3333; 0.3333; 0.0000; 0.0000
0.0423; 0.0563; 0.0000; 0.0000; 0.0141; 0.2254; 0.0141; 0.6479; 0.0000
Bootstrap 2
Run TT with 121 training and 61 tests
Run CD with 198 training and 99 tests
Run FKW with 84 training and 43 tests
Run KW with 96 training and 49 tests
Run LPLT with 42 training and 21 tests
Run RD with 148 training and 74 tests
Run WBD with 5 training and 3 tests
Run WSD with 140 training and 71 tests
Confusion Matrix 3.0
0.4262; 0.2131; 0.0328; 0.0000; 0.0164; 0.0984; 0.1311; 0.0820; 0.0000
0.1111; 0.5152; 0.0000; 0.0000; 0.0000; 0.2020; 0.1010; 0.0707; 0.0000
0.0000; 0.0465; 0.8605; 0.0233; 0.0698; 0.0000; 0.0000; 0.0000; 0.0000
0.0000; 0.0000; 0.0000; 0.9592; 0.0408; 0.0000; 0.0000; 0.0000; 0.0000
0.0000; 0.0000; 0.0000; 0.8571; 0.1429; 0.0000; 0.0000; 0.0000; 0.0000
0.0000; 0.0676; 0.0000; 0.0000; 0.0000; 0.5135; 0.0000; 0.4189; 0.0000
0.0000; 1.0000; 0.0000; 0.0000; 0.0000; 0.0000; 0.0000; 0.0000; 0.0000
0.0423; 0.0423; 0.0000; 0.0000; 0.0000; 0.2817; 0.0282; 0.6056; 0.0000
Bootstrap 3
Run TT with 121 training and 61 tests
Run CD with 198 training and 99 tests
Run FKW with 84 training and 43 tests
Run KW with 96 training and 49 tests
Run LPLT with 42 training and 21 tests
Run RD with 148 training and 74 tests
Run WBD with 5 training and 3 tests
Run WSD with 140 training and 71 tests
Confusion Matrix 4.0
0.4754; 0.2131; 0.0492; 0.0000; 0.0000; 0.0328; 0.1311; 0.0984; 0.0000
0.1313; 0.4747; 0.0000; 0.0000; 0.0000; 0.2626; 0.0707; 0.0606; 0.0000
0.0000; 0.0000; 0.9302; 0.0000; 0.0465; 0.0233; 0.0000; 0.0000; 0.0000
0.0000; 0.0000; 0.0204; 0.8367; 0.1429; 0.0000; 0.0000; 0.0000; 0.0000
0.0000; 0.0000; 0.0000; 0.2857; 0.7143; 0.0000; 0.0000; 0.0000; 0.0000
0.0946; 0.2432; 0.0135; 0.0270; 0.0135; 0.4595; 0.0405; 0.1081; 0.0000
0.0000; 0.0000; 0.0000; 0.0000; 0.0000; 0.0000; 1.0000; 0.0000; 0.0000
0.0704; 0.0563; 0.0000; 0.0000; 0.0000; 0.3099; 0.0282; 0.5352; 0.0000
Bootstrap 4
Run TT with 121 training and 61 tests
Run CD with 198 training and 99 tests
Run FKW with 84 training and 43 tests
Run KW with 96 training and 49 tests
Run LPLT with 42 training and 21 tests
Run RD with 148 training and 74 tests
Run WBD with 5 training and 3 tests
Run WSD with 140 training and 71 tests
Confusion Matrix 5.0
0.8361; 0.0164; 0.0000; 0.0000; 0.0000; 0.0328; 0.0000; 0.1148; 0.0000
0.1717; 0.3939; 0.0101; 0.0000; 0.0000; 0.2727; 0.0808; 0.0707; 0.0000
0.0000; 0.0465; 0.9302; 0.0000; 0.0233; 0.0000; 0.0000; 0.0000; 0.0000
0.0000; 0.0000; 0.0204; 0.8367; 0.1020; 0.0000; 0.0408; 0.0000; 0.0000
0.0000; 0.0000; 0.0000; 0.2857; 0.7143; 0.0000; 0.0000; 0.0000; 0.0000
0.1486; 0.1081; 0.0270; 0.0000; 0.0135; 0.4054; 0.1081; 0.1892; 0.0000
0.0000; 0.3333; 0.0000; 0.0000; 0.0000; 0.3333; 0.3333; 0.0000; 0.0000
0.0704; 0.0423; 0.0000; 0.0000; 0.0000; 0.3380; 0.0282; 0.5211; 0.0000
Bootstrap 5
Run TT with 121 training and 61 tests
Run CD with 198 training and 99 tests
Run FKW with 84 training and 43 tests
Run KW with 96 training and 49 tests
Run LPLT with 42 training and 21 tests
Run RD with 148 training and 74 tests
Run WBD with 5 training and 3 tests
Run WSD with 140 training and 71 tests
Confusion Matrix 6.0
0.4590; 0.2459; 0.0492; 0.0000; 0.0000; 0.0656; 0.0820; 0.0984; 0.0000
0.0404; 0.4747; 0.0000; 0.0000; 0.0000; 0.2020; 0.2626; 0.0202; 0.0000
0.0000; 0.0000; 0.9767; 0.0233; 0.0000; 0.0000; 0.0000; 0.0000; 0.0000
0.0000; 0.0000; 0.0408; 0.6939; 0.2245; 0.0000; 0.0408; 0.0000; 0.0000
0.0000; 0.0000; 0.0952; 0.0952; 0.7619; 0.0000; 0.0476; 0.0000; 0.0000
0.0000; 0.0946; 0.0000; 0.0000; 0.0000; 0.5946; 0.0000; 0.3108; 0.0000
0.0000; 0.0000; 0.0000; 0.0000; 0.0000; 0.0000; 1.0000; 0.0000; 0.0000
0.0282; 0.0704; 0.0000; 0.0000; 0.0000; 0.2676; 0.0563; 0.5775; 0.0000
Bootstrap 6
Run TT with 121 training and 61 tests
Run CD with 198 training and 99 tests
Run FKW with 84 training and 43 tests
Run KW with 96 training and 49 tests
Run LPLT with 42 training and 21 tests
Run RD with 148 training and 74 tests
Run WBD with 5 training and 3 tests
Run WSD with 140 training and 71 tests
Confusion Matrix 7.0
0.9016; 0.0000; 0.0164; 0.0000; 0.0000; 0.0000; 0.0328; 0.0492; 0.0000
0.0909; 0.3939; 0.0202; 0.0000; 0.0000; 0.1010; 0.3232; 0.0707; 0.0000
0.0000; 0.0233; 0.8837; 0.0000; 0.0233; 0.0000; 0.0698; 0.0000; 0.0000
0.0000; 0.0000; 0.0204; 0.7959; 0.1837; 0.0000; 0.0000; 0.0000; 0.0000
0.0000; 0.0000; 0.0000; 0.0952; 0.9048; 0.0000; 0.0000; 0.0000; 0.0000
0.0000; 0.0135; 0.0000; 0.0000; 0.0000; 0.5270; 0.0000; 0.4595; 0.0000
0.0000; 0.0000; 0.0000; 0.0000; 0.0000; 0.0000; 1.0000; 0.0000; 0.0000
0.0563; 0.0563; 0.0000; 0.0000; 0.0000; 0.1972; 0.0141; 0.6761; 0.0000
Bootstrap 7
Run TT with 121 training and 61 tests
Run CD with 198 training and 99 tests
Run FKW with 84 training and 43 tests
Run KW with 96 training and 49 tests
Run LPLT with 42 training and 21 tests
Run RD with 148 training and 74 tests
Run WBD with 5 training and 3 tests
Run WSD with 140 training and 71 tests
Confusion Matrix 8.0
0.4426; 0.2131; 0.0328; 0.0000; 0.0000; 0.0328; 0.0820; 0.1967; 0.0000
0.0404; 0.7576; 0.0000; 0.0000; 0.0000; 0.0808; 0.1111; 0.0101; 0.0000
0.0000; 0.0000; 0.9302; 0.0465; 0.0000; 0.0233; 0.0000; 0.0000; 0.0000
0.0000; 0.0000; 0.0408; 0.9388; 0.0204; 0.0000; 0.0000; 0.0000; 0.0000
0.0000; 0.0000; 0.0000; 0.6667; 0.3333; 0.0000; 0.0000; 0.0000; 0.0000
0.0811; 0.2162; 0.0270; 0.0270; 0.0135; 0.3919; 0.0405; 0.2027; 0.0000
0.0000; 1.0000; 0.0000; 0.0000; 0.0000; 0.0000; 0.0000; 0.0000; 0.0000
0.0704; 0.1690; 0.0000; 0.0000; 0.0000; 0.2535; 0.0141; 0.4930; 0.0000
Bootstrap 8
Run TT with 121 training and 61 tests
Run CD with 198 training and 99 tests
Run FKW with 84 training and 43 tests
Run KW with 96 training and 49 tests
Run LPLT with 42 training and 21 tests
Run RD with 148 training and 74 tests
Run WBD with 5 training and 3 tests
Run WSD with 140 training and 71 tests
Confusion Matrix 9.0
0.4098; 0.2459; 0.0328; 0.0000; 0.0000; 0.0656; 0.1475; 0.0984; 0.0000
0.0707; 0.4747; 0.0101; 0.0000; 0.0000; 0.2020; 0.1313; 0.1111; 0.0000
0.0000; 0.0233; 0.9070; 0.0000; 0.0465; 0.0000; 0.0233; 0.0000; 0.0000
0.0000; 0.0000; 0.0408; 0.7755; 0.1429; 0.0000; 0.0408; 0.0000; 0.0000
0.0000; 0.0000; 0.0000; 0.2857; 0.7143; 0.0000; 0.0000; 0.0000; 0.0000
0.0000; 0.0405; 0.0000; 0.0000; 0.0000; 0.6622; 0.0000; 0.2973; 0.0000
0.0000; 0.3333; 0.0000; 0.0000; 0.0000; 0.0000; 0.6667; 0.0000; 0.0000
0.0845; 0.0282; 0.0000; 0.0000; 0.0000; 0.2676; 0.0282; 0.5915; 0.0000
Bootstrap 9
Run TT with 121 training and 61 tests
Run CD with 198 training and 99 tests
Run FKW with 84 training and 43 tests
Run KW with 96 training and 49 tests
Run LPLT with 42 training and 21 tests
Run RD with 148 training and 74 tests
Run WBD with 5 training and 3 tests
Run WSD with 140 training and 71 tests
Confusion Matrix 10.0
0.8525; 0.0328; 0.0000; 0.0000; 0.0000; 0.0328; 0.0000; 0.0820; 0.0000
0.0505; 0.6263; 0.0000; 0.0000; 0.0000; 0.1414; 0.1717; 0.0101; 0.0000
0.0000; 0.0465; 0.9302; 0.0000; 0.0233; 0.0000; 0.0000; 0.0000; 0.0000
0.0000; 0.0000; 0.0408; 0.5714; 0.3673; 0.0000; 0.0204; 0.0000; 0.0000
0.0000; 0.0000; 0.0952; 0.2857; 0.6190; 0.0000; 0.0000; 0.0000; 0.0000
0.0135; 0.0946; 0.0000; 0.0000; 0.0000; 0.6216; 0.0000; 0.2703; 0.0000
0.0000; 1.0000; 0.0000; 0.0000; 0.0000; 0.0000; 0.0000; 0.0000; 0.0000
0.0704; 0.0282; 0.0000; 0.0000; 0.0141; 0.2958; 0.0282; 0.5634; 0.0000
Bootstrap 10
Run TT with 121 training and 61 tests
Run CD with 198 training and 99 tests
Run FKW with 84 training and 43 tests
Run KW with 96 training and 49 tests
Run LPLT with 42 training and 21 tests
Run RD with 148 training and 74 tests
Run WBD with 5 training and 3 tests
Run WSD with 140 training and 71 tests
Confusion Matrix 11.0
0.4098; 0.3115; 0.0164; 0.0000; 0.0000; 0.1148; 0.0820; 0.0656; 0.0000
0.0707; 0.3939; 0.0101; 0.0000; 0.0000; 0.2828; 0.1111; 0.1313; 0.0000
0.0000; 0.0000; 0.9767; 0.0000; 0.0000; 0.0233; 0.0000; 0.0000; 0.0000
0.0000; 0.0000; 0.0000; 0.8163; 0.1837; 0.0000; 0.0000; 0.0000; 0.0000
0.0000; 0.0000; 0.0476; 0.0476; 0.9048; 0.0000; 0.0000; 0.0000; 0.0000
0.0000; 0.0270; 0.0000; 0.0000; 0.0000; 0.6486; 0.0135; 0.3108; 0.0000
0.0000; 0.0000; 0.0000; 0.0000; 0.0000; 0.3333; 0.6667; 0.0000; 0.0000
0.0704; 0.0563; 0.0000; 0.0000; 0.0000; 0.2958; 0.0141; 0.5634; 0.0000
Bootstrap 11
Run TT with 121 training and 61 tests
Run CD with 198 training and 99 tests
Run FKW with 84 training and 43 tests
Run KW with 96 training and 49 tests
Run LPLT with 42 training and 21 tests
Run RD with 148 training and 74 tests
Run WBD with 5 training and 3 tests
Run WSD with 140 training and 71 tests
Confusion Matrix 12.0
0.4098; 0.2951; 0.0328; 0.0000; 0.0000; 0.0656; 0.1148; 0.0820; 0.0000
0.1010; 0.3939; 0.0101; 0.0000; 0.0000; 0.2525; 0.1111; 0.1313; 0.0000
0.0000; 0.0233; 0.9302; 0.0233; 0.0000; 0.0000; 0.0233; 0.0000; 0.0000
0.0000; 0.0000; 0.0000; 0.7347; 0.2449; 0.0000; 0.0204; 0.0000; 0.0000
0.0000; 0.0000; 0.0000; 0.1429; 0.8571; 0.0000; 0.0000; 0.0000; 0.0000
0.0000; 0.0405; 0.0000; 0.0000; 0.0000; 0.6486; 0.0135; 0.2973; 0.0000
0.0000; 0.0000; 0.0000; 0.0000; 0.0000; 0.0000; 1.0000; 0.0000; 0.0000
0.0986; 0.0141; 0.0000; 0.0000; 0.0000; 0.2676; 0.0563; 0.5634; 0.0000
Bootstrap 12
Run TT with 121 training and 61 tests
Run CD with 198 training and 99 tests
Run FKW with 84 training and 43 tests
Run KW with 96 training and 49 tests
Run LPLT with 42 training and 21 tests
Run RD with 148 training and 74 tests
Run WBD with 5 training and 3 tests
Run WSD with 140 training and 71 tests
Confusion Matrix 13.0
0.6885; 0.1475; 0.0164; 0.0000; 0.0000; 0.0820; 0.0164; 0.0492; 0.0000
0.0404; 0.6162; 0.0000; 0.0000; 0.0000; 0.0909; 0.2424; 0.0101; 0.0000
0.0233; 0.0465; 0.9302; 0.0000; 0.0000; 0.0000; 0.0000; 0.0000; 0.0000
0.0000; 0.0000; 0.0000; 0.8776; 0.0816; 0.0000; 0.0408; 0.0000; 0.0000
0.0000; 0.0000; 0.0000; 0.2857; 0.7143; 0.0000; 0.0000; 0.0000; 0.0000
0.0676; 0.2027; 0.0135; 0.0000; 0.0135; 0.4054; 0.0676; 0.2297; 0.0000
0.0000; 0.3333; 0.0000; 0.0000; 0.0000; 0.0000; 0.6667; 0.0000; 0.0000
0.0704; 0.0845; 0.0000; 0.0000; 0.0000; 0.3099; 0.0141; 0.5211; 0.0000
Bootstrap 13
Run TT with 121 training and 61 tests
Run CD with 198 training and 99 tests
Run FKW with 84 training and 43 tests
Run KW with 96 training and 49 tests
Run LPLT with 42 training and 21 tests
Run RD with 148 training and 74 tests
Run WBD with 5 training and 3 tests
Run WSD with 140 training and 71 tests
Confusion Matrix 14.0
0.4426; 0.2951; 0.0328; 0.0000; 0.0000; 0.0164; 0.0984; 0.1148; 0.0000
0.1212; 0.3636; 0.0000; 0.0000; 0.0000; 0.3737; 0.0606; 0.0808; 0.0000
0.0000; 0.0000; 0.9767; 0.0000; 0.0000; 0.0233; 0.0000; 0.0000; 0.0000
0.0000; 0.0000; 0.1020; 0.7347; 0.1224; 0.0000; 0.0408; 0.0000; 0.0000
0.0000; 0.0000; 0.0000; 0.1905; 0.8095; 0.0000; 0.0000; 0.0000; 0.0000
0.0000; 0.0270; 0.0000; 0.0000; 0.0000; 0.7162; 0.0000; 0.2568; 0.0000
0.0000; 0.6667; 0.0000; 0.0000; 0.0000; 0.0000; 0.3333; 0.0000; 0.0000
0.0563; 0.0282; 0.0000; 0.0000; 0.0000; 0.2817; 0.0282; 0.6056; 0.0000
Bootstrap 14
Run TT with 121 training and 61 tests
Run CD with 198 training and 99 tests
Run FKW with 84 training and 43 tests
Run KW with 96 training and 49 tests
Run LPLT with 42 training and 21 tests
Run RD with 148 training and 74 tests
Run WBD with 5 training and 3 tests
Run WSD with 140 training and 71 tests
Confusion Matrix 15.0
0.4262; 0.3443; 0.0656; 0.0000; 0.0000; 0.0656; 0.0328; 0.0656; 0.0000
0.1010; 0.4141; 0.0101; 0.0000; 0.0000; 0.3030; 0.0808; 0.0909; 0.0000
0.0000; 0.0465; 0.9302; 0.0233; 0.0000; 0.0000; 0.0000; 0.0000; 0.0000
0.0000; 0.0000; 0.0408; 0.8571; 0.1020; 0.0000; 0.0000; 0.0000; 0.0000
0.0000; 0.0000; 0.0000; 0.0476; 0.9048; 0.0000; 0.0476; 0.0000; 0.0000
0.0405; 0.2568; 0.0000; 0.0000; 0.0000; 0.3108; 0.0541; 0.3378; 0.0000
0.0000; 1.0000; 0.0000; 0.0000; 0.0000; 0.0000; 0.0000; 0.0000; 0.0000
0.0423; 0.0423; 0.0000; 0.0000; 0.0000; 0.3521; 0.0000; 0.5634; 0.0000
Bootstrap 15
Run TT with 121 training and 61 tests
Run CD with 198 training and 99 tests
Run FKW with 84 training and 43 tests
Run KW with 96 training and 49 tests
Run LPLT with 42 training and 21 tests
Run RD with 148 training and 74 tests
Run WBD with 5 training and 3 tests
Run WSD with 140 training and 71 tests
Confusion Matrix 16.0
0.9016; 0.0000; 0.0164; 0.0000; 0.0000; 0.0164; 0.0328; 0.0328; 0.0000
0.1616; 0.3838; 0.0000; 0.0000; 0.0000; 0.3131; 0.0505; 0.0909; 0.0000
0.0000; 0.0233; 0.8372; 0.0000; 0.1163; 0.0000; 0.0233; 0.0000; 0.0000
0.0000; 0.0000; 0.0816; 0.7347; 0.1429; 0.0000; 0.0408; 0.0000; 0.0000
0.0000; 0.0000; 0.0000; 0.6190; 0.3810; 0.0000; 0.0000; 0.0000; 0.0000
0.0676; 0.2297; 0.0000; 0.0000; 0.0000; 0.3919; 0.0405; 0.2703; 0.0000
0.0000; 0.6667; 0.0000; 0.0000; 0.0000; 0.0000; 0.3333; 0.0000; 0.0000
0.1690; 0.0704; 0.0000; 0.0000; 0.0000; 0.2817; 0.0141; 0.4648; 0.0000
Bootstrap 16
Run TT with 121 training and 61 tests
Run CD with 198 training and 99 tests
Run FKW with 84 training and 43 tests
Run KW with 96 training and 49 tests
Run LPLT with 42 training and 21 tests
Run RD with 148 training and 74 tests
Run WBD with 5 training and 3 tests
Run WSD with 140 training and 71 tests
Confusion Matrix 17.0
0.9508; 0.0000; 0.0164; 0.0000; 0.0000; 0.0164; 0.0000; 0.0164; 0.0000
0.1111; 0.3939; 0.0000; 0.0000; 0.0000; 0.0909; 0.3434; 0.0606; 0.0000
0.0000; 0.0233; 0.9302; 0.0233; 0.0233; 0.0000; 0.0000; 0.0000; 0.0000
0.0000; 0.0000; 0.0204; 0.8571; 0.1224; 0.0000; 0.0000; 0.0000; 0.0000
0.0000; 0.0000; 0.0476; 0.0476; 0.9048; 0.0000; 0.0000; 0.0000; 0.0000
0.0541; 0.0270; 0.0405; 0.0000; 0.0270; 0.5270; 0.0946; 0.2297; 0.0000
0.0000; 0.3333; 0.0000; 0.0000; 0.0000; 0.0000; 0.6667; 0.0000; 0.0000
0.1268; 0.0704; 0.0000; 0.0000; 0.0000; 0.2535; 0.0423; 0.5070; 0.0000
Bootstrap 17
Run TT with 121 training and 61 tests
Run CD with 198 training and 99 tests
Run FKW with 84 training and 43 tests
Run KW with 96 training and 49 tests
Run LPLT with 42 training and 21 tests
Run RD with 148 training and 74 tests
Run WBD with 5 training and 3 tests
Run WSD with 140 training and 71 tests
Confusion Matrix 18.0
0.8361; 0.0164; 0.0164; 0.0000; 0.0164; 0.0164; 0.0000; 0.0984; 0.0000
0.1111; 0.4848; 0.0101; 0.0000; 0.0000; 0.1818; 0.1616; 0.0505; 0.0000
0.0000; 0.0233; 0.9070; 0.0000; 0.0698; 0.0000; 0.0000; 0.0000; 0.0000
0.0000; 0.0000; 0.0816; 0.7755; 0.1429; 0.0000; 0.0000; 0.0000; 0.0000
0.0000; 0.0000; 0.0000; 0.3810; 0.6190; 0.0000; 0.0000; 0.0000; 0.0000
0.1622; 0.1892; 0.0000; 0.0000; 0.0405; 0.4595; 0.0676; 0.0811; 0.0000
0.0000; 0.3333; 0.0000; 0.0000; 0.0000; 0.0000; 0.6667; 0.0000; 0.0000
0.0563; 0.0423; 0.0000; 0.0000; 0.0000; 0.3521; 0.0141; 0.5352; 0.0000
Bootstrap 18
Run TT with 121 training and 61 tests
Run CD with 198 training and 99 tests
Run FKW with 84 training and 43 tests
Run KW with 96 training and 49 tests
Run LPLT with 42 training and 21 tests
Run RD with 148 training and 74 tests
Run WBD with 5 training and 3 tests
Run WSD with 140 training and 71 tests
Confusion Matrix 19.0
0.6885; 0.1475; 0.0164; 0.0000; 0.0000; 0.0492; 0.0492; 0.0492; 0.0000
0.0505; 0.3737; 0.0000; 0.0000; 0.0000; 0.1414; 0.4040; 0.0303; 0.0000
0.0000; 0.0000; 0.8605; 0.0465; 0.0698; 0.0000; 0.0233; 0.0000; 0.0000
0.0000; 0.0000; 0.0000; 0.9184; 0.0816; 0.0000; 0.0000; 0.0000; 0.0000
0.0000; 0.0000; 0.0000; 0.3333; 0.6667; 0.0000; 0.0000; 0.0000; 0.0000
0.0000; 0.0676; 0.0000; 0.0000; 0.0000; 0.5946; 0.0135; 0.3243; 0.0000
0.0000; 0.0000; 0.0000; 0.0000; 0.0000; 0.0000; 1.0000; 0.0000; 0.0000
0.0704; 0.0563; 0.0000; 0.0000; 0.0000; 0.2535; 0.0563; 0.5634; 0.0000
Bootstrap 19
Run TT with 121 training and 61 tests
Run CD with 198 training and 99 tests
Run FKW with 84 training and 43 tests
Run KW with 96 training and 49 tests
Run LPLT with 42 training and 21 tests
Run RD with 148 training and 74 tests
Run WBD with 5 training and 3 tests
Run WSD with 140 training and 71 tests
Confusion Matrix 20.0
0.4590; 0.2951; 0.0328; 0.0000; 0.0000; 0.0328; 0.1148; 0.0656; 0.0000
0.0808; 0.4646; 0.0101; 0.0000; 0.0000; 0.2929; 0.0404; 0.1111; 0.0000
0.0000; 0.0000; 0.9535; 0.0233; 0.0233; 0.0000; 0.0000; 0.0000; 0.0000
0.0000; 0.0000; 0.1224; 0.6735; 0.1837; 0.0000; 0.0204; 0.0000; 0.0000
0.0000; 0.0000; 0.0476; 0.0952; 0.8571; 0.0000; 0.0000; 0.0000; 0.0000
0.0811; 0.1351; 0.0135; 0.0000; 0.0270; 0.5000; 0.0676; 0.1757; 0.0000
0.0000; 0.6667; 0.0000; 0.0000; 0.0000; 0.0000; 0.0000; 0.3333; 0.0000
0.0423; 0.0423; 0.0000; 0.0000; 0.0000; 0.2676; 0.0282; 0.6197; 0.0000
Bootstrap 20
Run TT with 121 training and 61 tests
Run CD with 198 training and 99 tests
Run FKW with 84 training and 43 tests
Run KW with 96 training and 49 tests
Run LPLT with 42 training and 21 tests
Run RD with 148 training and 74 tests
Run WBD with 5 training and 3 tests
Run WSD with 140 training and 71 tests
Confusion Matrix 21.0
0.3770; 0.3279; 0.0492; 0.0000; 0.0164; 0.0656; 0.1148; 0.0492; 0.0000
0.0404; 0.6869; 0.0101; 0.0000; 0.0000; 0.0606; 0.1717; 0.0303; 0.0000
0.0000; 0.0465; 0.8605; 0.0000; 0.0698; 0.0000; 0.0233; 0.0000; 0.0000
0.0000; 0.0000; 0.0204; 0.7143; 0.2449; 0.0000; 0.0204; 0.0000; 0.0000
0.0000; 0.0000; 0.0476; 0.0952; 0.8095; 0.0000; 0.0476; 0.0000; 0.0000
0.0811; 0.3108; 0.0135; 0.0000; 0.0135; 0.3108; 0.0541; 0.2162; 0.0000
0.0000; 0.6667; 0.0000; 0.0000; 0.0000; 0.3333; 0.0000; 0.0000; 0.0000
0.0423; 0.0423; 0.0000; 0.0000; 0.0000; 0.3239; 0.0000; 0.5915; 0.0000
Bootstrap 21
Run TT with 121 training and 61 tests
Run CD with 198 training and 99 tests
Run FKW with 84 training and 43 tests
Run KW with 96 training and 49 tests
Run LPLT with 42 training and 21 tests
Run RD with 148 training and 74 tests
Run WBD with 5 training and 3 tests
Run WSD with 140 training and 71 tests
Confusion Matrix 22.0
0.3934; 0.3115; 0.0656; 0.0000; 0.0164; 0.0492; 0.0984; 0.0656; 0.0000
0.0101; 0.4444; 0.0000; 0.0000; 0.0000; 0.0909; 0.4242; 0.0303; 0.0000
0.0000; 0.0000; 0.9302; 0.0000; 0.0465; 0.0000; 0.0233; 0.0000; 0.0000
0.0000; 0.0000; 0.1633; 0.6939; 0.1224; 0.0000; 0.0204; 0.0000; 0.0000
0.0000; 0.0000; 0.0000; 0.8095; 0.1905; 0.0000; 0.0000; 0.0000; 0.0000
0.0000; 0.0676; 0.0000; 0.0000; 0.0000; 0.6892; 0.0000; 0.2432; 0.0000
0.0000; 0.0000; 0.0000; 0.0000; 0.0000; 0.0000; 1.0000; 0.0000; 0.0000
0.0704; 0.0563; 0.0000; 0.0000; 0.0000; 0.2676; 0.0986; 0.5070; 0.0000
Bootstrap 22
Run TT with 121 training and 61 tests
Run CD with 198 training and 99 tests
Run FKW with 84 training and 43 tests
Run KW with 96 training and 49 tests
Run LPLT with 42 training and 21 tests
Run RD with 148 training and 74 tests
Run WBD with 5 training and 3 tests
Run WSD with 140 training and 71 tests
Confusion Matrix 23.0
0.4262; 0.2787; 0.0328; 0.0000; 0.0000; 0.0656; 0.1148; 0.0820; 0.0000
0.1212; 0.3030; 0.0101; 0.0000; 0.0000; 0.4141; 0.0404; 0.1111; 0.0000
0.0000; 0.0465; 0.9070; 0.0000; 0.0465; 0.0000; 0.0000; 0.0000; 0.0000
0.0000; 0.0000; 0.0408; 0.9184; 0.0408; 0.0000; 0.0000; 0.0000; 0.0000
0.0000; 0.0000; 0.0000; 0.5238; 0.4762; 0.0000; 0.0000; 0.0000; 0.0000
0.0000; 0.0000; 0.0000; 0.0000; 0.0000; 0.6351; 0.0000; 0.3649; 0.0000
0.0000; 1.0000; 0.0000; 0.0000; 0.0000; 0.0000; 0.0000; 0.0000; 0.0000
0.0563; 0.0423; 0.0000; 0.0000; 0.0000; 0.2113; 0.0141; 0.6761; 0.0000
Bootstrap 23
Run TT with 121 training and 61 tests
Run CD with 198 training and 99 tests
Run FKW with 84 training and 43 tests
Run KW with 96 training and 49 tests
Run LPLT with 42 training and 21 tests
Run RD with 148 training and 74 tests
Run WBD with 5 training and 3 tests
Run WSD with 140 training and 71 tests
Confusion Matrix 24.0
0.8525; 0.0328; 0.0000; 0.0000; 0.0000; 0.0164; 0.0164; 0.0820; 0.0000
0.0707; 0.5455; 0.0000; 0.0000; 0.0000; 0.1414; 0.1818; 0.0606; 0.0000
0.0000; 0.0233; 0.9070; 0.0000; 0.0698; 0.0000; 0.0000; 0.0000; 0.0000
0.0000; 0.0000; 0.0408; 0.7347; 0.1837; 0.0000; 0.0408; 0.0000; 0.0000
0.0000; 0.0000; 0.0000; 0.1905; 0.8095; 0.0000; 0.0000; 0.0000; 0.0000
0.0000; 0.1081; 0.0000; 0.0000; 0.0000; 0.5405; 0.0135; 0.3378; 0.0000
0.0000; 0.6667; 0.0000; 0.0000; 0.0000; 0.0000; 0.3333; 0.0000; 0.0000
0.0704; 0.0563; 0.0000; 0.0000; 0.0000; 0.2676; 0.0282; 0.5775; 0.0000
Bootstrap 24
Run TT with 121 training and 61 tests
Run CD with 198 training and 99 tests
Run FKW with 84 training and 43 tests
Run KW with 96 training and 49 tests
Run LPLT with 42 training and 21 tests
Run RD with 148 training and 74 tests
Run WBD with 5 training and 3 tests
Run WSD with 140 training and 71 tests
Confusion Matrix 25.0
0.8689; 0.0000; 0.0328; 0.0000; 0.0000; 0.0000; 0.0328; 0.0656; 0.0000
0.1111; 0.3434; 0.0101; 0.0000; 0.0000; 0.2626; 0.1414; 0.1313; 0.0000
0.0000; 0.0465; 0.9070; 0.0000; 0.0233; 0.0000; 0.0233; 0.0000; 0.0000
0.0000; 0.0000; 0.1020; 0.6939; 0.2041; 0.0000; 0.0000; 0.0000; 0.0000
0.0000; 0.0000; 0.0000; 0.1905; 0.8095; 0.0000; 0.0000; 0.0000; 0.0000
0.0000; 0.0135; 0.0000; 0.0000; 0.0000; 0.5135; 0.0000; 0.4730; 0.0000
0.0000; 0.6667; 0.0000; 0.0000; 0.0000; 0.0000; 0.3333; 0.0000; 0.0000
0.0986; 0.0704; 0.0000; 0.0000; 0.0000; 0.2676; 0.0282; 0.5352; 0.0000
Bootstrap 25
Run TT with 121 training and 61 tests
Run CD with 198 training and 99 tests
Run FKW with 84 training and 43 tests
Run KW with 96 training and 49 tests
Run LPLT with 42 training and 21 tests
Run RD with 148 training and 74 tests
Run WBD with 5 training and 3 tests
Run WSD with 140 training and 71 tests
Confusion Matrix 26.0
0.8525; 0.0492; 0.0164; 0.0000; 0.0000; 0.0328; 0.0164; 0.0328; 0.0000
0.1515; 0.3535; 0.0101; 0.0000; 0.0000; 0.2323; 0.0808; 0.1717; 0.0000
0.0000; 0.0233; 0.9535; 0.0233; 0.0000; 0.0000; 0.0000; 0.0000; 0.0000
0.0000; 0.0000; 0.0204; 0.8163; 0.1633; 0.0000; 0.0000; 0.0000; 0.0000
0.0000; 0.0000; 0.0476; 0.1905; 0.7619; 0.0000; 0.0000; 0.0000; 0.0000
0.0270; 0.0811; 0.0000; 0.0000; 0.0000; 0.5946; 0.0000; 0.2973; 0.0000
0.0000; 0.6667; 0.0000; 0.0000; 0.0000; 0.0000; 0.3333; 0.0000; 0.0000
0.0845; 0.0282; 0.0000; 0.0000; 0.0000; 0.2394; 0.0282; 0.6197; 0.0000
Bootstrap 26
Run TT with 121 training and 61 tests
Run CD with 198 training and 99 tests
Run FKW with 84 training and 43 tests
Run KW with 96 training and 49 tests
Run LPLT with 42 training and 21 tests
Run RD with 148 training and 74 tests
Run WBD with 5 training and 3 tests
Run WSD with 140 training and 71 tests
Confusion Matrix 27.0
0.6885; 0.1475; 0.0000; 0.0000; 0.0164; 0.0492; 0.0164; 0.0820; 0.0000
0.0505; 0.6061; 0.0000; 0.0000; 0.0000; 0.0606; 0.2727; 0.0101; 0.0000
0.0000; 0.0233; 0.8837; 0.0465; 0.0233; 0.0233; 0.0000; 0.0000; 0.0000
0.0000; 0.0000; 0.0204; 0.8776; 0.1020; 0.0000; 0.0000; 0.0000; 0.0000
0.0000; 0.0000; 0.0476; 0.2857; 0.6667; 0.0000; 0.0000; 0.0000; 0.0000
0.0946; 0.1892; 0.0270; 0.0000; 0.0405; 0.4324; 0.0946; 0.1216; 0.0000
0.0000; 0.6667; 0.0000; 0.0000; 0.0000; 0.0000; 0.3333; 0.0000; 0.0000
0.0986; 0.0563; 0.0000; 0.0000; 0.0000; 0.2394; 0.0141; 0.5915; 0.0000
Bootstrap 27
Run TT with 121 training and 61 tests
Run CD with 198 training and 99 tests
Run FKW with 84 training and 43 tests
Run KW with 96 training and 49 tests
Run LPLT with 42 training and 21 tests
Run RD with 148 training and 74 tests
Run WBD with 5 training and 3 tests
Run WSD with 140 training and 71 tests
Confusion Matrix 28.0
0.8852; 0.0000; 0.0164; 0.0000; 0.0000; 0.0328; 0.0000; 0.0656; 0.0000
0.0909; 0.6970; 0.0000; 0.0000; 0.0000; 0.0404; 0.1515; 0.0202; 0.0000
0.0233; 0.0000; 0.8837; 0.0698; 0.0233; 0.0000; 0.0000; 0.0000; 0.0000
0.0000; 0.0000; 0.1020; 0.6939; 0.2041; 0.0000; 0.0000; 0.0000; 0.0000
0.0000; 0.0000; 0.0000; 0.4286; 0.5714; 0.0000; 0.0000; 0.0000; 0.0000
0.1081; 0.1757; 0.0135; 0.0000; 0.0270; 0.3784; 0.0811; 0.2162; 0.0000
0.0000; 0.6667; 0.0000; 0.0000; 0.0000; 0.3333; 0.0000; 0.0000; 0.0000
0.1127; 0.0704; 0.0000; 0.0000; 0.0000; 0.3099; 0.0141; 0.4930; 0.0000
Bootstrap 28
Run TT with 121 training and 61 tests
Run CD with 198 training and 99 tests
Run FKW with 84 training and 43 tests
Run KW with 96 training and 49 tests
Run LPLT with 42 training and 21 tests
Run RD with 148 training and 74 tests
Run WBD with 5 training and 3 tests
Run WSD with 140 training and 71 tests
Confusion Matrix 29.0
0.8197; 0.0656; 0.0328; 0.0000; 0.0000; 0.0000; 0.0000; 0.0820; 0.0000
0.1010; 0.3636; 0.0101; 0.0000; 0.0000; 0.2828; 0.1010; 0.1414; 0.0000
0.0000; 0.0465; 0.9302; 0.0233; 0.0000; 0.0000; 0.0000; 0.0000; 0.0000
0.0000; 0.0000; 0.0408; 0.8571; 0.0612; 0.0000; 0.0408; 0.0000; 0.0000
0.0000; 0.0000; 0.0000; 0.8571; 0.1429; 0.0000; 0.0000; 0.0000; 0.0000
0.0405; 0.0270; 0.0000; 0.0000; 0.0000; 0.6757; 0.0000; 0.2568; 0.0000
0.0000; 0.3333; 0.0000; 0.0000; 0.0000; 0.0000; 0.6667; 0.0000; 0.0000
0.1127; 0.0282; 0.0141; 0.0000; 0.0000; 0.2676; 0.0423; 0.5352; 0.0000
Bootstrap 29
Run TT with 121 training and 61 tests
Run CD with 198 training and 99 tests
Run FKW with 84 training and 43 tests
Run KW with 96 training and 49 tests
Run LPLT with 42 training and 21 tests
Run RD with 148 training and 74 tests
Run WBD with 5 training and 3 tests
Run WSD with 140 training and 71 tests
Confusion Matrix 30.0
0.9016; 0.0000; 0.0164; 0.0000; 0.0000; 0.0000; 0.0328; 0.0492; 0.0000
0.0606; 0.5758; 0.0000; 0.0000; 0.0000; 0.0707; 0.2929; 0.0000; 0.0000
0.0000; 0.0000; 0.9302; 0.0000; 0.0465; 0.0000; 0.0233; 0.0000; 0.0000
0.0000; 0.0000; 0.0000; 0.9184; 0.0816; 0.0000; 0.0000; 0.0000; 0.0000
0.0000; 0.0000; 0.0476; 0.4286; 0.5238; 0.0000; 0.0000; 0.0000; 0.0000
0.0405; 0.2027; 0.0000; 0.0000; 0.0000; 0.3784; 0.0270; 0.3514; 0.0000
0.0000; 0.0000; 0.0000; 0.0000; 0.0000; 0.0000; 1.0000; 0.0000; 0.0000
0.0563; 0.0704; 0.0000; 0.0000; 0.0141; 0.2113; 0.0000; 0.6479; 0.0000
Mean confusion
0.6590; 0.1426; 0.0251; 0.0000; 0.0033; 0.0393; 0.0546; 0.0760; 0.0000
0.0889; 0.4764; 0.0054; 0.0000; 0.0000; 0.1919; 0.1694; 0.0680; 0.0000
0.0016; 0.0225; 0.9155; 0.0147; 0.0326; 0.0047; 0.0085; 0.0000; 0.0000
0.0000; 0.0000; 0.0435; 0.7932; 0.1469; 0.0000; 0.0163; 0.0000; 0.0000
0.0000; 0.0000; 0.0175; 0.3222; 0.6556; 0.0000; 0.0048; 0.0000; 0.0000
0.0450; 0.1135; 0.0072; 0.0023; 0.0081; 0.5212; 0.0329; 0.2698; 0.0000
0.0000; 0.4444; 0.0000; 0.0000; 0.0000; 0.0667; 0.4778; 0.0111; 0.0000
0.0751; 0.0554; 0.0005; 0.0000; 0.0014; 0.2746; 0.0268; 0.5662; 0.0000
STD Confusion
0.2147; 0.1289; 0.0181; 0.0000; 0.0067; 0.0297; 0.0488; 0.0332; 0.0000
0.0400; 0.1227; 0.0058; 0.0000; 0.0000; 0.1023; 0.1067; 0.0491; 0.0000
0.0059; 0.0188; 0.0353; 0.0198; 0.0303; 0.0095; 0.0156; 0.0000; 0.0000
0.0000; 0.0000; 0.0411; 0.0942; 0.0740; 0.0000; 0.0181; 0.0000; 0.0000
0.0000; 0.0000; 0.0293; 0.2368; 0.2232; 0.0000; 0.0145; 0.0000; 0.0000
0.0502; 0.0873; 0.0116; 0.0072; 0.0126; 0.1194; 0.0354; 0.0944; 0.0000
0.0000; 0.3644; 0.0000; 0.0000; 0.0000; 0.1356; 0.3784; 0.0609; 0.0000
0.0306; 0.0279; 0.0026; 0.0000; 0.0043; 0.0389; 0.0204; 0.0557; 0.0000
Lower 95% CI
0.3770; 0.0000; 0.0000; 0.0000; 0.0000; 0.0000; 0.0000; 0.0164; 0.0000
0.0101; 0.3030; 0.0000; 0.0000; 0.0000; 0.0404; 0.0404; 0.0000; 0.0000
0.0000; 0.0000; 0.8372; 0.0000; 0.0000; 0.0000; 0.0000; 0.0000; 0.0000
0.0000; 0.0000; 0.0000; 0.5714; 0.0204; 0.0000; 0.0000; 0.0000; 0.0000
0.0000; 0.0000; 0.0000; 0.0476; 0.1429; 0.0000; 0.0000; 0.0000; 0.0000
0.0000; 0.0000; 0.0000; 0.0000; 0.0000; 0.3108; 0.0000; 0.0811; 0.0000
0.0000; 0.0000; 0.0000; 0.0000; 0.0000; 0.0000; 0.0000; 0.0000; 0.0000
0.0282; 0.0141; 0.0000; 0.0000; 0.0000; 0.1972; 0.0000; 0.4648; 0.0000
Upper 95% CI
0.9508; 0.3443; 0.0656; 0.0000; 0.0164; 0.1148; 0.1475; 0.1967; 0.0000
0.1717; 0.7576; 0.0202; 0.0000; 0.0000; 0.4141; 0.4242; 0.1717; 0.0000
0.0233; 0.0465; 0.9767; 0.0698; 0.1163; 0.0233; 0.0698; 0.0000; 0.0000
0.0000; 0.0000; 0.1633; 0.9592; 0.3673; 0.0000; 0.0408; 0.0000; 0.0000
0.0000; 0.0000; 0.0952; 0.8571; 0.9048; 0.0000; 0.0476; 0.0000; 0.0000
0.1622; 0.3108; 0.0405; 0.0270; 0.0405; 0.7162; 0.1081; 0.4730; 0.0000
0.0000; 1.0000; 0.0000; 0.0000; 0.0000; 0.3333; 1.0000; 0.3333; 0.0000
0.1690; 0.1690; 0.0141; 0.0000; 0.0141; 0.3521; 0.0986; 0.6761; 0.0000
Run TT with 182 training and 0 tests
Run CD with 297 training and 0 tests
Run FKW with 127 training and 0 tests
Run KW with 145 training and 0 tests
Run LPLT with 63 training and 0 tests
Run RD with 222 training and 0 tests
Run WBD with 8 training and 0 tests
Run WSD with 211 training and 0 tests