Total Bootstraps 30
Num Species 8
FragmentLength 24; Section Length 30
TT; CD; FKW; KW; LPLT; RD; WBD; WSD
Bootstrap 0
Run TT with 236 training and 118 tests
Run CD with 385 training and 193 tests
Run FKW with 154 training and 77 tests
Run KW with 194 training and 98 tests
Run LPLT with 84 training and 43 tests
Run RD with 302 training and 151 tests
Run WBD with 9 training and 5 tests
Run WSD with 290 training and 145 tests
Confusion Matrix 1.0
0.6017; 0.1695; 0.0169; 0.0000; 0.0085; 0.0678; 0.0678; 0.0678; 0.0000
0.0622; 0.3575; 0.0052; 0.0000; 0.0000; 0.1710; 0.3834; 0.0207; 0.0000
0.0000; 0.0519; 0.8442; 0.0130; 0.0519; 0.0000; 0.0390; 0.0000; 0.0000
0.0000; 0.0000; 0.0714; 0.7245; 0.2041; 0.0000; 0.0000; 0.0000; 0.0000
0.0000; 0.0000; 0.0465; 0.2558; 0.6977; 0.0000; 0.0000; 0.0000; 0.0000
0.0000; 0.0331; 0.0000; 0.0000; 0.0000; 0.6093; 0.0066; 0.3510; 0.0000
0.0000; 0.2000; 0.0000; 0.0000; 0.0000; 0.0000; 0.8000; 0.0000; 0.0000
0.0897; 0.0828; 0.0069; 0.0000; 0.0000; 0.2690; 0.0690; 0.4828; 0.0000
Bootstrap 1
Run TT with 236 training and 118 tests
Run CD with 385 training and 193 tests
Run FKW with 154 training and 77 tests
Run KW with 194 training and 98 tests
Run LPLT with 84 training and 43 tests
Run RD with 302 training and 151 tests
Run WBD with 9 training and 5 tests
Run WSD with 290 training and 145 tests
Confusion Matrix 2.0
0.7966; 0.0085; 0.0508; 0.0000; 0.0169; 0.0254; 0.0169; 0.0847; 0.0000
0.0984; 0.3523; 0.0104; 0.0000; 0.0000; 0.1088; 0.3938; 0.0363; 0.0000
0.0000; 0.0260; 0.8961; 0.0000; 0.0519; 0.0000; 0.0260; 0.0000; 0.0000
0.0000; 0.0000; 0.0102; 0.7551; 0.2347; 0.0000; 0.0000; 0.0000; 0.0000
0.0233; 0.0000; 0.0698; 0.2558; 0.6512; 0.0000; 0.0000; 0.0000; 0.0000
0.1060; 0.1457; 0.0397; 0.0265; 0.0265; 0.4238; 0.0728; 0.1589; 0.0000
0.0000; 0.2000; 0.0000; 0.0000; 0.0000; 0.0000; 0.8000; 0.0000; 0.0000
0.1103; 0.0690; 0.0000; 0.0000; 0.0069; 0.2966; 0.0552; 0.4621; 0.0000
Bootstrap 2
Run TT with 236 training and 118 tests
Run CD with 385 training and 193 tests
Run FKW with 154 training and 77 tests
Run KW with 194 training and 98 tests
Run LPLT with 84 training and 43 tests
Run RD with 302 training and 151 tests
Run WBD with 9 training and 5 tests
Run WSD with 290 training and 145 tests
Confusion Matrix 3.0
0.3898; 0.2542; 0.0508; 0.0000; 0.0085; 0.0847; 0.1186; 0.0932; 0.0000
0.0259; 0.3264; 0.0052; 0.0000; 0.0052; 0.1088; 0.4197; 0.1088; 0.0000
0.0000; 0.0390; 0.8961; 0.0130; 0.0519; 0.0000; 0.0000; 0.0000; 0.0000
0.0000; 0.0000; 0.0510; 0.6020; 0.3061; 0.0000; 0.0408; 0.0000; 0.0000
0.0000; 0.0000; 0.0000; 0.3023; 0.6977; 0.0000; 0.0000; 0.0000; 0.0000
0.0000; 0.0331; 0.0000; 0.0000; 0.0000; 0.6358; 0.0132; 0.3179; 0.0000
0.0000; 0.2000; 0.0000; 0.0000; 0.0000; 0.0000; 0.8000; 0.0000; 0.0000
0.1034; 0.0828; 0.0138; 0.0000; 0.0000; 0.2276; 0.0621; 0.5103; 0.0000
Bootstrap 3
Run TT with 236 training and 118 tests
Run CD with 385 training and 193 tests
Run FKW with 154 training and 77 tests
Run KW with 194 training and 98 tests
Run LPLT with 84 training and 43 tests
Run RD with 302 training and 151 tests
Run WBD with 9 training and 5 tests
Run WSD with 290 training and 145 tests
Confusion Matrix 4.0
0.4746; 0.1610; 0.0339; 0.0085; 0.0169; 0.0339; 0.0932; 0.1780; 0.0000
0.0777; 0.3782; 0.0155; 0.0000; 0.0000; 0.2332; 0.2124; 0.0829; 0.0000
0.0000; 0.0000; 0.8442; 0.0519; 0.0779; 0.0000; 0.0260; 0.0000; 0.0000
0.0000; 0.0000; 0.0204; 0.8163; 0.1531; 0.0000; 0.0102; 0.0000; 0.0000
0.0000; 0.0000; 0.0000; 0.7442; 0.2558; 0.0000; 0.0000; 0.0000; 0.0000
0.0000; 0.0132; 0.0000; 0.0000; 0.0000; 0.6490; 0.0132; 0.3245; 0.0000
0.0000; 0.4000; 0.0000; 0.0000; 0.0000; 0.0000; 0.6000; 0.0000; 0.0000
0.0759; 0.0621; 0.0069; 0.0069; 0.0000; 0.3172; 0.0621; 0.4690; 0.0000
Bootstrap 4
Run TT with 236 training and 118 tests
Run CD with 385 training and 193 tests
Run FKW with 154 training and 77 tests
Run KW with 194 training and 98 tests
Run LPLT with 84 training and 43 tests
Run RD with 302 training and 151 tests
Run WBD with 9 training and 5 tests
Run WSD with 290 training and 145 tests
Confusion Matrix 5.0
0.6186; 0.0847; 0.0254; 0.0000; 0.0254; 0.0254; 0.0508; 0.1695; 0.0000
0.0984; 0.3627; 0.0104; 0.0000; 0.0000; 0.2642; 0.1451; 0.1192; 0.0000
0.0000; 0.0000; 0.8701; 0.1039; 0.0260; 0.0000; 0.0000; 0.0000; 0.0000
0.0000; 0.0000; 0.0816; 0.5918; 0.2959; 0.0000; 0.0306; 0.0000; 0.0000
0.0000; 0.0000; 0.0233; 0.2093; 0.7674; 0.0000; 0.0000; 0.0000; 0.0000
0.0199; 0.0728; 0.0000; 0.0000; 0.0000; 0.5430; 0.0066; 0.3576; 0.0000
0.0000; 0.4000; 0.0000; 0.0000; 0.0000; 0.0000; 0.6000; 0.0000; 0.0000
0.0966; 0.1034; 0.0000; 0.0000; 0.0000; 0.2828; 0.0552; 0.4621; 0.0000
Bootstrap 5
Run TT with 236 training and 118 tests
Run CD with 385 training and 193 tests
Run FKW with 154 training and 77 tests
Run KW with 194 training and 98 tests
Run LPLT with 84 training and 43 tests
Run RD with 302 training and 151 tests
Run WBD with 9 training and 5 tests
Run WSD with 290 training and 145 tests
Confusion Matrix 6.0
0.3898; 0.2881; 0.0763; 0.0000; 0.0169; 0.0424; 0.1102; 0.0763; 0.0000
0.1192; 0.3264; 0.0207; 0.0000; 0.0000; 0.2487; 0.1865; 0.0984; 0.0000
0.0000; 0.0000; 0.8961; 0.0000; 0.0649; 0.0000; 0.0260; 0.0130; 0.0000
0.0000; 0.0000; 0.0510; 0.8265; 0.1224; 0.0000; 0.0000; 0.0000; 0.0000
0.0000; 0.0000; 0.0233; 0.4884; 0.4884; 0.0000; 0.0000; 0.0000; 0.0000
0.1126; 0.1325; 0.0132; 0.0066; 0.0331; 0.3841; 0.1457; 0.1722; 0.0000
0.0000; 0.2000; 0.0000; 0.0000; 0.0000; 0.0000; 0.8000; 0.0000; 0.0000
0.0966; 0.1172; 0.0000; 0.0000; 0.0000; 0.2690; 0.0552; 0.4621; 0.0000
Bootstrap 6
Run TT with 236 training and 118 tests
Run CD with 385 training and 193 tests
Run FKW with 154 training and 77 tests
Run KW with 194 training and 98 tests
Run LPLT with 84 training and 43 tests
Run RD with 302 training and 151 tests
Run WBD with 9 training and 5 tests
Run WSD with 290 training and 145 tests
Confusion Matrix 7.0
0.3559; 0.2966; 0.0763; 0.0000; 0.0085; 0.1525; 0.0932; 0.0169; 0.0000
0.0622; 0.3316; 0.0104; 0.0000; 0.0052; 0.1554; 0.3523; 0.0829; 0.0000
0.0000; 0.0000; 0.9481; 0.0390; 0.0130; 0.0000; 0.0000; 0.0000; 0.0000
0.0000; 0.0000; 0.0408; 0.6327; 0.2959; 0.0000; 0.0306; 0.0000; 0.0000
0.0465; 0.0000; 0.0930; 0.0930; 0.7209; 0.0000; 0.0465; 0.0000; 0.0000
0.0000; 0.1325; 0.0000; 0.0000; 0.0000; 0.5960; 0.0132; 0.2583; 0.0000
0.0000; 0.2000; 0.0000; 0.0000; 0.0000; 0.0000; 0.8000; 0.0000; 0.0000
0.1034; 0.0759; 0.0069; 0.0000; 0.0000; 0.2966; 0.0828; 0.4345; 0.0000
Bootstrap 7
Run TT with 236 training and 118 tests
Run CD with 385 training and 193 tests
Run FKW with 154 training and 77 tests
Run KW with 194 training and 98 tests
Run LPLT with 84 training and 43 tests
Run RD with 302 training and 151 tests
Run WBD with 9 training and 5 tests
Run WSD with 290 training and 145 tests
Confusion Matrix 8.0
0.8644; 0.0254; 0.0424; 0.0000; 0.0085; 0.0085; 0.0000; 0.0508; 0.0000
0.1088; 0.4663; 0.0052; 0.0000; 0.0000; 0.1503; 0.2487; 0.0207; 0.0000
0.0000; 0.0260; 0.8571; 0.0000; 0.0649; 0.0000; 0.0519; 0.0000; 0.0000
0.0000; 0.0000; 0.0714; 0.8163; 0.1020; 0.0000; 0.0102; 0.0000; 0.0000
0.0000; 0.0000; 0.0233; 0.4651; 0.5116; 0.0000; 0.0000; 0.0000; 0.0000
0.1126; 0.1589; 0.0132; 0.0132; 0.0530; 0.3775; 0.0728; 0.1987; 0.0000
0.0000; 0.0000; 0.0000; 0.0000; 0.0000; 0.0000; 0.8000; 0.2000; 0.0000
0.0966; 0.1103; 0.0000; 0.0000; 0.0000; 0.2828; 0.0345; 0.4759; 0.0000
Bootstrap 8
Run TT with 236 training and 118 tests
Run CD with 385 training and 193 tests
Run FKW with 154 training and 77 tests
Run KW with 194 training and 98 tests
Run LPLT with 84 training and 43 tests
Run RD with 302 training and 151 tests
Run WBD with 9 training and 5 tests
Run WSD with 290 training and 145 tests
Confusion Matrix 9.0
0.5000; 0.1525; 0.0593; 0.0000; 0.0254; 0.0169; 0.0678; 0.1780; 0.0000
0.1295; 0.3938; 0.0052; 0.0000; 0.0000; 0.2539; 0.1192; 0.0984; 0.0000
0.0000; 0.0000; 0.8571; 0.0130; 0.0649; 0.0130; 0.0390; 0.0130; 0.0000
0.0000; 0.0000; 0.0306; 0.8878; 0.0816; 0.0000; 0.0000; 0.0000; 0.0000
0.0000; 0.0000; 0.0000; 0.6744; 0.3256; 0.0000; 0.0000; 0.0000; 0.0000
0.0662; 0.1192; 0.0132; 0.0331; 0.0464; 0.4834; 0.0464; 0.1921; 0.0000
0.0000; 0.2000; 0.0000; 0.0000; 0.0000; 0.0000; 0.8000; 0.0000; 0.0000
0.0828; 0.0966; 0.0000; 0.0069; 0.0000; 0.3448; 0.0621; 0.4069; 0.0000
Bootstrap 9
Run TT with 236 training and 118 tests
Run CD with 385 training and 193 tests
Run FKW with 154 training and 77 tests
Run KW with 194 training and 98 tests
Run LPLT with 84 training and 43 tests
Run RD with 302 training and 151 tests
Run WBD with 9 training and 5 tests
Run WSD with 290 training and 145 tests
Confusion Matrix 10.0
0.4492; 0.2119; 0.0508; 0.0085; 0.0000; 0.0593; 0.1186; 0.1017; 0.0000
0.0415; 0.3420; 0.0052; 0.0000; 0.0000; 0.2021; 0.3575; 0.0518; 0.0000
0.0000; 0.0260; 0.8831; 0.0130; 0.0130; 0.0000; 0.0649; 0.0000; 0.0000
0.0000; 0.0000; 0.0408; 0.6837; 0.2755; 0.0000; 0.0000; 0.0000; 0.0000
0.0000; 0.0000; 0.1860; 0.0698; 0.6744; 0.0000; 0.0698; 0.0000; 0.0000
0.0066; 0.0331; 0.0000; 0.0000; 0.0000; 0.5563; 0.0066; 0.3974; 0.0000
0.0000; 0.2000; 0.0000; 0.0000; 0.0000; 0.0000; 0.8000; 0.0000; 0.0000
0.1103; 0.0828; 0.0000; 0.0000; 0.0000; 0.2621; 0.0621; 0.4828; 0.0000
Bootstrap 10
Run TT with 236 training and 118 tests
Run CD with 385 training and 193 tests
Run FKW with 154 training and 77 tests
Run KW with 194 training and 98 tests
Run LPLT with 84 training and 43 tests
Run RD with 302 training and 151 tests
Run WBD with 9 training and 5 tests
Run WSD with 290 training and 145 tests
Confusion Matrix 11.0
0.4237; 0.2627; 0.0508; 0.0000; 0.0085; 0.0593; 0.1186; 0.0763; 0.0000
0.0466; 0.3472; 0.0000; 0.0000; 0.0052; 0.1554; 0.3990; 0.0466; 0.0000
0.0000; 0.0390; 0.9351; 0.0000; 0.0130; 0.0000; 0.0130; 0.0000; 0.0000
0.0000; 0.0000; 0.0510; 0.6735; 0.2449; 0.0000; 0.0306; 0.0000; 0.0000
0.0000; 0.0000; 0.0233; 0.6047; 0.3721; 0.0000; 0.0000; 0.0000; 0.0000
0.0000; 0.0861; 0.0000; 0.0000; 0.0000; 0.6424; 0.0132; 0.2583; 0.0000
0.0000; 0.2000; 0.0000; 0.0000; 0.0000; 0.0000; 0.8000; 0.0000; 0.0000
0.1034; 0.0483; 0.0000; 0.0000; 0.0138; 0.3103; 0.0621; 0.4621; 0.0000
Bootstrap 11
Run TT with 236 training and 118 tests
Run CD with 385 training and 193 tests
Run FKW with 154 training and 77 tests
Run KW with 194 training and 98 tests
Run LPLT with 84 training and 43 tests
Run RD with 302 training and 151 tests
Run WBD with 9 training and 5 tests
Run WSD with 290 training and 145 tests
Confusion Matrix 12.0
0.5678; 0.2034; 0.0254; 0.0000; 0.0085; 0.0847; 0.0339; 0.0763; 0.0000
0.1036; 0.3834; 0.0207; 0.0000; 0.0000; 0.2487; 0.1451; 0.0984; 0.0000
0.0000; 0.0260; 0.8312; 0.0130; 0.0909; 0.0000; 0.0260; 0.0130; 0.0000
0.0000; 0.0000; 0.0102; 0.8571; 0.1020; 0.0000; 0.0306; 0.0000; 0.0000
0.0000; 0.0000; 0.0000; 0.6047; 0.3953; 0.0000; 0.0000; 0.0000; 0.0000
0.1258; 0.1589; 0.0199; 0.0066; 0.0397; 0.3709; 0.0795; 0.1987; 0.0000
0.0000; 0.2000; 0.0000; 0.0000; 0.0000; 0.0000; 0.8000; 0.0000; 0.0000
0.0897; 0.0828; 0.0000; 0.0000; 0.0000; 0.3931; 0.0345; 0.4000; 0.0000
Bootstrap 12
Run TT with 236 training and 118 tests
Run CD with 385 training and 193 tests
Run FKW with 154 training and 77 tests
Run KW with 194 training and 98 tests
Run LPLT with 84 training and 43 tests
Run RD with 302 training and 151 tests
Run WBD with 9 training and 5 tests
Run WSD with 290 training and 145 tests
Confusion Matrix 13.0
0.7542; 0.0847; 0.0085; 0.0085; 0.0169; 0.0085; 0.0339; 0.0847; 0.0000
0.0829; 0.3212; 0.0052; 0.0000; 0.0000; 0.1451; 0.4145; 0.0311; 0.0000
0.0000; 0.0130; 0.8701; 0.0130; 0.0519; 0.0000; 0.0519; 0.0000; 0.0000
0.0000; 0.0000; 0.0816; 0.7755; 0.1327; 0.0000; 0.0102; 0.0000; 0.0000
0.0000; 0.0000; 0.0000; 0.6047; 0.3953; 0.0000; 0.0000; 0.0000; 0.0000
0.0728; 0.0795; 0.0265; 0.0132; 0.0596; 0.4636; 0.0662; 0.2185; 0.0000
0.0000; 0.2000; 0.0000; 0.0000; 0.0000; 0.0000; 0.8000; 0.0000; 0.0000
0.0828; 0.0966; 0.0069; 0.0000; 0.0000; 0.2759; 0.0414; 0.4966; 0.0000
Bootstrap 13
Run TT with 236 training and 118 tests
Run CD with 385 training and 193 tests
Run FKW with 154 training and 77 tests
Run KW with 194 training and 98 tests
Run LPLT with 84 training and 43 tests
Run RD with 302 training and 151 tests
Run WBD with 9 training and 5 tests
Run WSD with 290 training and 145 tests
Confusion Matrix 14.0
0.8475; 0.0339; 0.0424; 0.0000; 0.0000; 0.0254; 0.0085; 0.0424; 0.0000
0.0674; 0.4922; 0.0052; 0.0000; 0.0000; 0.1192; 0.2694; 0.0466; 0.0000
0.0000; 0.0130; 0.9221; 0.0130; 0.0260; 0.0130; 0.0130; 0.0000; 0.0000
0.0000; 0.0000; 0.1020; 0.6020; 0.2551; 0.0000; 0.0408; 0.0000; 0.0000
0.0233; 0.0000; 0.1628; 0.1163; 0.6744; 0.0000; 0.0233; 0.0000; 0.0000
0.0331; 0.0662; 0.0265; 0.0132; 0.0265; 0.5166; 0.0265; 0.2914; 0.0000
0.0000; 0.2000; 0.0000; 0.0000; 0.0000; 0.0000; 0.8000; 0.0000; 0.0000
0.1103; 0.0621; 0.0069; 0.0000; 0.0069; 0.2552; 0.0552; 0.5034; 0.0000
Bootstrap 14
Run TT with 236 training and 118 tests
Run CD with 385 training and 193 tests
Run FKW with 154 training and 77 tests
Run KW with 194 training and 98 tests
Run LPLT with 84 training and 43 tests
Run RD with 302 training and 151 tests
Run WBD with 9 training and 5 tests
Run WSD with 290 training and 145 tests
Confusion Matrix 15.0
0.7627; 0.0085; 0.0169; 0.0000; 0.0169; 0.0339; 0.0254; 0.1356; 0.0000
0.0777; 0.4819; 0.0104; 0.0000; 0.0052; 0.0881; 0.2487; 0.0881; 0.0000
0.0130; 0.0260; 0.8571; 0.0000; 0.0779; 0.0000; 0.0260; 0.0000; 0.0000
0.0000; 0.0000; 0.0714; 0.7449; 0.1429; 0.0000; 0.0408; 0.0000; 0.0000
0.0000; 0.0000; 0.0000; 0.5814; 0.4186; 0.0000; 0.0000; 0.0000; 0.0000
0.1258; 0.1788; 0.0199; 0.0132; 0.0596; 0.3974; 0.0795; 0.1258; 0.0000
0.0000; 0.2000; 0.0000; 0.0000; 0.0000; 0.0000; 0.8000; 0.0000; 0.0000
0.0828; 0.0759; 0.0000; 0.0000; 0.0000; 0.3379; 0.0414; 0.4621; 0.0000
Bootstrap 15
Run TT with 236 training and 118 tests
Run CD with 385 training and 193 tests
Run FKW with 154 training and 77 tests
Run KW with 194 training and 98 tests
Run LPLT with 84 training and 43 tests
Run RD with 302 training and 151 tests
Run WBD with 9 training and 5 tests
Run WSD with 290 training and 145 tests
Confusion Matrix 16.0
0.8814; 0.0339; 0.0339; 0.0000; 0.0085; 0.0169; 0.0000; 0.0254; 0.0000
0.1347; 0.3679; 0.0104; 0.0000; 0.0000; 0.1295; 0.2798; 0.0777; 0.0000
0.0130; 0.0260; 0.8961; 0.0130; 0.0390; 0.0000; 0.0000; 0.0130; 0.0000
0.0000; 0.0000; 0.0816; 0.6735; 0.2143; 0.0000; 0.0306; 0.0000; 0.0000
0.0000; 0.0000; 0.0233; 0.4884; 0.4884; 0.0000; 0.0000; 0.0000; 0.0000
0.1060; 0.1457; 0.0331; 0.0066; 0.0596; 0.4172; 0.1258; 0.1060; 0.0000
0.0000; 0.2000; 0.0000; 0.0000; 0.0000; 0.0000; 0.8000; 0.0000; 0.0000
0.1103; 0.0897; 0.0000; 0.0000; 0.0000; 0.3586; 0.0276; 0.4138; 0.0000
Bootstrap 16
Run TT with 236 training and 118 tests
Run CD with 385 training and 193 tests
Run FKW with 154 training and 77 tests
Run KW with 194 training and 98 tests
Run LPLT with 84 training and 43 tests
Run RD with 302 training and 151 tests
Run WBD with 9 training and 5 tests
Run WSD with 290 training and 145 tests
Confusion Matrix 17.0
0.8305; 0.0508; 0.0339; 0.0000; 0.0169; 0.0254; 0.0000; 0.0424; 0.0000
0.0363; 0.3264; 0.0000; 0.0000; 0.0000; 0.1762; 0.3782; 0.0829; 0.0000
0.0000; 0.0130; 0.8961; 0.0519; 0.0130; 0.0000; 0.0260; 0.0000; 0.0000
0.0000; 0.0000; 0.0714; 0.5714; 0.3265; 0.0000; 0.0306; 0.0000; 0.0000
0.0000; 0.0000; 0.0698; 0.0698; 0.8605; 0.0000; 0.0000; 0.0000; 0.0000
0.0265; 0.1192; 0.0000; 0.0000; 0.0000; 0.5033; 0.0265; 0.3245; 0.0000
0.0000; 0.2000; 0.0000; 0.0000; 0.0000; 0.0000; 0.8000; 0.0000; 0.0000
0.1448; 0.0552; 0.0000; 0.0000; 0.0000; 0.2069; 0.0828; 0.5103; 0.0000
Bootstrap 17
Run TT with 236 training and 118 tests
Run CD with 385 training and 193 tests
Run FKW with 154 training and 77 tests
Run KW with 194 training and 98 tests
Run LPLT with 84 training and 43 tests
Run RD with 302 training and 151 tests
Run WBD with 9 training and 5 tests
Run WSD with 290 training and 145 tests
Confusion Matrix 18.0
0.3559; 0.3051; 0.0508; 0.0000; 0.0085; 0.1017; 0.0847; 0.0932; 0.0000
0.0518; 0.3575; 0.0104; 0.0000; 0.0000; 0.1451; 0.4093; 0.0259; 0.0000
0.0000; 0.0000; 0.8961; 0.0130; 0.0779; 0.0000; 0.0130; 0.0000; 0.0000
0.0000; 0.0000; 0.0408; 0.6735; 0.2347; 0.0000; 0.0510; 0.0000; 0.0000
0.0000; 0.0000; 0.0000; 0.3488; 0.6512; 0.0000; 0.0000; 0.0000; 0.0000
0.1126; 0.1391; 0.0000; 0.0066; 0.0132; 0.4238; 0.1060; 0.1987; 0.0000
0.0000; 0.2000; 0.0000; 0.0000; 0.0000; 0.0000; 0.8000; 0.0000; 0.0000
0.0897; 0.1103; 0.0000; 0.0000; 0.0000; 0.3310; 0.0690; 0.4000; 0.0000
Bootstrap 18
Run TT with 236 training and 118 tests
Run CD with 385 training and 193 tests
Run FKW with 154 training and 77 tests
Run KW with 194 training and 98 tests
Run LPLT with 84 training and 43 tests
Run RD with 302 training and 151 tests
Run WBD with 9 training and 5 tests
Run WSD with 290 training and 145 tests
Confusion Matrix 19.0
0.7542; 0.0508; 0.0678; 0.0000; 0.0169; 0.0085; 0.0169; 0.0847; 0.0000
0.0829; 0.3731; 0.0052; 0.0000; 0.0000; 0.1036; 0.3731; 0.0622; 0.0000
0.0000; 0.0260; 0.9091; 0.0000; 0.0519; 0.0000; 0.0130; 0.0000; 0.0000
0.0000; 0.0000; 0.1429; 0.5612; 0.2449; 0.0000; 0.0510; 0.0000; 0.0000
0.0233; 0.0000; 0.1163; 0.1628; 0.6512; 0.0000; 0.0465; 0.0000; 0.0000
0.1126; 0.1391; 0.0066; 0.0000; 0.0000; 0.3444; 0.1258; 0.2715; 0.0000
0.0000; 0.2000; 0.0000; 0.0000; 0.0000; 0.0000; 0.8000; 0.0000; 0.0000
0.1034; 0.0690; 0.0138; 0.0000; 0.0000; 0.3034; 0.0414; 0.4690; 0.0000
Bootstrap 19
Run TT with 236 training and 118 tests
Run CD with 385 training and 193 tests
Run FKW with 154 training and 77 tests
Run KW with 194 training and 98 tests
Run LPLT with 84 training and 43 tests
Run RD with 302 training and 151 tests
Run WBD with 9 training and 5 tests
Run WSD with 290 training and 145 tests
Confusion Matrix 20.0
0.8644; 0.0254; 0.0169; 0.0000; 0.0085; 0.0339; 0.0085; 0.0424; 0.0000
0.1503; 0.3990; 0.0155; 0.0000; 0.0000; 0.2176; 0.1606; 0.0570; 0.0000
0.0130; 0.0260; 0.8312; 0.0390; 0.0779; 0.0000; 0.0130; 0.0000; 0.0000
0.0000; 0.0000; 0.0816; 0.6837; 0.2143; 0.0000; 0.0204; 0.0000; 0.0000
0.0000; 0.0000; 0.0465; 0.3023; 0.6279; 0.0000; 0.0233; 0.0000; 0.0000
0.0331; 0.1722; 0.0000; 0.0000; 0.0000; 0.4106; 0.0596; 0.3245; 0.0000
0.0000; 0.2000; 0.0000; 0.0000; 0.0000; 0.0000; 0.8000; 0.0000; 0.0000
0.1103; 0.0552; 0.0000; 0.0000; 0.0000; 0.2966; 0.0552; 0.4828; 0.0000
Bootstrap 20
Run TT with 236 training and 118 tests
Run CD with 385 training and 193 tests
Run FKW with 154 training and 77 tests
Run KW with 194 training and 98 tests
Run LPLT with 84 training and 43 tests
Run RD with 302 training and 151 tests
Run WBD with 9 training and 5 tests
Run WSD with 290 training and 145 tests
Confusion Matrix 21.0
0.8559; 0.0169; 0.0424; 0.0000; 0.0000; 0.0339; 0.0085; 0.0424; 0.0000
0.1347; 0.3368; 0.0104; 0.0000; 0.0000; 0.2746; 0.1399; 0.1036; 0.0000
0.0000; 0.0130; 0.8701; 0.0779; 0.0260; 0.0000; 0.0130; 0.0000; 0.0000
0.0000; 0.0000; 0.1429; 0.5306; 0.3061; 0.0000; 0.0204; 0.0000; 0.0000
0.0233; 0.0000; 0.0930; 0.1163; 0.7674; 0.0000; 0.0000; 0.0000; 0.0000
0.0596; 0.0397; 0.0265; 0.0132; 0.0397; 0.5364; 0.0265; 0.2583; 0.0000
0.0000; 0.2000; 0.0000; 0.0000; 0.0000; 0.0000; 0.8000; 0.0000; 0.0000
0.1034; 0.0828; 0.0000; 0.0000; 0.0000; 0.3034; 0.0621; 0.4483; 0.0000
Bootstrap 21
Run TT with 236 training and 118 tests
Run CD with 385 training and 193 tests
Run FKW with 154 training and 77 tests
Run KW with 194 training and 98 tests
Run LPLT with 84 training and 43 tests
Run RD with 302 training and 151 tests
Run WBD with 9 training and 5 tests
Run WSD with 290 training and 145 tests
Confusion Matrix 22.0
0.5847; 0.1695; 0.0254; 0.0000; 0.0254; 0.0424; 0.0339; 0.1186; 0.0000
0.1347; 0.3005; 0.0104; 0.0000; 0.0000; 0.2746; 0.1762; 0.1036; 0.0000
0.0130; 0.0260; 0.9351; 0.0130; 0.0000; 0.0000; 0.0130; 0.0000; 0.0000
0.0000; 0.0000; 0.0204; 0.6633; 0.2857; 0.0000; 0.0306; 0.0000; 0.0000
0.0000; 0.0000; 0.0000; 0.2558; 0.7442; 0.0000; 0.0000; 0.0000; 0.0000
0.0199; 0.1391; 0.0000; 0.0000; 0.0000; 0.3841; 0.0728; 0.3841; 0.0000
0.0000; 0.2000; 0.0000; 0.0000; 0.0000; 0.0000; 0.8000; 0.0000; 0.0000
0.0552; 0.0483; 0.0000; 0.0000; 0.0138; 0.3241; 0.0621; 0.4966; 0.0000
Bootstrap 22
Run TT with 236 training and 118 tests
Run CD with 385 training and 193 tests
Run FKW with 154 training and 77 tests
Run KW with 194 training and 98 tests
Run LPLT with 84 training and 43 tests
Run RD with 302 training and 151 tests
Run WBD with 9 training and 5 tests
Run WSD with 290 training and 145 tests
Confusion Matrix 23.0
0.3475; 0.3305; 0.0508; 0.0000; 0.0000; 0.1186; 0.0763; 0.0763; 0.0000
0.0777; 0.3938; 0.0104; 0.0000; 0.0000; 0.2591; 0.1865; 0.0725; 0.0000
0.0000; 0.0779; 0.8961; 0.0130; 0.0130; 0.0000; 0.0000; 0.0000; 0.0000
0.0000; 0.0000; 0.1020; 0.5306; 0.3367; 0.0000; 0.0306; 0.0000; 0.0000
0.0000; 0.0233; 0.1163; 0.0930; 0.7442; 0.0000; 0.0233; 0.0000; 0.0000
0.0397; 0.1523; 0.0000; 0.0000; 0.0000; 0.5033; 0.0795; 0.2252; 0.0000
0.0000; 0.2000; 0.0000; 0.0000; 0.0000; 0.0000; 0.8000; 0.0000; 0.0000
0.1172; 0.0897; 0.0069; 0.0000; 0.0000; 0.2897; 0.0690; 0.4276; 0.0000
Bootstrap 23
Run TT with 236 training and 118 tests
Run CD with 385 training and 193 tests
Run FKW with 154 training and 77 tests
Run KW with 194 training and 98 tests
Run LPLT with 84 training and 43 tests
Run RD with 302 training and 151 tests
Run WBD with 9 training and 5 tests
Run WSD with 290 training and 145 tests
Confusion Matrix 24.0
0.7881; 0.0169; 0.0254; 0.0000; 0.0085; 0.0678; 0.0085; 0.0847; 0.0000
0.1244; 0.4456; 0.0311; 0.0000; 0.0000; 0.1347; 0.1762; 0.0881; 0.0000
0.0000; 0.0260; 0.8701; 0.0000; 0.0649; 0.0000; 0.0390; 0.0000; 0.0000
0.0000; 0.0000; 0.0102; 0.7551; 0.2245; 0.0000; 0.0102; 0.0000; 0.0000
0.0000; 0.0000; 0.0465; 0.3953; 0.5581; 0.0000; 0.0000; 0.0000; 0.0000
0.1325; 0.1325; 0.0132; 0.0132; 0.0464; 0.4172; 0.0861; 0.1589; 0.0000
0.0000; 0.2000; 0.0000; 0.0000; 0.0000; 0.0000; 0.8000; 0.0000; 0.0000
0.1034; 0.0552; 0.0000; 0.0000; 0.0069; 0.3241; 0.0552; 0.4552; 0.0000
Bootstrap 24
Run TT with 236 training and 118 tests
Run CD with 385 training and 193 tests
Run FKW with 154 training and 77 tests
Run KW with 194 training and 98 tests
Run LPLT with 84 training and 43 tests
Run RD with 302 training and 151 tests
Run WBD with 9 training and 5 tests
Run WSD with 290 training and 145 tests
Confusion Matrix 25.0
0.6356; 0.1525; 0.0254; 0.0000; 0.0169; 0.0339; 0.0169; 0.1186; 0.0000
0.0725; 0.4508; 0.0000; 0.0000; 0.0000; 0.2124; 0.2539; 0.0104; 0.0000
0.0000; 0.0000; 0.9351; 0.0000; 0.0519; 0.0000; 0.0130; 0.0000; 0.0000
0.0000; 0.0000; 0.0918; 0.6122; 0.2449; 0.0000; 0.0510; 0.0000; 0.0000
0.0000; 0.0000; 0.0000; 0.3721; 0.6279; 0.0000; 0.0000; 0.0000; 0.0000
0.0132; 0.1258; 0.0000; 0.0000; 0.0000; 0.4503; 0.0265; 0.3841; 0.0000
0.0000; 0.8000; 0.0000; 0.0000; 0.0000; 0.0000; 0.2000; 0.0000; 0.0000
0.0759; 0.1034; 0.0000; 0.0000; 0.0000; 0.2828; 0.0414; 0.4966; 0.0000
Bootstrap 25
Run TT with 236 training and 118 tests
Run CD with 385 training and 193 tests
Run FKW with 154 training and 77 tests
Run KW with 194 training and 98 tests
Run LPLT with 84 training and 43 tests
Run RD with 302 training and 151 tests
Run WBD with 9 training and 5 tests
Run WSD with 290 training and 145 tests
Confusion Matrix 26.0
0.3898; 0.2966; 0.0678; 0.0000; 0.0169; 0.0339; 0.1102; 0.0847; 0.0000
0.0829; 0.4352; 0.0207; 0.0000; 0.0000; 0.1658; 0.1917; 0.1036; 0.0000
0.0000; 0.0260; 0.9610; 0.0000; 0.0130; 0.0000; 0.0000; 0.0000; 0.0000
0.0000; 0.0000; 0.0714; 0.6224; 0.2857; 0.0000; 0.0204; 0.0000; 0.0000
0.0000; 0.0000; 0.0000; 0.2558; 0.7442; 0.0000; 0.0000; 0.0000; 0.0000
0.1192; 0.1656; 0.0066; 0.0066; 0.0662; 0.4040; 0.1192; 0.1126; 0.0000
0.0000; 0.0000; 0.0000; 0.0000; 0.0000; 0.0000; 1.0000; 0.0000; 0.0000
0.1172; 0.1034; 0.0069; 0.0000; 0.0069; 0.2897; 0.0414; 0.4345; 0.0000
Bootstrap 26
Run TT with 236 training and 118 tests
Run CD with 385 training and 193 tests
Run FKW with 154 training and 77 tests
Run KW with 194 training and 98 tests
Run LPLT with 84 training and 43 tests
Run RD with 302 training and 151 tests
Run WBD with 9 training and 5 tests
Run WSD with 290 training and 145 tests
Confusion Matrix 27.0
0.3390; 0.2797; 0.0424; 0.0000; 0.0169; 0.0678; 0.1356; 0.1186; 0.0000
0.0881; 0.3886; 0.0104; 0.0000; 0.0000; 0.1295; 0.2798; 0.1036; 0.0000
0.0000; 0.0390; 0.9221; 0.0130; 0.0130; 0.0000; 0.0130; 0.0000; 0.0000
0.0000; 0.0000; 0.0408; 0.7755; 0.1837; 0.0000; 0.0000; 0.0000; 0.0000
0.0000; 0.0000; 0.0465; 0.4419; 0.5116; 0.0000; 0.0000; 0.0000; 0.0000
0.0132; 0.0397; 0.0066; 0.0132; 0.0265; 0.5033; 0.0199; 0.3775; 0.0000
0.0000; 0.2000; 0.0000; 0.0000; 0.0000; 0.0000; 0.8000; 0.0000; 0.0000
0.0759; 0.0966; 0.0000; 0.0000; 0.0069; 0.2552; 0.0552; 0.5103; 0.0000
Bootstrap 27
Run TT with 236 training and 118 tests
Run CD with 385 training and 193 tests
Run FKW with 154 training and 77 tests
Run KW with 194 training and 98 tests
Run LPLT with 84 training and 43 tests
Run RD with 302 training and 151 tests
Run WBD with 9 training and 5 tests
Run WSD with 290 training and 145 tests
Confusion Matrix 28.0
0.7034; 0.0678; 0.0254; 0.0000; 0.0254; 0.0339; 0.0169; 0.1271; 0.0000
0.0777; 0.4352; 0.0207; 0.0000; 0.0000; 0.1710; 0.2591; 0.0363; 0.0000
0.0000; 0.0130; 0.7922; 0.0649; 0.1169; 0.0000; 0.0130; 0.0000; 0.0000
0.0000; 0.0000; 0.0918; 0.6939; 0.1735; 0.0000; 0.0408; 0.0000; 0.0000
0.0000; 0.0000; 0.0000; 0.6279; 0.3721; 0.0000; 0.0000; 0.0000; 0.0000
0.0199; 0.1325; 0.0000; 0.0000; 0.0000; 0.4106; 0.0397; 0.3974; 0.0000
0.0000; 0.2000; 0.0000; 0.0000; 0.0000; 0.0000; 0.8000; 0.0000; 0.0000
0.1103; 0.1310; 0.0138; 0.0000; 0.0000; 0.2138; 0.0483; 0.4828; 0.0000
Bootstrap 28
Run TT with 236 training and 118 tests
Run CD with 385 training and 193 tests
Run FKW with 154 training and 77 tests
Run KW with 194 training and 98 tests
Run LPLT with 84 training and 43 tests
Run RD with 302 training and 151 tests
Run WBD with 9 training and 5 tests
Run WSD with 290 training and 145 tests
Confusion Matrix 29.0
0.6610; 0.0763; 0.0254; 0.0085; 0.0085; 0.0254; 0.0763; 0.1186; 0.0000
0.1088; 0.3575; 0.0155; 0.0000; 0.0000; 0.2902; 0.1399; 0.0881; 0.0000
0.0130; 0.0390; 0.9351; 0.0130; 0.0000; 0.0000; 0.0000; 0.0000; 0.0000
0.0000; 0.0000; 0.0918; 0.6122; 0.2755; 0.0000; 0.0204; 0.0000; 0.0000
0.0233; 0.0000; 0.0930; 0.2093; 0.6512; 0.0000; 0.0233; 0.0000; 0.0000
0.1325; 0.1523; 0.0331; 0.0132; 0.0530; 0.4437; 0.0397; 0.1325; 0.0000
0.0000; 0.4000; 0.0000; 0.0000; 0.0000; 0.2000; 0.4000; 0.0000; 0.0000
0.0828; 0.0828; 0.0000; 0.0000; 0.0000; 0.3172; 0.0345; 0.4828; 0.0000
Bootstrap 29
Run TT with 236 training and 118 tests
Run CD with 385 training and 193 tests
Run FKW with 154 training and 77 tests
Run KW with 194 training and 98 tests
Run LPLT with 84 training and 43 tests
Run RD with 302 training and 151 tests
Run WBD with 9 training and 5 tests
Run WSD with 290 training and 145 tests
Confusion Matrix 30.0
0.4237; 0.1949; 0.0339; 0.0085; 0.0085; 0.1186; 0.1356; 0.0763; 0.0000
0.1295; 0.3523; 0.0155; 0.0000; 0.0000; 0.3368; 0.0570; 0.1088; 0.0000
0.0000; 0.0000; 0.8442; 0.0519; 0.0779; 0.0000; 0.0260; 0.0000; 0.0000
0.0000; 0.0000; 0.0306; 0.7245; 0.2347; 0.0000; 0.0102; 0.0000; 0.0000
0.0233; 0.0000; 0.0465; 0.2791; 0.6279; 0.0000; 0.0233; 0.0000; 0.0000
0.0132; 0.0662; 0.0000; 0.0000; 0.0000; 0.6689; 0.0000; 0.2517; 0.0000
0.0000; 0.2000; 0.0000; 0.0000; 0.0000; 0.0000; 0.8000; 0.0000; 0.0000
0.0966; 0.0552; 0.0000; 0.0000; 0.0000; 0.3586; 0.0483; 0.4414; 0.0000
Mean confusion
0.6071; 0.1438; 0.0398; 0.0014; 0.0124; 0.0497; 0.0562; 0.0895; 0.0000
0.0896; 0.3794; 0.0107; 0.0000; 0.0007; 0.1891; 0.2585; 0.0718; 0.0000
0.0022; 0.0212; 0.8866; 0.0216; 0.0459; 0.0009; 0.0199; 0.0017; 0.0000
0.0000; 0.0000; 0.0633; 0.6891; 0.2245; 0.0000; 0.0231; 0.0000; 0.0000
0.0062; 0.0008; 0.0450; 0.3496; 0.5891; 0.0000; 0.0093; 0.0000; 0.0000
0.0578; 0.1102; 0.0099; 0.0066; 0.0216; 0.4823; 0.0539; 0.2576; 0.0000
0.0000; 0.2267; 0.0000; 0.0000; 0.0000; 0.0067; 0.7600; 0.0067; 0.0000
0.0977; 0.0825; 0.0030; 0.0005; 0.0021; 0.2959; 0.0543; 0.4641; 0.0000
STD Confusion
0.1909; 0.1085; 0.0181; 0.0032; 0.0076; 0.0364; 0.0462; 0.0417; 0.0000
0.0330; 0.0510; 0.0072; 0.0000; 0.0018; 0.0660; 0.1063; 0.0320; 0.0000
0.0049; 0.0182; 0.0401; 0.0265; 0.0305; 0.0033; 0.0173; 0.0045; 0.0000
0.0000; 0.0000; 0.0355; 0.0972; 0.0714; 0.0000; 0.0167; 0.0000; 0.0000
0.0121; 0.0042; 0.0514; 0.2006; 0.1550; 0.0000; 0.0179; 0.0000; 0.0000
0.0503; 0.0496; 0.0125; 0.0085; 0.0245; 0.0945; 0.0419; 0.0917; 0.0000
0.0000; 0.1363; 0.0000; 0.0000; 0.0000; 0.0365; 0.1429; 0.0365; 0.0000
0.0171; 0.0218; 0.0047; 0.0017; 0.0041; 0.0423; 0.0138; 0.0327; 0.0000
Lower 95% CI
0.3390; 0.0085; 0.0085; 0.0000; 0.0000; 0.0085; 0.0000; 0.0169; 0.0000
0.0259; 0.3005; 0.0000; 0.0000; 0.0000; 0.0881; 0.0570; 0.0104; 0.0000
0.0000; 0.0000; 0.7922; 0.0000; 0.0000; 0.0000; 0.0000; 0.0000; 0.0000
0.0000; 0.0000; 0.0102; 0.5306; 0.0816; 0.0000; 0.0000; 0.0000; 0.0000
0.0000; 0.0000; 0.0000; 0.0698; 0.2558; 0.0000; 0.0000; 0.0000; 0.0000
0.0000; 0.0132; 0.0000; 0.0000; 0.0000; 0.3444; 0.0000; 0.1060; 0.0000
0.0000; 0.0000; 0.0000; 0.0000; 0.0000; 0.0000; 0.2000; 0.0000; 0.0000
0.0552; 0.0483; 0.0000; 0.0000; 0.0000; 0.2069; 0.0276; 0.4000; 0.0000
Upper 95% CI
0.8814; 0.3305; 0.0763; 0.0085; 0.0254; 0.1525; 0.1356; 0.1780; 0.0000
0.1503; 0.4922; 0.0311; 0.0000; 0.0052; 0.3368; 0.4197; 0.1192; 0.0000
0.0130; 0.0779; 0.9610; 0.1039; 0.1169; 0.0130; 0.0649; 0.0130; 0.0000
0.0000; 0.0000; 0.1429; 0.8878; 0.3367; 0.0000; 0.0510; 0.0000; 0.0000
0.0465; 0.0233; 0.1860; 0.7442; 0.8605; 0.0000; 0.0698; 0.0000; 0.0000
0.1325; 0.1788; 0.0397; 0.0331; 0.0662; 0.6689; 0.1457; 0.3974; 0.0000
0.0000; 0.8000; 0.0000; 0.0000; 0.0000; 0.2000; 1.0000; 0.2000; 0.0000
0.1448; 0.1310; 0.0138; 0.0069; 0.0138; 0.3931; 0.0828; 0.5103; 0.0000
Run TT with 354 training and 0 tests
Run CD with 578 training and 0 tests
Run FKW with 231 training and 0 tests
Run KW with 292 training and 0 tests
Run LPLT with 127 training and 0 tests
Run RD with 453 training and 0 tests
Run WBD with 14 training and 0 tests
Run WSD with 435 training and 0 tests