Total Bootstraps 30
Num Species 8
FragmentLength 26; Section Length 45
TT; CD; FKW; KW; LPLT; RD; WBD; WSD
Bootstrap 0
Run TT with 137 training and 69 tests
Run CD with 226 training and 113 tests
Run FKW with 92 training and 47 tests
Run KW with 112 training and 56 tests
Run LPLT with 49 training and 25 tests
Run RD with 174 training and 87 tests
Run WBD with 5 training and 3 tests
Run WSD with 166 training and 84 tests
Confusion Matrix 1.0
0.3913; 0.3478; 0.0725; 0.0000; 0.0000; 0.0435; 0.0870; 0.0580; 0.0000
0.0442; 0.4867; 0.0088; 0.0000; 0.0000; 0.0708; 0.3628; 0.0265; 0.0000
0.0000; 0.0851; 0.8936; 0.0000; 0.0213; 0.0000; 0.0000; 0.0000; 0.0000
0.0000; 0.0000; 0.0536; 0.7321; 0.1964; 0.0000; 0.0179; 0.0000; 0.0000
0.0000; 0.0000; 0.0800; 0.0800; 0.8400; 0.0000; 0.0000; 0.0000; 0.0000
0.0690; 0.2299; 0.0000; 0.0000; 0.0000; 0.4368; 0.0690; 0.1954; 0.0000
0.0000; 0.3333; 0.0000; 0.0000; 0.0000; 0.0000; 0.6667; 0.0000; 0.0000
0.0595; 0.0833; 0.0000; 0.0000; 0.0119; 0.3095; 0.0357; 0.5000; 0.0000
Bootstrap 1
Run TT with 137 training and 69 tests
Run CD with 226 training and 113 tests
Run FKW with 92 training and 47 tests
Run KW with 112 training and 56 tests
Run LPLT with 49 training and 25 tests
Run RD with 174 training and 87 tests
Run WBD with 5 training and 3 tests
Run WSD with 166 training and 84 tests
Confusion Matrix 2.0
0.4058; 0.2464; 0.0435; 0.0000; 0.0000; 0.0290; 0.1594; 0.1159; 0.0000
0.0354; 0.5221; 0.0000; 0.0000; 0.0000; 0.0796; 0.3363; 0.0265; 0.0000
0.0000; 0.0213; 0.8511; 0.0426; 0.0638; 0.0213; 0.0000; 0.0000; 0.0000
0.0000; 0.0000; 0.0536; 0.7857; 0.1607; 0.0000; 0.0000; 0.0000; 0.0000
0.0000; 0.0000; 0.0000; 0.7200; 0.2800; 0.0000; 0.0000; 0.0000; 0.0000
0.0690; 0.1954; 0.0000; 0.0000; 0.0000; 0.4713; 0.0690; 0.1954; 0.0000
0.0000; 0.3333; 0.0000; 0.0000; 0.0000; 0.0000; 0.6667; 0.0000; 0.0000
0.0714; 0.0952; 0.0000; 0.0000; 0.0000; 0.2857; 0.0476; 0.5000; 0.0000
Bootstrap 2
Run TT with 137 training and 69 tests
Run CD with 226 training and 113 tests
Run FKW with 92 training and 47 tests
Run KW with 112 training and 56 tests
Run LPLT with 49 training and 25 tests
Run RD with 174 training and 87 tests
Run WBD with 5 training and 3 tests
Run WSD with 166 training and 84 tests
Confusion Matrix 3.0
0.8986; 0.0145; 0.0145; 0.0000; 0.0000; 0.0000; 0.0000; 0.0725; 0.0000
0.1327; 0.4690; 0.0000; 0.0000; 0.0000; 0.1239; 0.1858; 0.0885; 0.0000
0.0000; 0.0213; 0.9787; 0.0000; 0.0000; 0.0000; 0.0000; 0.0000; 0.0000
0.0000; 0.0000; 0.1250; 0.6071; 0.2679; 0.0000; 0.0000; 0.0000; 0.0000
0.0000; 0.0000; 0.1200; 0.0000; 0.8800; 0.0000; 0.0000; 0.0000; 0.0000
0.1149; 0.1379; 0.0000; 0.0000; 0.0230; 0.4713; 0.0460; 0.2069; 0.0000
0.0000; 0.3333; 0.0000; 0.0000; 0.0000; 0.0000; 0.6667; 0.0000; 0.0000
0.0833; 0.0595; 0.0000; 0.0000; 0.0000; 0.3690; 0.0357; 0.4524; 0.0000
Bootstrap 3
Run TT with 137 training and 69 tests
Run CD with 226 training and 113 tests
Run FKW with 92 training and 47 tests
Run KW with 112 training and 56 tests
Run LPLT with 49 training and 25 tests
Run RD with 174 training and 87 tests
Run WBD with 5 training and 3 tests
Run WSD with 166 training and 84 tests
Confusion Matrix 4.0
0.4638; 0.2464; 0.0435; 0.0000; 0.0000; 0.0725; 0.1159; 0.0580; 0.0000
0.0885; 0.4248; 0.0000; 0.0000; 0.0000; 0.2301; 0.1504; 0.1062; 0.0000
0.0000; 0.0213; 0.9362; 0.0213; 0.0213; 0.0000; 0.0000; 0.0000; 0.0000
0.0000; 0.0000; 0.1071; 0.7143; 0.1786; 0.0000; 0.0000; 0.0000; 0.0000
0.0000; 0.0000; 0.0000; 0.4000; 0.6000; 0.0000; 0.0000; 0.0000; 0.0000
0.0115; 0.0115; 0.0000; 0.0000; 0.0000; 0.6552; 0.0000; 0.3218; 0.0000
0.0000; 0.0000; 0.0000; 0.0000; 0.0000; 0.3333; 0.6667; 0.0000; 0.0000
0.0714; 0.0595; 0.0000; 0.0000; 0.0119; 0.2738; 0.0238; 0.5595; 0.0000
Bootstrap 4
Run TT with 137 training and 69 tests
Run CD with 226 training and 113 tests
Run FKW with 92 training and 47 tests
Run KW with 112 training and 56 tests
Run LPLT with 49 training and 25 tests
Run RD with 174 training and 87 tests
Run WBD with 5 training and 3 tests
Run WSD with 166 training and 84 tests
Confusion Matrix 5.0
0.8986; 0.0145; 0.0000; 0.0000; 0.0000; 0.0435; 0.0000; 0.0435; 0.0000
0.0796; 0.4602; 0.0000; 0.0000; 0.0000; 0.2832; 0.0973; 0.0796; 0.0000
0.0000; 0.0426; 0.9362; 0.0213; 0.0000; 0.0000; 0.0000; 0.0000; 0.0000
0.0000; 0.0000; 0.0536; 0.8571; 0.0893; 0.0000; 0.0000; 0.0000; 0.0000
0.0000; 0.0000; 0.0400; 0.0800; 0.8400; 0.0000; 0.0400; 0.0000; 0.0000
0.0000; 0.0115; 0.0000; 0.0000; 0.0000; 0.7011; 0.0115; 0.2759; 0.0000
0.0000; 0.0000; 0.0000; 0.0000; 0.0000; 0.0000; 1.0000; 0.0000; 0.0000
0.0595; 0.0357; 0.0000; 0.0000; 0.0119; 0.3214; 0.0119; 0.5595; 0.0000
Bootstrap 5
Run TT with 137 training and 69 tests
Run CD with 226 training and 113 tests
Run FKW with 92 training and 47 tests
Run KW with 112 training and 56 tests
Run LPLT with 49 training and 25 tests
Run RD with 174 training and 87 tests
Run WBD with 5 training and 3 tests
Run WSD with 166 training and 84 tests
Confusion Matrix 6.0
0.4493; 0.2609; 0.0580; 0.0000; 0.0000; 0.0435; 0.1159; 0.0725; 0.0000
0.0442; 0.5841; 0.0000; 0.0000; 0.0000; 0.0531; 0.2832; 0.0354; 0.0000
0.0000; 0.0213; 0.8936; 0.0000; 0.0638; 0.0000; 0.0213; 0.0000; 0.0000
0.0000; 0.0000; 0.0714; 0.7321; 0.1786; 0.0000; 0.0179; 0.0000; 0.0000
0.0000; 0.0000; 0.0000; 0.5600; 0.4400; 0.0000; 0.0000; 0.0000; 0.0000
0.0920; 0.1724; 0.0345; 0.0115; 0.0460; 0.4253; 0.1034; 0.1149; 0.0000
0.0000; 0.3333; 0.0000; 0.0000; 0.0000; 0.0000; 0.6667; 0.0000; 0.0000
0.0833; 0.0714; 0.0000; 0.0000; 0.0119; 0.2976; 0.0357; 0.5000; 0.0000
Bootstrap 6
Run TT with 137 training and 69 tests
Run CD with 226 training and 113 tests
Run FKW with 92 training and 47 tests
Run KW with 112 training and 56 tests
Run LPLT with 49 training and 25 tests
Run RD with 174 training and 87 tests
Run WBD with 5 training and 3 tests
Run WSD with 166 training and 84 tests
Confusion Matrix 7.0
0.8841; 0.0145; 0.0290; 0.0000; 0.0000; 0.0290; 0.0000; 0.0435; 0.0000
0.1327; 0.4159; 0.0088; 0.0000; 0.0000; 0.2832; 0.0619; 0.0973; 0.0000
0.0000; 0.0426; 0.8511; 0.0213; 0.0426; 0.0000; 0.0426; 0.0000; 0.0000
0.0000; 0.0000; 0.0357; 0.8929; 0.0714; 0.0000; 0.0000; 0.0000; 0.0000
0.0000; 0.0000; 0.0000; 0.6400; 0.3600; 0.0000; 0.0000; 0.0000; 0.0000
0.0230; 0.0115; 0.0000; 0.0000; 0.0000; 0.5287; 0.0115; 0.4253; 0.0000
0.0000; 0.3333; 0.0000; 0.0000; 0.0000; 0.0000; 0.6667; 0.0000; 0.0000
0.0952; 0.0595; 0.0000; 0.0000; 0.0000; 0.1905; 0.0476; 0.6071; 0.0000
Bootstrap 7
Run TT with 137 training and 69 tests
Run CD with 226 training and 113 tests
Run FKW with 92 training and 47 tests
Run KW with 112 training and 56 tests
Run LPLT with 49 training and 25 tests
Run RD with 174 training and 87 tests
Run WBD with 5 training and 3 tests
Run WSD with 166 training and 84 tests
Confusion Matrix 8.0
0.8986; 0.0145; 0.0290; 0.0000; 0.0000; 0.0000; 0.0000; 0.0580; 0.0000
0.0619; 0.4159; 0.0000; 0.0000; 0.0000; 0.0973; 0.4248; 0.0000; 0.0000
0.0000; 0.0000; 0.9787; 0.0213; 0.0000; 0.0000; 0.0000; 0.0000; 0.0000
0.0000; 0.0000; 0.0357; 0.8571; 0.1071; 0.0000; 0.0000; 0.0000; 0.0000
0.0000; 0.0000; 0.0000; 0.7200; 0.2800; 0.0000; 0.0000; 0.0000; 0.0000
0.0115; 0.0690; 0.0000; 0.0000; 0.0000; 0.5517; 0.0000; 0.3678; 0.0000
0.0000; 0.0000; 0.0000; 0.0000; 0.0000; 0.0000; 1.0000; 0.0000; 0.0000
0.0595; 0.0714; 0.0000; 0.0000; 0.0000; 0.3095; 0.0595; 0.5000; 0.0000
Bootstrap 8
Run TT with 137 training and 69 tests
Run CD with 226 training and 113 tests
Run FKW with 92 training and 47 tests
Run KW with 112 training and 56 tests
Run LPLT with 49 training and 25 tests
Run RD with 174 training and 87 tests
Run WBD with 5 training and 3 tests
Run WSD with 166 training and 84 tests
Confusion Matrix 9.0
0.4348; 0.3188; 0.0435; 0.0000; 0.0000; 0.0580; 0.1014; 0.0435; 0.0000
0.0354; 0.6460; 0.0000; 0.0000; 0.0000; 0.0796; 0.2212; 0.0177; 0.0000
0.0000; 0.0638; 0.9149; 0.0213; 0.0000; 0.0000; 0.0000; 0.0000; 0.0000
0.0000; 0.0000; 0.0000; 0.6607; 0.3036; 0.0000; 0.0357; 0.0000; 0.0000
0.0000; 0.0000; 0.0400; 0.1200; 0.8400; 0.0000; 0.0000; 0.0000; 0.0000
0.0575; 0.1839; 0.0000; 0.0000; 0.0000; 0.4828; 0.0805; 0.1954; 0.0000
0.0000; 0.3333; 0.0000; 0.0000; 0.0000; 0.0000; 0.3333; 0.3333; 0.0000
0.0357; 0.1071; 0.0000; 0.0000; 0.0000; 0.3690; 0.0357; 0.4524; 0.0000
Bootstrap 9
Run TT with 137 training and 69 tests
Run CD with 226 training and 113 tests
Run FKW with 92 training and 47 tests
Run KW with 112 training and 56 tests
Run LPLT with 49 training and 25 tests
Run RD with 174 training and 87 tests
Run WBD with 5 training and 3 tests
Run WSD with 166 training and 84 tests
Confusion Matrix 10.0
0.6377; 0.1594; 0.0145; 0.0000; 0.0145; 0.0725; 0.0145; 0.0870; 0.0000
0.2035; 0.3451; 0.0088; 0.0000; 0.0000; 0.2655; 0.0531; 0.1239; 0.0000
0.0000; 0.0000; 0.9362; 0.0000; 0.0426; 0.0000; 0.0213; 0.0000; 0.0000
0.0000; 0.0000; 0.0179; 0.8036; 0.1429; 0.0000; 0.0357; 0.0000; 0.0000
0.0000; 0.0000; 0.0000; 0.3200; 0.6800; 0.0000; 0.0000; 0.0000; 0.0000
0.0805; 0.1609; 0.0115; 0.0000; 0.0805; 0.4368; 0.0805; 0.1494; 0.0000
0.0000; 0.0000; 0.0000; 0.0000; 0.0000; 0.3333; 0.6667; 0.0000; 0.0000
0.0357; 0.0833; 0.0000; 0.0000; 0.0000; 0.4286; 0.0119; 0.4405; 0.0000
Bootstrap 10
Run TT with 137 training and 69 tests
Run CD with 226 training and 113 tests
Run FKW with 92 training and 47 tests
Run KW with 112 training and 56 tests
Run LPLT with 49 training and 25 tests
Run RD with 174 training and 87 tests
Run WBD with 5 training and 3 tests
Run WSD with 166 training and 84 tests
Confusion Matrix 11.0
0.9275; 0.0000; 0.0435; 0.0000; 0.0000; 0.0000; 0.0000; 0.0290; 0.0000
0.0531; 0.4425; 0.0000; 0.0000; 0.0000; 0.0619; 0.4248; 0.0177; 0.0000
0.0000; 0.0213; 0.9574; 0.0000; 0.0213; 0.0000; 0.0000; 0.0000; 0.0000
0.0000; 0.0000; 0.0000; 0.8214; 0.1607; 0.0000; 0.0179; 0.0000; 0.0000
0.0000; 0.0000; 0.0000; 0.2000; 0.8000; 0.0000; 0.0000; 0.0000; 0.0000
0.1034; 0.1609; 0.0230; 0.0000; 0.0575; 0.4138; 0.0920; 0.1494; 0.0000
0.0000; 0.0000; 0.0000; 0.0000; 0.0000; 0.0000; 1.0000; 0.0000; 0.0000
0.0833; 0.0833; 0.0119; 0.0000; 0.0000; 0.3333; 0.0357; 0.4524; 0.0000
Bootstrap 11
Run TT with 137 training and 69 tests
Run CD with 226 training and 113 tests
Run FKW with 92 training and 47 tests
Run KW with 112 training and 56 tests
Run LPLT with 49 training and 25 tests
Run RD with 174 training and 87 tests
Run WBD with 5 training and 3 tests
Run WSD with 166 training and 84 tests
Confusion Matrix 12.0
0.7536; 0.1304; 0.0000; 0.0000; 0.0000; 0.0290; 0.0290; 0.0580; 0.0000
0.0619; 0.5221; 0.0000; 0.0000; 0.0000; 0.1239; 0.2743; 0.0177; 0.0000
0.0000; 0.0000; 0.9362; 0.0426; 0.0213; 0.0000; 0.0000; 0.0000; 0.0000
0.0000; 0.0000; 0.0357; 0.7679; 0.1429; 0.0000; 0.0536; 0.0000; 0.0000
0.0000; 0.0000; 0.0000; 0.6000; 0.4000; 0.0000; 0.0000; 0.0000; 0.0000
0.0115; 0.0575; 0.0000; 0.0000; 0.0000; 0.7011; 0.0000; 0.2299; 0.0000
0.0000; 0.3333; 0.0000; 0.0000; 0.0000; 0.0000; 0.6667; 0.0000; 0.0000
0.0476; 0.1190; 0.0000; 0.0000; 0.0000; 0.2857; 0.0595; 0.4881; 0.0000
Bootstrap 12
Run TT with 137 training and 69 tests
Run CD with 226 training and 113 tests
Run FKW with 92 training and 47 tests
Run KW with 112 training and 56 tests
Run LPLT with 49 training and 25 tests
Run RD with 174 training and 87 tests
Run WBD with 5 training and 3 tests
Run WSD with 166 training and 84 tests
Confusion Matrix 13.0
0.8696; 0.0000; 0.0580; 0.0000; 0.0000; 0.0290; 0.0000; 0.0435; 0.0000
0.1150; 0.3540; 0.0000; 0.0000; 0.0000; 0.2920; 0.1593; 0.0796; 0.0000
0.0213; 0.0426; 0.9362; 0.0000; 0.0000; 0.0000; 0.0000; 0.0000; 0.0000
0.0000; 0.0000; 0.0357; 0.5357; 0.4286; 0.0000; 0.0000; 0.0000; 0.0000
0.0000; 0.0000; 0.1200; 0.0800; 0.8000; 0.0000; 0.0000; 0.0000; 0.0000
0.0230; 0.0345; 0.0000; 0.0000; 0.0000; 0.6667; 0.0000; 0.2759; 0.0000
0.0000; 0.3333; 0.0000; 0.0000; 0.0000; 0.0000; 0.6667; 0.0000; 0.0000
0.0595; 0.0476; 0.0000; 0.0000; 0.0119; 0.3333; 0.0238; 0.5238; 0.0000
Bootstrap 13
Run TT with 137 training and 69 tests
Run CD with 226 training and 113 tests
Run FKW with 92 training and 47 tests
Run KW with 112 training and 56 tests
Run LPLT with 49 training and 25 tests
Run RD with 174 training and 87 tests
Run WBD with 5 training and 3 tests
Run WSD with 166 training and 84 tests
Confusion Matrix 14.0
0.4493; 0.3043; 0.0725; 0.0000; 0.0000; 0.0435; 0.0580; 0.0725; 0.0000
0.0885; 0.5487; 0.0088; 0.0000; 0.0000; 0.2301; 0.0531; 0.0708; 0.0000
0.0000; 0.0426; 0.9362; 0.0000; 0.0213; 0.0000; 0.0000; 0.0000; 0.0000
0.0000; 0.0000; 0.0357; 0.6071; 0.3571; 0.0000; 0.0000; 0.0000; 0.0000
0.0000; 0.0000; 0.0000; 0.1600; 0.8400; 0.0000; 0.0000; 0.0000; 0.0000
0.1034; 0.1609; 0.0230; 0.0000; 0.0460; 0.4368; 0.0805; 0.1494; 0.0000
0.0000; 1.0000; 0.0000; 0.0000; 0.0000; 0.0000; 0.0000; 0.0000; 0.0000
0.0952; 0.0476; 0.0000; 0.0000; 0.0000; 0.3452; 0.0238; 0.4881; 0.0000
Bootstrap 14
Run TT with 137 training and 69 tests
Run CD with 226 training and 113 tests
Run FKW with 92 training and 47 tests
Run KW with 112 training and 56 tests
Run LPLT with 49 training and 25 tests
Run RD with 174 training and 87 tests
Run WBD with 5 training and 3 tests
Run WSD with 166 training and 84 tests
Confusion Matrix 15.0
0.8841; 0.0000; 0.0145; 0.0000; 0.0000; 0.0000; 0.0290; 0.0725; 0.0000
0.0619; 0.4867; 0.0000; 0.0000; 0.0000; 0.1681; 0.2389; 0.0442; 0.0000
0.0000; 0.0213; 0.7872; 0.0213; 0.1064; 0.0000; 0.0638; 0.0000; 0.0000
0.0000; 0.0000; 0.0536; 0.8393; 0.1071; 0.0000; 0.0000; 0.0000; 0.0000
0.0000; 0.0000; 0.0000; 0.8000; 0.2000; 0.0000; 0.0000; 0.0000; 0.0000
0.0230; 0.0230; 0.0000; 0.0000; 0.0000; 0.5287; 0.0115; 0.4138; 0.0000
0.0000; 0.0000; 0.0000; 0.0000; 0.0000; 0.0000; 1.0000; 0.0000; 0.0000
0.0833; 0.0952; 0.0000; 0.0000; 0.0000; 0.1905; 0.0357; 0.5952; 0.0000
Bootstrap 15
Run TT with 137 training and 69 tests
Run CD with 226 training and 113 tests
Run FKW with 92 training and 47 tests
Run KW with 112 training and 56 tests
Run LPLT with 49 training and 25 tests
Run RD with 174 training and 87 tests
Run WBD with 5 training and 3 tests
Run WSD with 166 training and 84 tests
Confusion Matrix 16.0
0.6522; 0.1449; 0.0000; 0.0000; 0.0145; 0.0580; 0.0290; 0.1014; 0.0000
0.0885; 0.2920; 0.0000; 0.0000; 0.0000; 0.2832; 0.2212; 0.1150; 0.0000
0.0000; 0.0000; 0.9149; 0.0638; 0.0000; 0.0213; 0.0000; 0.0000; 0.0000
0.0000; 0.0000; 0.0179; 0.9286; 0.0536; 0.0000; 0.0000; 0.0000; 0.0000
0.0000; 0.0000; 0.0000; 0.5200; 0.4800; 0.0000; 0.0000; 0.0000; 0.0000
0.0000; 0.0805; 0.0000; 0.0000; 0.0000; 0.5172; 0.0000; 0.4023; 0.0000
0.0000; 0.0000; 0.0000; 0.0000; 0.0000; 0.0000; 1.0000; 0.0000; 0.0000
0.0714; 0.0357; 0.0000; 0.0000; 0.0119; 0.2738; 0.0357; 0.5714; 0.0000
Bootstrap 16
Run TT with 137 training and 69 tests
Run CD with 226 training and 113 tests
Run FKW with 92 training and 47 tests
Run KW with 112 training and 56 tests
Run LPLT with 49 training and 25 tests
Run RD with 174 training and 87 tests
Run WBD with 5 training and 3 tests
Run WSD with 166 training and 84 tests
Confusion Matrix 17.0
0.7101; 0.1014; 0.0290; 0.0000; 0.0000; 0.0145; 0.0435; 0.1014; 0.0000
0.0619; 0.6106; 0.0000; 0.0000; 0.0000; 0.1062; 0.2212; 0.0000; 0.0000
0.0000; 0.0000; 0.9574; 0.0000; 0.0000; 0.0213; 0.0213; 0.0000; 0.0000
0.0000; 0.0000; 0.0179; 0.8214; 0.1071; 0.0000; 0.0536; 0.0000; 0.0000
0.0000; 0.0000; 0.0800; 0.0000; 0.9200; 0.0000; 0.0000; 0.0000; 0.0000
0.1034; 0.1954; 0.0230; 0.0000; 0.0230; 0.3908; 0.0920; 0.1724; 0.0000
0.0000; 0.3333; 0.0000; 0.0000; 0.0000; 0.0000; 0.6667; 0.0000; 0.0000
0.0476; 0.1190; 0.0000; 0.0000; 0.0000; 0.2262; 0.0476; 0.5595; 0.0000
Bootstrap 17
Run TT with 137 training and 69 tests
Run CD with 226 training and 113 tests
Run FKW with 92 training and 47 tests
Run KW with 112 training and 56 tests
Run LPLT with 49 training and 25 tests
Run RD with 174 training and 87 tests
Run WBD with 5 training and 3 tests
Run WSD with 166 training and 84 tests
Confusion Matrix 18.0
0.7681; 0.0870; 0.0000; 0.0000; 0.0000; 0.0580; 0.0435; 0.0435; 0.0000
0.1858; 0.3540; 0.0177; 0.0000; 0.0000; 0.2389; 0.1681; 0.0354; 0.0000
0.0213; 0.0213; 0.9149; 0.0000; 0.0426; 0.0000; 0.0000; 0.0000; 0.0000
0.0000; 0.0000; 0.0714; 0.6786; 0.2500; 0.0000; 0.0000; 0.0000; 0.0000
0.0000; 0.0000; 0.0000; 0.2000; 0.8000; 0.0000; 0.0000; 0.0000; 0.0000
0.0920; 0.1954; 0.0115; 0.0000; 0.0460; 0.4483; 0.0575; 0.1494; 0.0000
0.0000; 0.0000; 0.0000; 0.0000; 0.0000; 0.0000; 1.0000; 0.0000; 0.0000
0.0595; 0.0833; 0.0000; 0.0000; 0.0000; 0.2976; 0.0357; 0.5238; 0.0000
Bootstrap 18
Run TT with 137 training and 69 tests
Run CD with 226 training and 113 tests
Run FKW with 92 training and 47 tests
Run KW with 112 training and 56 tests
Run LPLT with 49 training and 25 tests
Run RD with 174 training and 87 tests
Run WBD with 5 training and 3 tests
Run WSD with 166 training and 84 tests
Confusion Matrix 19.0
0.4783; 0.3333; 0.0290; 0.0000; 0.0000; 0.0435; 0.0725; 0.0435; 0.0000
0.0442; 0.5133; 0.0000; 0.0000; 0.0000; 0.0885; 0.3451; 0.0088; 0.0000
0.0000; 0.0000; 0.8298; 0.0213; 0.1064; 0.0000; 0.0426; 0.0000; 0.0000
0.0000; 0.0000; 0.0536; 0.8393; 0.1071; 0.0000; 0.0000; 0.0000; 0.0000
0.0000; 0.0000; 0.0000; 0.3200; 0.6800; 0.0000; 0.0000; 0.0000; 0.0000
0.0920; 0.1379; 0.0230; 0.0230; 0.0345; 0.4253; 0.0920; 0.1724; 0.0000
0.0000; 0.0000; 0.0000; 0.0000; 0.0000; 0.0000; 1.0000; 0.0000; 0.0000
0.0714; 0.1190; 0.0000; 0.0000; 0.0000; 0.2619; 0.0357; 0.5119; 0.0000
Bootstrap 19
Run TT with 137 training and 69 tests
Run CD with 226 training and 113 tests
Run FKW with 92 training and 47 tests
Run KW with 112 training and 56 tests
Run LPLT with 49 training and 25 tests
Run RD with 174 training and 87 tests
Run WBD with 5 training and 3 tests
Run WSD with 166 training and 84 tests
Confusion Matrix 20.0
0.7391; 0.1159; 0.0145; 0.0000; 0.0000; 0.0145; 0.0580; 0.0580; 0.0000
0.0885; 0.4248; 0.0088; 0.0000; 0.0000; 0.3097; 0.0708; 0.0973; 0.0000
0.0000; 0.0426; 0.9574; 0.0000; 0.0000; 0.0000; 0.0000; 0.0000; 0.0000
0.0000; 0.0000; 0.0536; 0.6964; 0.2321; 0.0000; 0.0179; 0.0000; 0.0000
0.0000; 0.0000; 0.0000; 0.4000; 0.6000; 0.0000; 0.0000; 0.0000; 0.0000
0.0115; 0.0115; 0.0000; 0.0000; 0.0000; 0.8046; 0.0000; 0.1724; 0.0000
0.0000; 0.3333; 0.0000; 0.0000; 0.0000; 0.0000; 0.6667; 0.0000; 0.0000
0.0476; 0.0595; 0.0000; 0.0000; 0.0000; 0.3452; 0.0119; 0.5357; 0.0000
Bootstrap 20
Run TT with 137 training and 69 tests
Run CD with 226 training and 113 tests
Run FKW with 92 training and 47 tests
Run KW with 112 training and 56 tests
Run LPLT with 49 training and 25 tests
Run RD with 174 training and 87 tests
Run WBD with 5 training and 3 tests
Run WSD with 166 training and 84 tests
Confusion Matrix 21.0
0.5942; 0.2174; 0.0145; 0.0000; 0.0000; 0.0725; 0.0435; 0.0580; 0.0000
0.0354; 0.6106; 0.0000; 0.0000; 0.0000; 0.1416; 0.2124; 0.0000; 0.0000
0.0000; 0.0426; 0.9362; 0.0000; 0.0213; 0.0000; 0.0000; 0.0000; 0.0000
0.0000; 0.0000; 0.0000; 0.8036; 0.1607; 0.0000; 0.0357; 0.0000; 0.0000
0.0000; 0.0000; 0.0000; 0.8000; 0.2000; 0.0000; 0.0000; 0.0000; 0.0000
0.0460; 0.0345; 0.0115; 0.0000; 0.0230; 0.4943; 0.0230; 0.3678; 0.0000
0.0000; 0.3333; 0.0000; 0.0000; 0.0000; 0.0000; 0.6667; 0.0000; 0.0000
0.0714; 0.0952; 0.0000; 0.0000; 0.0000; 0.2619; 0.0357; 0.5357; 0.0000
Bootstrap 21
Run TT with 137 training and 69 tests
Run CD with 226 training and 113 tests
Run FKW with 92 training and 47 tests
Run KW with 112 training and 56 tests
Run LPLT with 49 training and 25 tests
Run RD with 174 training and 87 tests
Run WBD with 5 training and 3 tests
Run WSD with 166 training and 84 tests
Confusion Matrix 22.0
0.8986; 0.0145; 0.0000; 0.0000; 0.0000; 0.0290; 0.0000; 0.0580; 0.0000
0.0442; 0.6195; 0.0000; 0.0000; 0.0000; 0.1770; 0.1593; 0.0000; 0.0000
0.0000; 0.0000; 0.8936; 0.0213; 0.0426; 0.0213; 0.0213; 0.0000; 0.0000
0.0000; 0.0000; 0.0179; 0.8393; 0.1250; 0.0000; 0.0179; 0.0000; 0.0000
0.0000; 0.0000; 0.0000; 0.7600; 0.2400; 0.0000; 0.0000; 0.0000; 0.0000
0.0000; 0.0230; 0.0000; 0.0000; 0.0000; 0.7241; 0.0000; 0.2529; 0.0000
0.0000; 0.3333; 0.0000; 0.0000; 0.0000; 0.3333; 0.3333; 0.0000; 0.0000
0.0714; 0.0476; 0.0000; 0.0000; 0.0000; 0.3095; 0.0119; 0.5595; 0.0000
Bootstrap 22
Run TT with 137 training and 69 tests
Run CD with 226 training and 113 tests
Run FKW with 92 training and 47 tests
Run KW with 112 training and 56 tests
Run LPLT with 49 training and 25 tests
Run RD with 174 training and 87 tests
Run WBD with 5 training and 3 tests
Run WSD with 166 training and 84 tests
Confusion Matrix 23.0
0.4058; 0.3333; 0.0580; 0.0000; 0.0000; 0.0580; 0.0725; 0.0725; 0.0000
0.0796; 0.5487; 0.0088; 0.0000; 0.0000; 0.1593; 0.1150; 0.0885; 0.0000
0.0000; 0.0213; 0.8723; 0.0213; 0.0638; 0.0213; 0.0000; 0.0000; 0.0000
0.0000; 0.0000; 0.0179; 0.7321; 0.2321; 0.0000; 0.0179; 0.0000; 0.0000
0.0000; 0.0000; 0.0400; 0.1600; 0.8000; 0.0000; 0.0000; 0.0000; 0.0000
0.0690; 0.2299; 0.0115; 0.0000; 0.0460; 0.4483; 0.0575; 0.1379; 0.0000
0.0000; 0.0000; 0.0000; 0.0000; 0.0000; 0.0000; 1.0000; 0.0000; 0.0000
0.0595; 0.0714; 0.0000; 0.0000; 0.0119; 0.3333; 0.0238; 0.5000; 0.0000
Bootstrap 23
Run TT with 137 training and 69 tests
Run CD with 226 training and 113 tests
Run FKW with 92 training and 47 tests
Run KW with 112 training and 56 tests
Run LPLT with 49 training and 25 tests
Run RD with 174 training and 87 tests
Run WBD with 5 training and 3 tests
Run WSD with 166 training and 84 tests
Confusion Matrix 24.0
0.9130; 0.0000; 0.0145; 0.0000; 0.0000; 0.0000; 0.0000; 0.0725; 0.0000
0.0885; 0.4779; 0.0000; 0.0000; 0.0000; 0.1770; 0.1947; 0.0619; 0.0000
0.0000; 0.0000; 0.9574; 0.0000; 0.0213; 0.0213; 0.0000; 0.0000; 0.0000
0.0000; 0.0000; 0.0357; 0.7321; 0.2321; 0.0000; 0.0000; 0.0000; 0.0000
0.0000; 0.0000; 0.1200; 0.2000; 0.6800; 0.0000; 0.0000; 0.0000; 0.0000
0.0000; 0.0345; 0.0000; 0.0000; 0.0000; 0.6782; 0.0115; 0.2759; 0.0000
0.0000; 0.3333; 0.0000; 0.0000; 0.0000; 0.0000; 0.6667; 0.0000; 0.0000
0.0595; 0.0595; 0.0000; 0.0000; 0.0000; 0.2738; 0.0357; 0.5714; 0.0000
Bootstrap 24
Run TT with 137 training and 69 tests
Run CD with 226 training and 113 tests
Run FKW with 92 training and 47 tests
Run KW with 112 training and 56 tests
Run LPLT with 49 training and 25 tests
Run RD with 174 training and 87 tests
Run WBD with 5 training and 3 tests
Run WSD with 166 training and 84 tests
Confusion Matrix 25.0
0.8696; 0.0145; 0.0290; 0.0000; 0.0000; 0.0145; 0.0000; 0.0725; 0.0000
0.0442; 0.5398; 0.0265; 0.0000; 0.0000; 0.0885; 0.2655; 0.0354; 0.0000
0.0000; 0.0000; 0.9574; 0.0000; 0.0213; 0.0213; 0.0000; 0.0000; 0.0000
0.0000; 0.0000; 0.0714; 0.6786; 0.2500; 0.0000; 0.0000; 0.0000; 0.0000
0.0000; 0.0000; 0.0000; 0.6000; 0.4000; 0.0000; 0.0000; 0.0000; 0.0000
0.0575; 0.1954; 0.0000; 0.0000; 0.0115; 0.4828; 0.0805; 0.1724; 0.0000
0.0000; 0.6667; 0.0000; 0.0000; 0.0000; 0.0000; 0.3333; 0.0000; 0.0000
0.0714; 0.1667; 0.0000; 0.0000; 0.0000; 0.2024; 0.0357; 0.5238; 0.0000
Bootstrap 25
Run TT with 137 training and 69 tests
Run CD with 226 training and 113 tests
Run FKW with 92 training and 47 tests
Run KW with 112 training and 56 tests
Run LPLT with 49 training and 25 tests
Run RD with 174 training and 87 tests
Run WBD with 5 training and 3 tests
Run WSD with 166 training and 84 tests
Confusion Matrix 26.0
0.3623; 0.3913; 0.0435; 0.0000; 0.0145; 0.1014; 0.0435; 0.0435; 0.0000
0.0265; 0.6726; 0.0000; 0.0000; 0.0000; 0.1416; 0.1150; 0.0442; 0.0000
0.0000; 0.0426; 0.8085; 0.0000; 0.1064; 0.0000; 0.0426; 0.0000; 0.0000
0.0000; 0.0000; 0.0179; 0.8750; 0.1071; 0.0000; 0.0000; 0.0000; 0.0000
0.0000; 0.0000; 0.0000; 0.7600; 0.2400; 0.0000; 0.0000; 0.0000; 0.0000
0.0230; 0.0805; 0.0000; 0.0000; 0.0000; 0.5747; 0.0115; 0.3103; 0.0000
0.0000; 0.0000; 0.0000; 0.0000; 0.0000; 0.0000; 1.0000; 0.0000; 0.0000
0.0833; 0.0595; 0.0000; 0.0000; 0.0119; 0.3214; 0.0238; 0.5000; 0.0000
Bootstrap 26
Run TT with 137 training and 69 tests
Run CD with 226 training and 113 tests
Run FKW with 92 training and 47 tests
Run KW with 112 training and 56 tests
Run LPLT with 49 training and 25 tests
Run RD with 174 training and 87 tests
Run WBD with 5 training and 3 tests
Run WSD with 166 training and 84 tests
Confusion Matrix 27.0
0.4348; 0.2754; 0.0435; 0.0000; 0.0145; 0.0145; 0.0870; 0.1304; 0.0000
0.0442; 0.5929; 0.0000; 0.0000; 0.0000; 0.0708; 0.2920; 0.0000; 0.0000
0.0000; 0.0426; 0.8085; 0.0000; 0.1277; 0.0000; 0.0213; 0.0000; 0.0000
0.0000; 0.0000; 0.0357; 0.7679; 0.1786; 0.0000; 0.0179; 0.0000; 0.0000
0.0000; 0.0000; 0.0000; 0.4400; 0.5600; 0.0000; 0.0000; 0.0000; 0.0000
0.1149; 0.1609; 0.0230; 0.0115; 0.0345; 0.4138; 0.0920; 0.1494; 0.0000
0.0000; 0.0000; 0.0000; 0.0000; 0.0000; 0.0000; 1.0000; 0.0000; 0.0000
0.0714; 0.1310; 0.0000; 0.0000; 0.0000; 0.2976; 0.0119; 0.4881; 0.0000
Bootstrap 27
Run TT with 137 training and 69 tests
Run CD with 226 training and 113 tests
Run FKW with 92 training and 47 tests
Run KW with 112 training and 56 tests
Run LPLT with 49 training and 25 tests
Run RD with 174 training and 87 tests
Run WBD with 5 training and 3 tests
Run WSD with 166 training and 84 tests
Confusion Matrix 28.0
0.3333; 0.4203; 0.0435; 0.0000; 0.0000; 0.1159; 0.0435; 0.0435; 0.0000
0.0265; 0.6283; 0.0000; 0.0000; 0.0000; 0.0796; 0.2389; 0.0265; 0.0000
0.0000; 0.0426; 0.8936; 0.0000; 0.0213; 0.0000; 0.0426; 0.0000; 0.0000
0.0000; 0.0000; 0.0357; 0.6429; 0.3036; 0.0000; 0.0179; 0.0000; 0.0000
0.0000; 0.0000; 0.0000; 0.1200; 0.8000; 0.0000; 0.0800; 0.0000; 0.0000
0.0575; 0.2184; 0.0000; 0.0000; 0.0000; 0.4368; 0.0460; 0.2414; 0.0000
0.0000; 0.3333; 0.0000; 0.0000; 0.0000; 0.0000; 0.6667; 0.0000; 0.0000
0.0595; 0.0714; 0.0000; 0.0000; 0.0119; 0.2857; 0.0238; 0.5476; 0.0000
Bootstrap 28
Run TT with 137 training and 69 tests
Run CD with 226 training and 113 tests
Run FKW with 92 training and 47 tests
Run KW with 112 training and 56 tests
Run LPLT with 49 training and 25 tests
Run RD with 174 training and 87 tests
Run WBD with 5 training and 3 tests
Run WSD with 166 training and 84 tests
Confusion Matrix 29.0
0.5942; 0.1449; 0.0000; 0.0000; 0.0145; 0.0435; 0.0290; 0.1739; 0.0000
0.0442; 0.5664; 0.0000; 0.0000; 0.0000; 0.1239; 0.2566; 0.0088; 0.0000
0.0000; 0.0000; 0.9362; 0.0213; 0.0000; 0.0213; 0.0213; 0.0000; 0.0000
0.0000; 0.0000; 0.1071; 0.8036; 0.0893; 0.0000; 0.0000; 0.0000; 0.0000
0.0000; 0.0000; 0.0000; 0.6400; 0.3600; 0.0000; 0.0000; 0.0000; 0.0000
0.0000; 0.0000; 0.0000; 0.0000; 0.0000; 0.7126; 0.0000; 0.2874; 0.0000
0.0000; 0.6667; 0.0000; 0.0000; 0.0000; 0.0000; 0.3333; 0.0000; 0.0000
0.0833; 0.0952; 0.0000; 0.0000; 0.0000; 0.2500; 0.0357; 0.5357; 0.0000
Bootstrap 29
Run TT with 137 training and 69 tests
Run CD with 226 training and 113 tests
Run FKW with 92 training and 47 tests
Run KW with 112 training and 56 tests
Run LPLT with 49 training and 25 tests
Run RD with 174 training and 87 tests
Run WBD with 5 training and 3 tests
Run WSD with 166 training and 84 tests
Confusion Matrix 30.0
0.4638; 0.3188; 0.0435; 0.0000; 0.0000; 0.0580; 0.0435; 0.0725; 0.0000
0.0531; 0.4779; 0.0000; 0.0000; 0.0000; 0.0796; 0.3363; 0.0531; 0.0000
0.0000; 0.0213; 0.8298; 0.0000; 0.1064; 0.0000; 0.0426; 0.0000; 0.0000
0.0000; 0.0000; 0.0536; 0.7321; 0.1786; 0.0000; 0.0357; 0.0000; 0.0000
0.0000; 0.0000; 0.0000; 0.7200; 0.2800; 0.0000; 0.0000; 0.0000; 0.0000
0.1034; 0.1724; 0.0230; 0.0000; 0.0460; 0.3908; 0.0920; 0.1724; 0.0000
0.0000; 0.0000; 0.0000; 0.0000; 0.0000; 0.0000; 1.0000; 0.0000; 0.0000
0.0595; 0.1071; 0.0000; 0.0000; 0.0000; 0.2619; 0.0238; 0.5476; 0.0000
Mean confusion
0.6488; 0.1662; 0.0300; 0.0000; 0.0024; 0.0396; 0.0440; 0.0691; 0.0000
0.0732; 0.5018; 0.0032; 0.0000; 0.0000; 0.1569; 0.2180; 0.0469; 0.0000
0.0014; 0.0241; 0.9064; 0.0121; 0.0369; 0.0057; 0.0135; 0.0000; 0.0000
0.0000; 0.0000; 0.0440; 0.7595; 0.1833; 0.0000; 0.0131; 0.0000; 0.0000
0.0000; 0.0000; 0.0213; 0.4040; 0.5707; 0.0000; 0.0040; 0.0000; 0.0000
0.0521; 0.1130; 0.0073; 0.0015; 0.0172; 0.5284; 0.0437; 0.2368; 0.0000
0.0000; 0.2333; 0.0000; 0.0000; 0.0000; 0.0333; 0.7222; 0.0111; 0.0000
0.0671; 0.0813; 0.0004; 0.0000; 0.0036; 0.2948; 0.0317; 0.5210; 0.0000
STD Confusion
0.2104; 0.1402; 0.0222; 0.0000; 0.0055; 0.0297; 0.0423; 0.0306; 0.0000
0.0438; 0.0976; 0.0064; 0.0000; 0.0000; 0.0825; 0.1050; 0.0388; 0.0000
0.0054; 0.0222; 0.0538; 0.0165; 0.0391; 0.0096; 0.0189; 0.0000; 0.0000
0.0000; 0.0000; 0.0310; 0.0938; 0.0885; 0.0000; 0.0169; 0.0000; 0.0000
0.0000; 0.0000; 0.0403; 0.2726; 0.2441; 0.0000; 0.0161; 0.0000; 0.0000
0.0409; 0.0796; 0.0107; 0.0050; 0.0231; 0.1192; 0.0386; 0.0906; 0.0000
0.0000; 0.2499; 0.0000; 0.0000; 0.0000; 0.1017; 0.2638; 0.0609; 0.0000
0.0155; 0.0305; 0.0022; 0.0000; 0.0055; 0.0533; 0.0130; 0.0426; 0.0000
Lower 95% CI
0.3333; 0.0000; 0.0000; 0.0000; 0.0000; 0.0000; 0.0000; 0.0290; 0.0000
0.0265; 0.2920; 0.0000; 0.0000; 0.0000; 0.0531; 0.0531; 0.0000; 0.0000
0.0000; 0.0000; 0.7872; 0.0000; 0.0000; 0.0000; 0.0000; 0.0000; 0.0000
0.0000; 0.0000; 0.0000; 0.5357; 0.0536; 0.0000; 0.0000; 0.0000; 0.0000
0.0000; 0.0000; 0.0000; 0.0000; 0.2000; 0.0000; 0.0000; 0.0000; 0.0000
0.0000; 0.0000; 0.0000; 0.0000; 0.0000; 0.3908; 0.0000; 0.1149; 0.0000
0.0000; 0.0000; 0.0000; 0.0000; 0.0000; 0.0000; 0.0000; 0.0000; 0.0000
0.0357; 0.0357; 0.0000; 0.0000; 0.0000; 0.1905; 0.0119; 0.4405; 0.0000
Upper 95% CI
0.9275; 0.4203; 0.0725; 0.0000; 0.0145; 0.1159; 0.1594; 0.1739; 0.0000
0.2035; 0.6726; 0.0265; 0.0000; 0.0000; 0.3097; 0.4248; 0.1239; 0.0000
0.0213; 0.0851; 0.9787; 0.0638; 0.1277; 0.0213; 0.0638; 0.0000; 0.0000
0.0000; 0.0000; 0.1250; 0.9286; 0.4286; 0.0000; 0.0536; 0.0000; 0.0000
0.0000; 0.0000; 0.1200; 0.8000; 0.9200; 0.0000; 0.0800; 0.0000; 0.0000
0.1149; 0.2299; 0.0345; 0.0230; 0.0805; 0.8046; 0.1034; 0.4253; 0.0000
0.0000; 1.0000; 0.0000; 0.0000; 0.0000; 0.3333; 1.0000; 0.3333; 0.0000
0.0952; 0.1667; 0.0119; 0.0000; 0.0119; 0.4286; 0.0595; 0.6071; 0.0000
Run TT with 206 training and 0 tests
Run CD with 339 training and 0 tests
Run FKW with 139 training and 0 tests
Run KW with 168 training and 0 tests
Run LPLT with 74 training and 0 tests
Run RD with 261 training and 0 tests
Run WBD with 8 training and 0 tests
Run WSD with 250 training and 0 tests