Total Bootstraps 30
Num Species 4
FragmentLength 28; Section Length 30
BEL; LPLT; WBD; WSD
Bootstrap 0
Run BEL with 8 training and 4 tests
Run LPLT with 64 training and 33 tests
Run WBD with 7 training and 4 tests
Run WSD with 218 training and 109 tests
Confusion Matrix 1.0
0.7500; 0.2500; 0.0000; 0.0000; 0.0000
0.0909; 0.9091; 0.0000; 0.0000; 0.0000
0.0000; 0.0000; 1.0000; 0.0000; 0.0000
0.0000; 0.0000; 0.0917; 0.9083; 0.0000
Bootstrap 1
Run BEL with 8 training and 4 tests
Run LPLT with 64 training and 33 tests
Run WBD with 7 training and 4 tests
Run WSD with 218 training and 109 tests
Confusion Matrix 2.0
1.0000; 0.0000; 0.0000; 0.0000; 0.0000
0.0909; 0.9091; 0.0000; 0.0000; 0.0000
0.0000; 0.0000; 0.7500; 0.2500; 0.0000
0.0000; 0.0000; 0.0642; 0.9358; 0.0000
Bootstrap 2
Run BEL with 8 training and 4 tests
Run LPLT with 64 training and 33 tests
Run WBD with 7 training and 4 tests
Run WSD with 218 training and 109 tests
Confusion Matrix 3.0
0.5000; 0.2500; 0.2500; 0.0000; 0.0000
0.1515; 0.8485; 0.0000; 0.0000; 0.0000
0.0000; 0.0000; 1.0000; 0.0000; 0.0000
0.0000; 0.0000; 0.0550; 0.9450; 0.0000
Bootstrap 3
Run BEL with 8 training and 4 tests
Run LPLT with 64 training and 33 tests
Run WBD with 7 training and 4 tests
Run WSD with 218 training and 109 tests
Confusion Matrix 4.0
1.0000; 0.0000; 0.0000; 0.0000; 0.0000
0.0909; 0.9091; 0.0000; 0.0000; 0.0000
0.0000; 0.0000; 0.7500; 0.2500; 0.0000
0.0000; 0.0000; 0.1284; 0.8716; 0.0000
Bootstrap 4
Run BEL with 8 training and 4 tests
Run LPLT with 64 training and 33 tests
Run WBD with 7 training and 4 tests
Run WSD with 218 training and 109 tests
Confusion Matrix 5.0
0.7500; 0.2500; 0.0000; 0.0000; 0.0000
0.1515; 0.8485; 0.0000; 0.0000; 0.0000
0.0000; 0.0000; 0.2500; 0.7500; 0.0000
0.0000; 0.0092; 0.0092; 0.9817; 0.0000
Bootstrap 5
Run BEL with 8 training and 4 tests
Run LPLT with 64 training and 33 tests
Run WBD with 7 training and 4 tests
Run WSD with 218 training and 109 tests
Confusion Matrix 6.0
0.7500; 0.0000; 0.2500; 0.0000; 0.0000
0.0606; 0.9394; 0.0000; 0.0000; 0.0000
0.0000; 0.0000; 1.0000; 0.0000; 0.0000
0.0092; 0.0092; 0.0550; 0.9266; 0.0000
Bootstrap 6
Run BEL with 8 training and 4 tests
Run LPLT with 64 training and 33 tests
Run WBD with 7 training and 4 tests
Run WSD with 218 training and 109 tests
Confusion Matrix 7.0
1.0000; 0.0000; 0.0000; 0.0000; 0.0000
0.0303; 0.9697; 0.0000; 0.0000; 0.0000
0.0000; 0.0000; 0.7500; 0.2500; 0.0000
0.0092; 0.0000; 0.0917; 0.8991; 0.0000
Bootstrap 7
Run BEL with 8 training and 4 tests
Run LPLT with 64 training and 33 tests
Run WBD with 7 training and 4 tests
Run WSD with 218 training and 109 tests
Confusion Matrix 8.0
1.0000; 0.0000; 0.0000; 0.0000; 0.0000
0.1212; 0.8485; 0.0000; 0.0303; 0.0000
0.0000; 0.0000; 1.0000; 0.0000; 0.0000
0.0000; 0.0000; 0.1193; 0.8807; 0.0000
Bootstrap 8
Run BEL with 8 training and 4 tests
Run LPLT with 64 training and 33 tests
Run WBD with 7 training and 4 tests
Run WSD with 218 training and 109 tests
Confusion Matrix 9.0
0.7500; 0.2500; 0.0000; 0.0000; 0.0000
0.0303; 0.9697; 0.0000; 0.0000; 0.0000
0.0000; 0.0000; 0.7500; 0.2500; 0.0000
0.0092; 0.0000; 0.0826; 0.9083; 0.0000
Bootstrap 9
Run BEL with 8 training and 4 tests
Run LPLT with 64 training and 33 tests
Run WBD with 7 training and 4 tests
Run WSD with 218 training and 109 tests
Confusion Matrix 10.0
0.7500; 0.2500; 0.0000; 0.0000; 0.0000
0.1212; 0.8788; 0.0000; 0.0000; 0.0000
0.0000; 0.0000; 0.2500; 0.7500; 0.0000
0.0000; 0.0000; 0.0092; 0.9908; 0.0000
Bootstrap 10
Run BEL with 8 training and 4 tests
Run LPLT with 64 training and 33 tests
Run WBD with 7 training and 4 tests
Run WSD with 218 training and 109 tests
Confusion Matrix 11.0
0.5000; 0.5000; 0.0000; 0.0000; 0.0000
0.0909; 0.9091; 0.0000; 0.0000; 0.0000
0.0000; 0.0000; 1.0000; 0.0000; 0.0000
0.0000; 0.0000; 0.0917; 0.9083; 0.0000
Bootstrap 11
Run BEL with 8 training and 4 tests
Run LPLT with 64 training and 33 tests
Run WBD with 7 training and 4 tests
Run WSD with 218 training and 109 tests
Confusion Matrix 12.0
0.7500; 0.2500; 0.0000; 0.0000; 0.0000
0.1515; 0.8485; 0.0000; 0.0000; 0.0000
0.0000; 0.0000; 0.5000; 0.5000; 0.0000
0.0183; 0.0000; 0.0459; 0.9358; 0.0000
Bootstrap 12
Run BEL with 8 training and 4 tests
Run LPLT with 64 training and 33 tests
Run WBD with 7 training and 4 tests
Run WSD with 218 training and 109 tests
Confusion Matrix 13.0
1.0000; 0.0000; 0.0000; 0.0000; 0.0000
0.1515; 0.8485; 0.0000; 0.0000; 0.0000
0.0000; 0.0000; 0.7500; 0.2500; 0.0000
0.0000; 0.0000; 0.0917; 0.9083; 0.0000
Bootstrap 13
Run BEL with 8 training and 4 tests
Run LPLT with 64 training and 33 tests
Run WBD with 7 training and 4 tests
Run WSD with 218 training and 109 tests
Confusion Matrix 14.0
0.5000; 0.2500; 0.2500; 0.0000; 0.0000
0.0909; 0.9091; 0.0000; 0.0000; 0.0000
0.0000; 0.0000; 0.5000; 0.5000; 0.0000
0.0000; 0.0092; 0.0917; 0.8991; 0.0000
Bootstrap 14
Run BEL with 8 training and 4 tests
Run LPLT with 64 training and 33 tests
Run WBD with 7 training and 4 tests
Run WSD with 218 training and 109 tests
Confusion Matrix 15.0
0.5000; 0.5000; 0.0000; 0.0000; 0.0000
0.0303; 0.9697; 0.0000; 0.0000; 0.0000
0.0000; 0.0000; 0.0000; 1.0000; 0.0000
0.0000; 0.0000; 0.0275; 0.9725; 0.0000
Bootstrap 15
Run BEL with 8 training and 4 tests
Run LPLT with 64 training and 33 tests
Run WBD with 7 training and 4 tests
Run WSD with 218 training and 109 tests
Confusion Matrix 16.0
1.0000; 0.0000; 0.0000; 0.0000; 0.0000
0.1818; 0.8182; 0.0000; 0.0000; 0.0000
0.0000; 0.0000; 1.0000; 0.0000; 0.0000
0.0000; 0.0000; 0.0917; 0.9083; 0.0000
Bootstrap 16
Run BEL with 8 training and 4 tests
Run LPLT with 64 training and 33 tests
Run WBD with 7 training and 4 tests
Run WSD with 218 training and 109 tests
Confusion Matrix 17.0
0.7500; 0.2500; 0.0000; 0.0000; 0.0000
0.0909; 0.9091; 0.0000; 0.0000; 0.0000
0.0000; 0.0000; 0.7500; 0.2500; 0.0000
0.0000; 0.0000; 0.0734; 0.9266; 0.0000
Bootstrap 17
Run BEL with 8 training and 4 tests
Run LPLT with 64 training and 33 tests
Run WBD with 7 training and 4 tests
Run WSD with 218 training and 109 tests
Confusion Matrix 18.0
0.7500; 0.2500; 0.0000; 0.0000; 0.0000
0.1212; 0.8788; 0.0000; 0.0000; 0.0000
0.0000; 0.0000; 1.0000; 0.0000; 0.0000
0.0000; 0.0000; 0.1284; 0.8716; 0.0000
Bootstrap 18
Run BEL with 8 training and 4 tests
Run LPLT with 64 training and 33 tests
Run WBD with 7 training and 4 tests
Run WSD with 218 training and 109 tests
Confusion Matrix 19.0
1.0000; 0.0000; 0.0000; 0.0000; 0.0000
0.0606; 0.9394; 0.0000; 0.0000; 0.0000
0.0000; 0.0000; 0.7500; 0.2500; 0.0000
0.0000; 0.0000; 0.0642; 0.9358; 0.0000
Bootstrap 19
Run BEL with 8 training and 4 tests
Run LPLT with 64 training and 33 tests
Run WBD with 7 training and 4 tests
Run WSD with 218 training and 109 tests
Confusion Matrix 20.0
0.7500; 0.2500; 0.0000; 0.0000; 0.0000
0.0909; 0.9091; 0.0000; 0.0000; 0.0000
0.0000; 0.0000; 0.7500; 0.2500; 0.0000
0.0000; 0.0000; 0.0367; 0.9633; 0.0000
Bootstrap 20
Run BEL with 8 training and 4 tests
Run LPLT with 64 training and 33 tests
Run WBD with 7 training and 4 tests
Run WSD with 218 training and 109 tests
Confusion Matrix 21.0
0.7500; 0.2500; 0.0000; 0.0000; 0.0000
0.1212; 0.8485; 0.0303; 0.0000; 0.0000
0.0000; 0.0000; 0.7500; 0.2500; 0.0000
0.0000; 0.0000; 0.0367; 0.9633; 0.0000
Bootstrap 21
Run BEL with 8 training and 4 tests
Run LPLT with 64 training and 33 tests
Run WBD with 7 training and 4 tests
Run WSD with 218 training and 109 tests
Confusion Matrix 22.0
0.7500; 0.2500; 0.0000; 0.0000; 0.0000
0.0909; 0.9091; 0.0000; 0.0000; 0.0000
0.0000; 0.0000; 0.7500; 0.2500; 0.0000
0.0092; 0.0092; 0.1101; 0.8716; 0.0000
Bootstrap 22
Run BEL with 8 training and 4 tests
Run LPLT with 64 training and 33 tests
Run WBD with 7 training and 4 tests
Run WSD with 218 training and 109 tests
Confusion Matrix 23.0
1.0000; 0.0000; 0.0000; 0.0000; 0.0000
0.0303; 0.9697; 0.0000; 0.0000; 0.0000
0.0000; 0.0000; 1.0000; 0.0000; 0.0000
0.0000; 0.0092; 0.1009; 0.8899; 0.0000
Bootstrap 23
Run BEL with 8 training and 4 tests
Run LPLT with 64 training and 33 tests
Run WBD with 7 training and 4 tests
Run WSD with 218 training and 109 tests
Confusion Matrix 24.0
0.7500; 0.2500; 0.0000; 0.0000; 0.0000
0.0909; 0.9091; 0.0000; 0.0000; 0.0000
0.0000; 0.0000; 0.5000; 0.5000; 0.0000
0.0000; 0.0092; 0.0550; 0.9358; 0.0000
Bootstrap 24
Run BEL with 8 training and 4 tests
Run LPLT with 64 training and 33 tests
Run WBD with 7 training and 4 tests
Run WSD with 218 training and 109 tests
Confusion Matrix 25.0
1.0000; 0.0000; 0.0000; 0.0000; 0.0000
0.0606; 0.9091; 0.0303; 0.0000; 0.0000
0.0000; 0.0000; 0.7500; 0.2500; 0.0000
0.0092; 0.0000; 0.0734; 0.9174; 0.0000
Bootstrap 25
Run BEL with 8 training and 4 tests
Run LPLT with 64 training and 33 tests
Run WBD with 7 training and 4 tests
Run WSD with 218 training and 109 tests
Confusion Matrix 26.0
1.0000; 0.0000; 0.0000; 0.0000; 0.0000
0.0303; 0.9697; 0.0000; 0.0000; 0.0000
0.0000; 0.0000; 0.7500; 0.2500; 0.0000
0.0000; 0.0000; 0.0459; 0.9541; 0.0000
Bootstrap 26
Run BEL with 8 training and 4 tests
Run LPLT with 64 training and 33 tests
Run WBD with 7 training and 4 tests
Run WSD with 218 training and 109 tests
Confusion Matrix 27.0
0.7500; 0.2500; 0.0000; 0.0000; 0.0000
0.0606; 0.9394; 0.0000; 0.0000; 0.0000
0.0000; 0.0000; 0.2500; 0.7500; 0.0000
0.0000; 0.0000; 0.1009; 0.8991; 0.0000
Bootstrap 27
Run BEL with 8 training and 4 tests
Run LPLT with 64 training and 33 tests
Run WBD with 7 training and 4 tests
Run WSD with 218 training and 109 tests
Confusion Matrix 28.0
1.0000; 0.0000; 0.0000; 0.0000; 0.0000
0.1818; 0.8182; 0.0000; 0.0000; 0.0000
0.0000; 0.0000; 1.0000; 0.0000; 0.0000
0.0092; 0.0092; 0.1009; 0.8807; 0.0000
Bootstrap 28
Run BEL with 8 training and 4 tests
Run LPLT with 64 training and 33 tests
Run WBD with 7 training and 4 tests
Run WSD with 218 training and 109 tests
Confusion Matrix 29.0
1.0000; 0.0000; 0.0000; 0.0000; 0.0000
0.1212; 0.8788; 0.0000; 0.0000; 0.0000
0.0000; 0.0000; 0.7500; 0.2500; 0.0000
0.0092; 0.0092; 0.0550; 0.9266; 0.0000
Bootstrap 29
Run BEL with 8 training and 4 tests
Run LPLT with 64 training and 33 tests
Run WBD with 7 training and 4 tests
Run WSD with 218 training and 109 tests
Confusion Matrix 30.0
1.0000; 0.0000; 0.0000; 0.0000; 0.0000
0.0303; 0.9697; 0.0000; 0.0000; 0.0000
0.0000; 0.0000; 1.0000; 0.0000; 0.0000
0.0092; 0.0092; 0.0917; 0.8899; 0.0000
Mean confusion
0.8250; 0.1500; 0.0250; 0.0000; 0.0000
0.0939; 0.9030; 0.0020; 0.0010; 0.0000
0.0000; 0.0000; 0.7333; 0.2667; 0.0000
0.0031; 0.0028; 0.0740; 0.9202; 0.0000
STD Confusion
0.1756; 0.1554; 0.0763; 0.0000; 0.0000
0.0460; 0.0473; 0.0077; 0.0055; 0.0000
0.0000; 0.0000; 0.2702; 0.2702; 0.0000
0.0050; 0.0043; 0.0323; 0.0333; 0.0000
Lower 95% CI
0.5000; 0.0000; 0.0000; 0.0000; 0.0000
0.0303; 0.8182; 0.0000; 0.0000; 0.0000
0.0000; 0.0000; 0.0000; 0.0000; 0.0000
0.0000; 0.0000; 0.0092; 0.8716; 0.0000
Upper 95% CI
1.0000; 0.5000; 0.2500; 0.0000; 0.0000
0.1818; 0.9697; 0.0303; 0.0303; 0.0000
0.0000; 0.0000; 1.0000; 1.0000; 0.0000
0.0183; 0.0092; 0.1284; 0.9908; 0.0000
Run BEL with 12 training and 0 tests
Run LPLT with 97 training and 0 tests
Run WBD with 11 training and 0 tests
Run WSD with 327 training and 0 tests