Total Bootstraps 300
Num Species 12
BD; CD; FKW; FRA; KW; LPLT; PKW; RD; SPIN; SPLT; SPT; STR
Bootstrap 0
Run BD with 79 training and 40 tests
Run CD with 324 training and 163 tests
Run FKW with 147 training and 74 tests
Run FRA with 14 training and 8 tests
Run KW with 64 training and 32 tests
Run LPLT with 28 training and 14 tests
Run PKW with 1 training and 1 tests
Run RD with 98 training and 50 tests
Run SPIN with 32 training and 16 tests
Run SPLT with 61 training and 31 tests
Run SPT with 148 training and 74 tests
Run STR with 194 training and 97 tests
0.5000; 0.2000; 0.0500; 0.0250; 0.0000; 0.0000; 0.0000; 0.0000; 0.0000; 0.0000; 0.1000; 0.1250; 0.0000
0.0552; 0.5767; 0.0000; 0.0675; 0.0000; 0.0000; 0.0000; 0.0982; 0.0859; 0.0000; 0.0245; 0.0920; 0.0000
0.0135; 0.0541; 0.7297; 0.0000; 0.0405; 0.0405; 0.0000; 0.0000; 0.0000; 0.1081; 0.0135; 0.0000; 0.0000
0.0000; 0.0000; 0.0000; 0.7500; 0.0000; 0.0000; 0.0000; 0.1250; 0.0000; 0.0000; 0.0000; 0.1250; 0.0000
0.0000; 0.0000; 0.0625; 0.0000; 0.4688; 0.1563; 0.0000; 0.0000; 0.0000; 0.3125; 0.0000; 0.0000; 0.0000
0.0000; 0.0000; 0.0000; 0.0000; 0.5714; 0.2857; 0.0000; 0.0000; 0.0000; 0.1429; 0.0000; 0.0000; 0.0000
0.0000; 1.0000; 0.0000; 0.0000; 0.0000; 0.0000; 0.0000; 0.0000; 0.0000; 0.0000; 0.0000; 0.0000; 0.0000
0.0000; 0.0400; 0.0000; 0.4000; 0.0000; 0.0000; 0.0000; 0.4600; 0.0600; 0.0000; 0.0000; 0.0400; 0.0000
0.0000; 0.2500; 0.0000; 0.0625; 0.0000; 0.0000; 0.0000; 0.0625; 0.6250; 0.0000; 0.0000; 0.0000; 0.0000
0.0645; 0.0323; 0.1613; 0.0000; 0.0645; 0.0000; 0.0000; 0.0000; 0.0000; 0.5484; 0.0968; 0.0323; 0.0000
0.0270; 0.0000; 0.0000; 0.0000; 0.0000; 0.0000; 0.0270; 0.0270; 0.0000; 0.0135; 0.8108; 0.0946; 0.0000
0.1031; 0.1649; 0.0000; 0.0515; 0.0000; 0.0000; 0.0825; 0.0206; 0.0515; 0.0000; 0.3402; 0.1856; 0.0000
Bootstrap 1
Run BD with 79 training and 40 tests
Run CD with 324 training and 163 tests
Run FKW with 147 training and 74 tests
Run FRA with 14 training and 8 tests
Run KW with 64 training and 32 tests
Run LPLT with 28 training and 14 tests
Run PKW with 1 training and 1 tests
Run RD with 98 training and 50 tests
Run SPIN with 32 training and 16 tests
Run SPLT with 61 training and 31 tests
Run SPT with 148 training and 74 tests
Run STR with 194 training and 97 tests
0.3250; 0.1500; 0.0000; 0.0500; 0.0000; 0.0000; 0.0500; 0.0000; 0.0500; 0.1000; 0.0500; 0.2250; 0.0000
0.0491; 0.5092; 0.0000; 0.0675; 0.0000; 0.0000; 0.0613; 0.1166; 0.1043; 0.0000; 0.0061; 0.0859; 0.0000
0.0405; 0.1081; 0.3514; 0.0000; 0.0000; 0.0000; 0.0270; 0.0000; 0.0000; 0.4189; 0.0000; 0.0541; 0.0000
0.0000; 0.1250; 0.0000; 0.6250; 0.0000; 0.0000; 0.0000; 0.2500; 0.0000; 0.0000; 0.0000; 0.0000; 0.0000
0.0000; 0.0000; 0.0313; 0.0000; 0.5000; 0.1875; 0.0000; 0.0000; 0.0000; 0.2813; 0.0000; 0.0000; 0.0000
0.0000; 0.0000; 0.0000; 0.0000; 0.6429; 0.2857; 0.0000; 0.0000; 0.0000; 0.0714; 0.0000; 0.0000; 0.0000
0.0000; 0.0000; 0.0000; 0.0000; 0.0000; 0.0000; 1.0000; 0.0000; 0.0000; 0.0000; 0.0000; 0.0000; 0.0000
0.0000; 0.0000; 0.0000; 0.2000; 0.0000; 0.0000; 0.0000; 0.7600; 0.0400; 0.0000; 0.0000; 0.0000; 0.0000
0.0000; 0.0625; 0.0000; 0.0625; 0.0000; 0.0000; 0.1250; 0.0625; 0.6875; 0.0000; 0.0000; 0.0000; 0.0000
0.0000; 0.0000; 0.0968; 0.0000; 0.3871; 0.0645; 0.0000; 0.0000; 0.0000; 0.3871; 0.0645; 0.0000; 0.0000
0.0405; 0.0270; 0.0000; 0.0000; 0.0405; 0.0000; 0.0541; 0.0405; 0.0270; 0.0135; 0.5270; 0.2297; 0.0000
0.0722; 0.2474; 0.0000; 0.0000; 0.0000; 0.0000; 0.0515; 0.0928; 0.0309; 0.0000; 0.0619; 0.4433; 0.0000
Bootstrap 2
Run BD with 79 training and 40 tests
Run CD with 324 training and 163 tests
Run FKW with 147 training and 74 tests
Run FRA with 14 training and 8 tests
Run KW with 64 training and 32 tests
Run LPLT with 28 training and 14 tests
Run PKW with 1 training and 1 tests
Run RD with 98 training and 50 tests
Run SPIN with 32 training and 16 tests
Run SPLT with 61 training and 31 tests
Run SPT with 148 training and 74 tests
Run STR with 194 training and 97 tests
0.6500; 0.1000; 0.0000; 0.0500; 0.0000; 0.0000; 0.0000; 0.0000; 0.0000; 0.0000; 0.0000; 0.2000; 0.0000
0.0184; 0.5706; 0.0061; 0.0552; 0.0000; 0.0000; 0.0245; 0.1104; 0.0982; 0.0000; 0.0184; 0.0982; 0.0000
0.0811; 0.1486; 0.5270; 0.0000; 0.0000; 0.0135; 0.0000; 0.0000; 0.0000; 0.1622; 0.0135; 0.0541; 0.0000
0.0000; 0.1250; 0.0000; 0.6250; 0.0000; 0.0000; 0.0000; 0.2500; 0.0000; 0.0000; 0.0000; 0.0000; 0.0000
0.0000; 0.0000; 0.0313; 0.0000; 0.5625; 0.0938; 0.0000; 0.0000; 0.0000; 0.3125; 0.0000; 0.0000; 0.0000
0.0000; 0.0000; 0.0000; 0.0000; 0.3571; 0.5000; 0.0000; 0.0000; 0.0000; 0.1429; 0.0000; 0.0000; 0.0000
0.0000; 0.0000; 0.0000; 0.0000; 0.0000; 0.0000; 0.0000; 0.0000; 1.0000; 0.0000; 0.0000; 0.0000; 0.0000
0.0000; 0.0200; 0.0200; 0.3400; 0.0000; 0.0000; 0.0000; 0.5400; 0.0000; 0.0200; 0.0000; 0.0600; 0.0000
0.0000; 0.0625; 0.0000; 0.0000; 0.0000; 0.0000; 0.0000; 0.1875; 0.7500; 0.0000; 0.0000; 0.0000; 0.0000
0.1613; 0.0000; 0.0968; 0.0000; 0.0645; 0.0000; 0.0000; 0.0000; 0.0000; 0.5484; 0.0968; 0.0323; 0.0000
0.0270; 0.0405; 0.0000; 0.0000; 0.0270; 0.0135; 0.0270; 0.0270; 0.0541; 0.0135; 0.6351; 0.1351; 0.0000
0.0412; 0.1856; 0.0103; 0.0103; 0.0000; 0.0000; 0.0412; 0.0619; 0.0000; 0.0000; 0.3711; 0.2784; 0.0000
Bootstrap 3
Run BD with 79 training and 40 tests
Run CD with 324 training and 163 tests
Run FKW with 147 training and 74 tests
Run FRA with 14 training and 8 tests
Run KW with 64 training and 32 tests
Run LPLT with 28 training and 14 tests
Run PKW with 1 training and 1 tests
Run RD with 98 training and 50 tests
Run SPIN with 32 training and 16 tests
Run SPLT with 61 training and 31 tests
Run SPT with 148 training and 74 tests
Run STR with 194 training and 97 tests
0.4750; 0.2500; 0.0250; 0.0250; 0.0000; 0.0000; 0.0250; 0.0000; 0.0000; 0.0000; 0.0500; 0.1500; 0.0000
0.0123; 0.6074; 0.0000; 0.0000; 0.0000; 0.0000; 0.1043; 0.0368; 0.1104; 0.0000; 0.0061; 0.1227; 0.0000
0.0405; 0.1081; 0.3919; 0.0000; 0.0000; 0.0000; 0.0135; 0.0000; 0.0000; 0.3784; 0.0000; 0.0676; 0.0000
0.0000; 0.0000; 0.0000; 0.6250; 0.0000; 0.0000; 0.0000; 0.2500; 0.0000; 0.0000; 0.0000; 0.1250; 0.0000
0.0000; 0.0000; 0.0000; 0.0000; 0.7500; 0.1250; 0.0000; 0.0000; 0.0000; 0.1250; 0.0000; 0.0000; 0.0000
0.0000; 0.0000; 0.0000; 0.0000; 0.2143; 0.7143; 0.0000; 0.0000; 0.0000; 0.0714; 0.0000; 0.0000; 0.0000
0.0000; 0.0000; 0.0000; 0.0000; 0.0000; 0.0000; 1.0000; 0.0000; 0.0000; 0.0000; 0.0000; 0.0000; 0.0000
0.0000; 0.0000; 0.0000; 0.2400; 0.0000; 0.0000; 0.0000; 0.7600; 0.0000; 0.0000; 0.0000; 0.0000; 0.0000
0.0000; 0.0625; 0.0000; 0.0000; 0.0000; 0.0000; 0.0000; 0.2500; 0.6875; 0.0000; 0.0000; 0.0000; 0.0000
0.1613; 0.0323; 0.0323; 0.0000; 0.0000; 0.2258; 0.0000; 0.0000; 0.0000; 0.4839; 0.0323; 0.0323; 0.0000
0.1216; 0.0135; 0.0000; 0.0135; 0.0000; 0.0000; 0.0000; 0.0541; 0.0000; 0.0000; 0.6216; 0.1757; 0.0000
0.0825; 0.1856; 0.0000; 0.0309; 0.0000; 0.0000; 0.0928; 0.0825; 0.0619; 0.0000; 0.1649; 0.2990; 0.0000
Bootstrap 4
Run BD with 79 training and 40 tests
Run CD with 324 training and 163 tests
Run FKW with 147 training and 74 tests
Run FRA with 14 training and 8 tests
Run KW with 64 training and 32 tests
Run LPLT with 28 training and 14 tests
Run PKW with 1 training and 1 tests
Run RD with 98 training and 50 tests
Run SPIN with 32 training and 16 tests
Run SPLT with 61 training and 31 tests
Run SPT with 148 training and 74 tests
Run STR with 194 training and 97 tests
0.8250; 0.0000; 0.0000; 0.0750; 0.0000; 0.0000; 0.0000; 0.0250; 0.0000; 0.0250; 0.0500; 0.0000; 0.0000
0.1288; 0.2945; 0.0368; 0.0982; 0.0000; 0.0000; 0.0429; 0.1534; 0.0491; 0.0000; 0.0368; 0.1595; 0.0000
0.0270; 0.0000; 0.7162; 0.0000; 0.0270; 0.0541; 0.0000; 0.0000; 0.0000; 0.1622; 0.0000; 0.0135; 0.0000
0.0000; 0.0000; 0.0000; 0.6250; 0.0000; 0.0000; 0.0000; 0.3750; 0.0000; 0.0000; 0.0000; 0.0000; 0.0000
0.0000; 0.0000; 0.0313; 0.0000; 0.9063; 0.0313; 0.0000; 0.0000; 0.0000; 0.0313; 0.0000; 0.0000; 0.0000
0.0000; 0.0000; 0.0000; 0.0000; 0.7143; 0.2857; 0.0000; 0.0000; 0.0000; 0.0000; 0.0000; 0.0000; 0.0000
0.0000; 0.0000; 0.0000; 0.0000; 0.0000; 0.0000; 0.0000; 0.0000; 1.0000; 0.0000; 0.0000; 0.0000; 0.0000
0.0600; 0.0000; 0.0000; 0.1800; 0.0000; 0.0000; 0.0000; 0.6600; 0.0600; 0.0000; 0.0000; 0.0400; 0.0000
0.0000; 0.0625; 0.0000; 0.0000; 0.0000; 0.0000; 0.0000; 0.0000; 0.9375; 0.0000; 0.0000; 0.0000; 0.0000
0.0000; 0.0000; 0.0968; 0.0000; 0.4194; 0.0323; 0.0000; 0.0000; 0.0000; 0.4194; 0.0323; 0.0000; 0.0000
0.0946; 0.0000; 0.0000; 0.0000; 0.0000; 0.0000; 0.0270; 0.0405; 0.0000; 0.0000; 0.6081; 0.2297; 0.0000
0.2165; 0.1134; 0.0000; 0.0412; 0.0000; 0.0000; 0.0309; 0.0928; 0.0722; 0.0000; 0.2062; 0.2268; 0.0000
Bootstrap 5
Run BD with 79 training and 40 tests
Run CD with 324 training and 163 tests
Run FKW with 147 training and 74 tests
Run FRA with 14 training and 8 tests
Run KW with 64 training and 32 tests
Run LPLT with 28 training and 14 tests
Run PKW with 1 training and 1 tests
Run RD with 98 training and 50 tests
Run SPIN with 32 training and 16 tests
Run SPLT with 61 training and 31 tests
Run SPT with 148 training and 74 tests
Run STR with 194 training and 97 tests
0.7000; 0.0750; 0.0250; 0.0500; 0.0000; 0.0000; 0.0000; 0.0000; 0.0250; 0.0250; 0.0250; 0.0750; 0.0000
0.0798; 0.3374; 0.0184; 0.0613; 0.0000; 0.0000; 0.0184; 0.1350; 0.0307; 0.0000; 0.0307; 0.2883; 0.0000
0.0811; 0.0405; 0.4730; 0.0000; 0.0000; 0.0000; 0.0000; 0.0000; 0.0000; 0.3108; 0.0135; 0.0811; 0.0000
0.0000; 0.0000; 0.0000; 0.5000; 0.0000; 0.0000; 0.0000; 0.3750; 0.0000; 0.0000; 0.0000; 0.1250; 0.0000
0.0000; 0.0000; 0.0000; 0.0000; 0.9063; 0.0938; 0.0000; 0.0000; 0.0000; 0.0000; 0.0000; 0.0000; 0.0000
0.0000; 0.0000; 0.0000; 0.0000; 0.2143; 0.7143; 0.0000; 0.0000; 0.0000; 0.0714; 0.0000; 0.0000; 0.0000
0.0000; 0.0000; 0.0000; 0.0000; 0.0000; 0.0000; 1.0000; 0.0000; 0.0000; 0.0000; 0.0000; 0.0000; 0.0000
0.0000; 0.1000; 0.0200; 0.1600; 0.0000; 0.0000; 0.0000; 0.5800; 0.0000; 0.0600; 0.0400; 0.0400; 0.0000
0.0000; 0.0000; 0.0000; 0.0000; 0.0000; 0.0000; 0.0625; 0.1875; 0.7500; 0.0000; 0.0000; 0.0000; 0.0000
0.2258; 0.0000; 0.0323; 0.0000; 0.0645; 0.1290; 0.0000; 0.0000; 0.0000; 0.5161; 0.0323; 0.0000; 0.0000
0.0270; 0.0135; 0.0270; 0.0000; 0.0000; 0.0270; 0.0000; 0.0270; 0.0135; 0.0270; 0.8108; 0.0270; 0.0000
0.1546; 0.1340; 0.0000; 0.0515; 0.0000; 0.0000; 0.0722; 0.0103; 0.0309; 0.0000; 0.3402; 0.2062; 0.0000
Bootstrap 6
Run BD with 79 training and 40 tests
Run CD with 324 training and 163 tests
Run FKW with 147 training and 74 tests
Run FRA with 14 training and 8 tests
Run KW with 64 training and 32 tests
Run LPLT with 28 training and 14 tests
Run PKW with 1 training and 1 tests
Run RD with 98 training and 50 tests
Run SPIN with 32 training and 16 tests
Run SPLT with 61 training and 31 tests
Run SPT with 148 training and 74 tests
Run STR with 194 training and 97 tests
0.3500; 0.2250; 0.0750; 0.0500; 0.0000; 0.0000; 0.0000; 0.0250; 0.0250; 0.0000; 0.0500; 0.2000; 0.0000
0.0000; 0.6933; 0.0000; 0.0368; 0.0000; 0.0000; 0.0061; 0.0123; 0.1595; 0.0000; 0.0000; 0.0920; 0.0000
0.0135; 0.0270; 0.8378; 0.0000; 0.0405; 0.0405; 0.0000; 0.0000; 0.0000; 0.0270; 0.0135; 0.0000; 0.0000
0.0000; 0.1250; 0.0000; 0.6250; 0.0000; 0.0000; 0.0000; 0.0000; 0.1250; 0.0000; 0.0000; 0.1250; 0.0000
0.0000; 0.0000; 0.0313; 0.0000; 0.5000; 0.1875; 0.0000; 0.0000; 0.0000; 0.2813; 0.0000; 0.0000; 0.0000
0.0000; 0.0000; 0.0000; 0.0000; 0.0714; 0.7857; 0.0000; 0.0000; 0.0000; 0.1429; 0.0000; 0.0000; 0.0000
0.0000; 0.0000; 0.0000; 0.0000; 0.0000; 0.0000; 1.0000; 0.0000; 0.0000; 0.0000; 0.0000; 0.0000; 0.0000
0.0000; 0.0600; 0.0000; 0.3800; 0.0000; 0.0000; 0.0000; 0.5000; 0.0400; 0.0000; 0.0000; 0.0200; 0.0000
0.0000; 0.1250; 0.0000; 0.0000; 0.0000; 0.0000; 0.0000; 0.0000; 0.8750; 0.0000; 0.0000; 0.0000; 0.0000
0.1290; 0.0000; 0.2581; 0.0000; 0.0645; 0.0323; 0.0000; 0.0000; 0.0000; 0.4516; 0.0645; 0.0000; 0.0000
0.0000; 0.0135; 0.0270; 0.0135; 0.0000; 0.0270; 0.0135; 0.0135; 0.0000; 0.0135; 0.7162; 0.1622; 0.0000
0.1134; 0.1753; 0.0000; 0.0619; 0.0000; 0.0000; 0.1134; 0.0103; 0.0412; 0.0000; 0.2062; 0.2784; 0.0000
Bootstrap 7
Run BD with 79 training and 40 tests
Run CD with 324 training and 163 tests
Run FKW with 147 training and 74 tests
Run FRA with 14 training and 8 tests
Run KW with 64 training and 32 tests
Run LPLT with 28 training and 14 tests
Run PKW with 1 training and 1 tests
Run RD with 98 training and 50 tests
Run SPIN with 32 training and 16 tests
Run SPLT with 61 training and 31 tests
Run SPT with 148 training and 74 tests
Run STR with 194 training and 97 tests
0.2250; 0.3500; 0.0250; 0.0750; 0.0000; 0.0000; 0.0000; 0.0250; 0.0000; 0.0500; 0.0250; 0.2250; 0.0000
0.0061; 0.6319; 0.0061; 0.0552; 0.0000; 0.0000; 0.0736; 0.0061; 0.1411; 0.0000; 0.0000; 0.0798; 0.0000
0.0135; 0.0135; 0.7297; 0.0000; 0.0270; 0.0541; 0.0000; 0.0000; 0.0000; 0.1486; 0.0135; 0.0000; 0.0000
0.0000; 0.0000; 0.0000; 0.5000; 0.0000; 0.0000; 0.0000; 0.2500; 0.1250; 0.0000; 0.0000; 0.1250; 0.0000
0.0000; 0.0000; 0.0000; 0.0000; 0.9375; 0.0313; 0.0000; 0.0000; 0.0000; 0.0313; 0.0000; 0.0000; 0.0000
0.0000; 0.0000; 0.0000; 0.0000; 0.2143; 0.7143; 0.0000; 0.0000; 0.0000; 0.0714; 0.0000; 0.0000; 0.0000
0.0000; 0.0000; 0.0000; 0.0000; 0.0000; 0.0000; 1.0000; 0.0000; 0.0000; 0.0000; 0.0000; 0.0000; 0.0000
0.0000; 0.0200; 0.0000; 0.3200; 0.0000; 0.0000; 0.0000; 0.3400; 0.2400; 0.0000; 0.0600; 0.0200; 0.0000
0.0000; 0.0625; 0.0000; 0.0625; 0.0000; 0.0000; 0.1250; 0.0000; 0.7500; 0.0000; 0.0000; 0.0000; 0.0000
0.0000; 0.0000; 0.1613; 0.0000; 0.2581; 0.2258; 0.0000; 0.0000; 0.0000; 0.3548; 0.0000; 0.0000; 0.0000
0.0000; 0.0000; 0.0135; 0.0000; 0.0000; 0.0270; 0.0270; 0.0270; 0.0000; 0.0270; 0.6757; 0.2027; 0.0000
0.0515; 0.1959; 0.0000; 0.0619; 0.0000; 0.0000; 0.0928; 0.0412; 0.0412; 0.0000; 0.1753; 0.3402; 0.0000
Bootstrap 8
Run BD with 79 training and 40 tests
Run CD with 324 training and 163 tests
Run FKW with 147 training and 74 tests
Run FRA with 14 training and 8 tests
Run KW with 64 training and 32 tests
Run LPLT with 28 training and 14 tests
Run PKW with 1 training and 1 tests
Run RD with 98 training and 50 tests
Run SPIN with 32 training and 16 tests
Run SPLT with 61 training and 31 tests
Run SPT with 148 training and 74 tests
Run STR with 194 training and 97 tests
0.5500; 0.1500; 0.0250; 0.0500; 0.0000; 0.0000; 0.0000; 0.0000; 0.0500; 0.0000; 0.0250; 0.1500; 0.0000
0.0184; 0.5153; 0.0061; 0.0552; 0.0000; 0.0000; 0.0429; 0.1104; 0.0920; 0.0000; 0.0123; 0.1472; 0.0000
0.0135; 0.0000; 0.6892; 0.0000; 0.0270; 0.0811; 0.0000; 0.0000; 0.0000; 0.1757; 0.0000; 0.0135; 0.0000
0.0000; 0.0000; 0.0000; 0.7500; 0.0000; 0.0000; 0.0000; 0.1250; 0.0000; 0.0000; 0.0000; 0.1250; 0.0000
0.0000; 0.0000; 0.0938; 0.0000; 0.8125; 0.0938; 0.0000; 0.0000; 0.0000; 0.0000; 0.0000; 0.0000; 0.0000
0.0000; 0.0000; 0.0000; 0.0000; 0.6429; 0.3571; 0.0000; 0.0000; 0.0000; 0.0000; 0.0000; 0.0000; 0.0000
0.0000; 0.0000; 0.0000; 0.0000; 0.0000; 0.0000; 1.0000; 0.0000; 0.0000; 0.0000; 0.0000; 0.0000; 0.0000
0.0000; 0.0400; 0.0000; 0.3000; 0.0000; 0.0000; 0.0200; 0.3600; 0.2400; 0.0000; 0.0200; 0.0200; 0.0000
0.0000; 0.1250; 0.0000; 0.0000; 0.0000; 0.0000; 0.0000; 0.0000; 0.8750; 0.0000; 0.0000; 0.0000; 0.0000
0.0000; 0.0000; 0.1613; 0.0000; 0.2903; 0.1935; 0.0000; 0.0000; 0.0000; 0.3548; 0.0000; 0.0000; 0.0000
0.1081; 0.0000; 0.0000; 0.0000; 0.0000; 0.0000; 0.0135; 0.0541; 0.0135; 0.0000; 0.6081; 0.2027; 0.0000
0.0619; 0.1649; 0.0000; 0.0515; 0.0000; 0.0000; 0.1134; 0.0206; 0.0412; 0.0000; 0.3196; 0.2268; 0.0000
Bootstrap 9
Run BD with 79 training and 40 tests
Run CD with 324 training and 163 tests
Run FKW with 147 training and 74 tests
Run FRA with 14 training and 8 tests
Run KW with 64 training and 32 tests
Run LPLT with 28 training and 14 tests
Run PKW with 1 training and 1 tests
Run RD with 98 training and 50 tests
Run SPIN with 32 training and 16 tests
Run SPLT with 61 training and 31 tests
Run SPT with 148 training and 74 tests
Run STR with 194 training and 97 tests
0.8500; 0.0000; 0.0250; 0.0000; 0.0000; 0.0000; 0.0000; 0.0000; 0.0000; 0.0250; 0.1000; 0.0000; 0.0000
0.0552; 0.6258; 0.0061; 0.0613; 0.0000; 0.0000; 0.0307; 0.0859; 0.1104; 0.0000; 0.0000; 0.0245; 0.0000
0.1081; 0.0541; 0.3243; 0.0000; 0.0000; 0.0135; 0.0000; 0.0000; 0.0000; 0.5000; 0.0000; 0.0000; 0.0000
0.0000; 0.0000; 0.0000; 0.6250; 0.0000; 0.0000; 0.0000; 0.3750; 0.0000; 0.0000; 0.0000; 0.0000; 0.0000
0.0000; 0.0000; 0.0313; 0.0000; 0.5000; 0.1250; 0.0000; 0.0000; 0.0000; 0.3438; 0.0000; 0.0000; 0.0000
0.0000; 0.0000; 0.0000; 0.0000; 0.7857; 0.1429; 0.0000; 0.0000; 0.0000; 0.0714; 0.0000; 0.0000; 0.0000
0.0000; 0.0000; 0.0000; 0.0000; 0.0000; 0.0000; 1.0000; 0.0000; 0.0000; 0.0000; 0.0000; 0.0000; 0.0000
0.0200; 0.0200; 0.0000; 0.1600; 0.0000; 0.0000; 0.0000; 0.7000; 0.0800; 0.0000; 0.0000; 0.0200; 0.0000
0.0000; 0.1875; 0.0000; 0.0000; 0.0000; 0.0000; 0.0000; 0.0625; 0.7500; 0.0000; 0.0000; 0.0000; 0.0000
0.0000; 0.0000; 0.1935; 0.0000; 0.1290; 0.0645; 0.0000; 0.0000; 0.0000; 0.6129; 0.0000; 0.0000; 0.0000
0.0405; 0.0000; 0.0135; 0.0000; 0.0000; 0.0135; 0.0135; 0.0135; 0.0000; 0.0541; 0.7838; 0.0676; 0.0000
0.0928; 0.2577; 0.0515; 0.1546; 0.0000; 0.0000; 0.0103; 0.0515; 0.0515; 0.0103; 0.0619; 0.2577; 0.0000
Bootstrap 10
Run BD with 79 training and 40 tests
Run CD with 324 training and 163 tests
Run FKW with 147 training and 74 tests
Run FRA with 14 training and 8 tests
Run KW with 64 training and 32 tests
Run LPLT with 28 training and 14 tests
Run PKW with 1 training and 1 tests
Run RD with 98 training and 50 tests
Run SPIN with 32 training and 16 tests
Run SPLT with 61 training and 31 tests
Run SPT with 148 training and 74 tests
Run STR with 194 training and 97 tests
0.7250; 0.0250; 0.0250; 0.0500; 0.0000; 0.0000; 0.0000; 0.0250; 0.0500; 0.0000; 0.0000; 0.1000; 0.0000
0.0061; 0.7301; 0.0061; 0.0061; 0.0000; 0.0000; 0.0000; 0.0307; 0.1350; 0.0000; 0.0000; 0.0859; 0.0000
0.0000; 0.0000; 0.9189; 0.0000; 0.0000; 0.0000; 0.0135; 0.0000; 0.0000; 0.0676; 0.0000; 0.0000; 0.0000
0.0000; 0.0000; 0.0000; 0.5000; 0.0000; 0.0000; 0.0000; 0.3750; 0.0000; 0.0000; 0.0000; 0.1250; 0.0000
0.0000; 0.0000; 0.0313; 0.0000; 0.7188; 0.1875; 0.0000; 0.0000; 0.0000; 0.0625; 0.0000; 0.0000; 0.0000
0.0000; 0.0000; 0.0000; 0.0000; 0.0714; 0.7857; 0.0000; 0.0000; 0.0000; 0.1429; 0.0000; 0.0000; 0.0000
0.0000; 1.0000; 0.0000; 0.0000; 0.0000; 0.0000; 0.0000; 0.0000; 0.0000; 0.0000; 0.0000; 0.0000; 0.0000
0.0200; 0.1000; 0.0400; 0.1000; 0.0000; 0.0000; 0.0000; 0.4600; 0.0400; 0.0400; 0.1400; 0.0600; 0.0000
0.0000; 0.1875; 0.0000; 0.0000; 0.0000; 0.0000; 0.0000; 0.1250; 0.6875; 0.0000; 0.0000; 0.0000; 0.0000
0.0000; 0.0000; 0.1935; 0.0000; 0.2258; 0.1935; 0.0000; 0.0000; 0.0000; 0.3226; 0.0645; 0.0000; 0.0000
0.0946; 0.0000; 0.0135; 0.0000; 0.0000; 0.0000; 0.0000; 0.0000; 0.0000; 0.0135; 0.7973; 0.0811; 0.0000
0.1340; 0.2062; 0.0000; 0.1546; 0.0000; 0.0000; 0.0000; 0.0206; 0.0515; 0.0000; 0.0309; 0.4021; 0.0000
Bootstrap 11
Run BD with 79 training and 40 tests
Run CD with 324 training and 163 tests
Run FKW with 147 training and 74 tests
Run FRA with 14 training and 8 tests
Run KW with 64 training and 32 tests
Run LPLT with 28 training and 14 tests
Run PKW with 1 training and 1 tests
Run RD with 98 training and 50 tests
Run SPIN with 32 training and 16 tests
Run SPLT with 61 training and 31 tests
Run SPT with 148 training and 74 tests
Run STR with 194 training and 97 tests
0.3250; 0.2000; 0.0750; 0.0250; 0.0000; 0.0000; 0.0250; 0.0500; 0.0500; 0.0250; 0.0750; 0.1500; 0.0000
0.0429; 0.3374; 0.0552; 0.0613; 0.0000; 0.0000; 0.0613; 0.1472; 0.0245; 0.0245; 0.0123; 0.2331; 0.0000
0.0000; 0.0000; 0.8514; 0.0000; 0.0000; 0.0405; 0.0541; 0.0000; 0.0000; 0.0405; 0.0135; 0.0000; 0.0000
0.0000; 0.0000; 0.0000; 0.7500; 0.0000; 0.0000; 0.0000; 0.1250; 0.1250; 0.0000; 0.0000; 0.0000; 0.0000
0.0000; 0.0000; 0.0000; 0.0000; 0.9375; 0.0625; 0.0000; 0.0000; 0.0000; 0.0000; 0.0000; 0.0000; 0.0000
0.0000; 0.0000; 0.0000; 0.0000; 0.7143; 0.2857; 0.0000; 0.0000; 0.0000; 0.0000; 0.0000; 0.0000; 0.0000
0.0000; 0.0000; 0.0000; 0.0000; 0.0000; 0.0000; 0.0000; 0.0000; 1.0000; 0.0000; 0.0000; 0.0000; 0.0000
0.0000; 0.0400; 0.0000; 0.2600; 0.0000; 0.0000; 0.0000; 0.5600; 0.1400; 0.0000; 0.0000; 0.0000; 0.0000
0.0000; 0.0625; 0.0000; 0.0000; 0.0000; 0.0000; 0.0000; 0.1875; 0.7500; 0.0000; 0.0000; 0.0000; 0.0000
0.0000; 0.0000; 0.2258; 0.0000; 0.2903; 0.0968; 0.0000; 0.0000; 0.0000; 0.3871; 0.0000; 0.0000; 0.0000
0.0270; 0.0405; 0.0270; 0.0000; 0.0270; 0.0135; 0.0000; 0.0270; 0.0405; 0.0541; 0.6892; 0.0541; 0.0000
0.0722; 0.2062; 0.0000; 0.0515; 0.0000; 0.0000; 0.0103; 0.0309; 0.0825; 0.0000; 0.2165; 0.3299; 0.0000
Bootstrap 12
Run BD with 79 training and 40 tests
Run CD with 324 training and 163 tests
Run FKW with 147 training and 74 tests
Run FRA with 14 training and 8 tests
Run KW with 64 training and 32 tests
Run LPLT with 28 training and 14 tests
Run PKW with 1 training and 1 tests
Run RD with 98 training and 50 tests
Run SPIN with 32 training and 16 tests
Run SPLT with 61 training and 31 tests
Run SPT with 148 training and 74 tests
Run STR with 194 training and 97 tests
0.5500; 0.1500; 0.0250; 0.0500; 0.0000; 0.0000; 0.0250; 0.0000; 0.0000; 0.0000; 0.0250; 0.1750; 0.0000
0.0491; 0.4294; 0.0552; 0.0736; 0.0000; 0.0000; 0.0798; 0.0859; 0.0982; 0.0000; 0.0061; 0.1227; 0.0000
0.0270; 0.0000; 0.8243; 0.0000; 0.0135; 0.0946; 0.0000; 0.0000; 0.0000; 0.0270; 0.0000; 0.0135; 0.0000
0.0000; 0.0000; 0.0000; 0.6250; 0.0000; 0.0000; 0.0000; 0.2500; 0.1250; 0.0000; 0.0000; 0.0000; 0.0000
0.0000; 0.0000; 0.0313; 0.0000; 0.7500; 0.0938; 0.0000; 0.0000; 0.0000; 0.1250; 0.0000; 0.0000; 0.0000
0.0000; 0.0000; 0.0000; 0.0000; 0.3571; 0.5714; 0.0000; 0.0000; 0.0000; 0.0714; 0.0000; 0.0000; 0.0000
0.0000; 0.0000; 0.0000; 0.0000; 0.0000; 0.0000; 1.0000; 0.0000; 0.0000; 0.0000; 0.0000; 0.0000; 0.0000
0.0000; 0.0400; 0.0000; 0.3400; 0.0000; 0.0000; 0.0000; 0.5000; 0.1000; 0.0000; 0.0000; 0.0200; 0.0000
0.0000; 0.0000; 0.0000; 0.0000; 0.0000; 0.0000; 0.0000; 0.1250; 0.8750; 0.0000; 0.0000; 0.0000; 0.0000
0.0645; 0.0000; 0.2258; 0.0000; 0.1935; 0.0968; 0.0000; 0.0000; 0.0000; 0.3548; 0.0645; 0.0000; 0.0000
0.0135; 0.0270; 0.0270; 0.0000; 0.0270; 0.0000; 0.0270; 0.0405; 0.0676; 0.0135; 0.5541; 0.2027; 0.0000
0.0722; 0.2371; 0.0515; 0.0825; 0.0000; 0.0000; 0.0206; 0.1134; 0.0619; 0.0000; 0.0412; 0.3196; 0.0000
Bootstrap 13
Run BD with 79 training and 40 tests
Run CD with 324 training and 163 tests
Run FKW with 147 training and 74 tests
Run FRA with 14 training and 8 tests
Run KW with 64 training and 32 tests
Run LPLT with 28 training and 14 tests
Run PKW with 1 training and 1 tests
Run RD with 98 training and 50 tests
Run SPIN with 32 training and 16 tests
Run SPLT with 61 training and 31 tests
Run SPT with 148 training and 74 tests
Run STR with 194 training and 97 tests
0.3750; 0.2250; 0.0500; 0.1000; 0.0000; 0.0000; 0.0000; 0.0250; 0.0250; 0.0000; 0.0500; 0.1500; 0.0000
0.0061; 0.6626; 0.0000; 0.0123; 0.0000; 0.0000; 0.0000; 0.1288; 0.0920; 0.0000; 0.0061; 0.0920; 0.0000
0.0405; 0.1351; 0.5135; 0.0000; 0.0000; 0.0135; 0.0135; 0.0000; 0.0000; 0.2027; 0.0135; 0.0676; 0.0000
0.0000; 0.0000; 0.0000; 0.6250; 0.0000; 0.0000; 0.0000; 0.2500; 0.0000; 0.0000; 0.0000; 0.1250; 0.0000
0.0000; 0.0000; 0.0625; 0.0000; 0.4688; 0.1875; 0.0000; 0.0000; 0.0000; 0.2813; 0.0000; 0.0000; 0.0000
0.0000; 0.0000; 0.0000; 0.0000; 0.2857; 0.6429; 0.0000; 0.0000; 0.0000; 0.0714; 0.0000; 0.0000; 0.0000
0.0000; 1.0000; 0.0000; 0.0000; 0.0000; 0.0000; 0.0000; 0.0000; 0.0000; 0.0000; 0.0000; 0.0000; 0.0000
0.0000; 0.0200; 0.0000; 0.1000; 0.0000; 0.0000; 0.0000; 0.8400; 0.0200; 0.0000; 0.0000; 0.0200; 0.0000
0.0000; 0.1250; 0.0000; 0.0625; 0.0000; 0.0000; 0.0000; 0.2500; 0.5625; 0.0000; 0.0000; 0.0000; 0.0000
0.1613; 0.0000; 0.0323; 0.0000; 0.0323; 0.1613; 0.0000; 0.0000; 0.0000; 0.5484; 0.0323; 0.0323; 0.0000
0.0270; 0.0135; 0.0135; 0.0000; 0.0135; 0.0270; 0.0000; 0.0270; 0.0000; 0.0405; 0.7973; 0.0405; 0.0000
0.0619; 0.2887; 0.0412; 0.1031; 0.0000; 0.0000; 0.0206; 0.1134; 0.0515; 0.0000; 0.0722; 0.2474; 0.0000
Bootstrap 14
Run BD with 79 training and 40 tests
Run CD with 324 training and 163 tests
Run FKW with 147 training and 74 tests
Run FRA with 14 training and 8 tests
Run KW with 64 training and 32 tests
Run LPLT with 28 training and 14 tests
Run PKW with 1 training and 1 tests
Run RD with 98 training and 50 tests
Run SPIN with 32 training and 16 tests
Run SPLT with 61 training and 31 tests
Run SPT with 148 training and 74 tests
Run STR with 194 training and 97 tests
0.8000; 0.0000; 0.0250; 0.1000; 0.0000; 0.0000; 0.0000; 0.0000; 0.0000; 0.0250; 0.0250; 0.0250; 0.0000
0.0307; 0.6871; 0.0000; 0.0307; 0.0000; 0.0000; 0.0000; 0.0245; 0.0920; 0.0000; 0.0061; 0.1288; 0.0000
0.1216; 0.0541; 0.3919; 0.0000; 0.0000; 0.0000; 0.0135; 0.0000; 0.0000; 0.3784; 0.0000; 0.0405; 0.0000
0.0000; 0.0000; 0.0000; 0.8750; 0.0000; 0.0000; 0.0000; 0.0000; 0.0000; 0.0000; 0.0000; 0.1250; 0.0000
0.0000; 0.0000; 0.0000; 0.0000; 0.5625; 0.2813; 0.0000; 0.0000; 0.0000; 0.1563; 0.0000; 0.0000; 0.0000
0.0000; 0.0000; 0.0000; 0.0000; 0.0714; 0.7857; 0.0000; 0.0000; 0.0000; 0.1429; 0.0000; 0.0000; 0.0000
0.0000; 1.0000; 0.0000; 0.0000; 0.0000; 0.0000; 0.0000; 0.0000; 0.0000; 0.0000; 0.0000; 0.0000; 0.0000
0.0000; 0.0800; 0.0000; 0.3400; 0.0000; 0.0000; 0.0000; 0.2400; 0.1600; 0.0200; 0.1600; 0.0000; 0.0000
0.0000; 0.1875; 0.0000; 0.0625; 0.0000; 0.0000; 0.0000; 0.0000; 0.7500; 0.0000; 0.0000; 0.0000; 0.0000
0.0000; 0.0323; 0.1613; 0.0000; 0.1935; 0.1290; 0.0000; 0.0000; 0.0000; 0.3548; 0.0968; 0.0323; 0.0000
0.0135; 0.0000; 0.0135; 0.0000; 0.0270; 0.0270; 0.0000; 0.0270; 0.0000; 0.0135; 0.8378; 0.0405; 0.0000
0.0412; 0.1546; 0.0000; 0.0000; 0.0000; 0.0000; 0.0000; 0.0412; 0.0103; 0.0000; 0.4639; 0.2887; 0.0000
Bootstrap 15
Run BD with 79 training and 40 tests
Run CD with 324 training and 163 tests
Run FKW with 147 training and 74 tests
Run FRA with 14 training and 8 tests
Run KW with 64 training and 32 tests
Run LPLT with 28 training and 14 tests
Run PKW with 1 training and 1 tests
Run RD with 98 training and 50 tests
Run SPIN with 32 training and 16 tests
Run SPLT with 61 training and 31 tests
Run SPT with 148 training and 74 tests
Run STR with 194 training and 97 tests
0.3750; 0.2000; 0.0500; 0.0250; 0.0000; 0.0000; 0.0250; 0.0000; 0.0250; 0.0750; 0.0750; 0.1500; 0.0000
0.0429; 0.4908; 0.0000; 0.0368; 0.0000; 0.0000; 0.0798; 0.0982; 0.0920; 0.0000; 0.0184; 0.1411; 0.0000
0.0135; 0.0135; 0.7297; 0.0000; 0.0270; 0.0541; 0.0000; 0.0000; 0.0000; 0.1486; 0.0135; 0.0000; 0.0000
0.0000; 0.2500; 0.0000; 0.6250; 0.0000; 0.0000; 0.0000; 0.1250; 0.0000; 0.0000; 0.0000; 0.0000; 0.0000
0.0000; 0.0000; 0.0000; 0.0000; 0.8438; 0.0938; 0.0000; 0.0000; 0.0000; 0.0625; 0.0000; 0.0000; 0.0000
0.0000; 0.0000; 0.0000; 0.0000; 0.0714; 0.9286; 0.0000; 0.0000; 0.0000; 0.0000; 0.0000; 0.0000; 0.0000
0.0000; 0.0000; 0.0000; 0.0000; 0.0000; 0.0000; 1.0000; 0.0000; 0.0000; 0.0000; 0.0000; 0.0000; 0.0000
0.0000; 0.0000; 0.0000; 0.3400; 0.0000; 0.0000; 0.0000; 0.6200; 0.0200; 0.0000; 0.0000; 0.0200; 0.0000
0.0000; 0.0625; 0.0000; 0.0625; 0.0000; 0.0000; 0.0000; 0.1875; 0.6875; 0.0000; 0.0000; 0.0000; 0.0000
0.0000; 0.0000; 0.1935; 0.0000; 0.2258; 0.1935; 0.0000; 0.0000; 0.0000; 0.3871; 0.0000; 0.0000; 0.0000
0.0405; 0.0000; 0.0000; 0.0000; 0.0000; 0.0000; 0.0135; 0.0000; 0.0000; 0.0270; 0.7838; 0.1351; 0.0000
0.0722; 0.1649; 0.0619; 0.0515; 0.0000; 0.0000; 0.0000; 0.1340; 0.0619; 0.0000; 0.0515; 0.4021; 0.0000
Bootstrap 16
Run BD with 79 training and 40 tests
Run CD with 324 training and 163 tests
Run FKW with 147 training and 74 tests
Run FRA with 14 training and 8 tests
Run KW with 64 training and 32 tests
Run LPLT with 28 training and 14 tests
Run PKW with 1 training and 1 tests
Run RD with 98 training and 50 tests
Run SPIN with 32 training and 16 tests
Run SPLT with 61 training and 31 tests
Run SPT with 148 training and 74 tests
Run STR with 194 training and 97 tests
0.8750; 0.0000; 0.0250; 0.0250; 0.0000; 0.0000; 0.0000; 0.0000; 0.0000; 0.0000; 0.0500; 0.0250; 0.0000
0.0307; 0.6810; 0.0061; 0.0061; 0.0000; 0.0000; 0.0000; 0.0552; 0.1288; 0.0000; 0.0000; 0.0920; 0.0000
0.0135; 0.0000; 0.9459; 0.0000; 0.0000; 0.0000; 0.0000; 0.0000; 0.0000; 0.0405; 0.0000; 0.0000; 0.0000
0.0000; 0.0000; 0.0000; 0.7500; 0.0000; 0.0000; 0.0000; 0.2500; 0.0000; 0.0000; 0.0000; 0.0000; 0.0000
0.0000; 0.0000; 0.0313; 0.0000; 0.6875; 0.1875; 0.0000; 0.0000; 0.0000; 0.0938; 0.0000; 0.0000; 0.0000
0.0000; 0.0000; 0.0000; 0.0000; 0.0714; 0.6429; 0.0000; 0.0000; 0.0000; 0.2857; 0.0000; 0.0000; 0.0000
0.0000; 0.0000; 0.0000; 0.0000; 0.0000; 0.0000; 1.0000; 0.0000; 0.0000; 0.0000; 0.0000; 0.0000; 0.0000
0.0400; 0.0000; 0.0000; 0.1200; 0.0000; 0.0000; 0.0200; 0.8000; 0.0200; 0.0000; 0.0000; 0.0000; 0.0000
0.0000; 0.0625; 0.0000; 0.0000; 0.0000; 0.0000; 0.0000; 0.1875; 0.7500; 0.0000; 0.0000; 0.0000; 0.0000
0.0323; 0.0000; 0.1613; 0.0000; 0.2903; 0.1290; 0.0000; 0.0000; 0.0000; 0.3548; 0.0323; 0.0000; 0.0000
0.0405; 0.0000; 0.0135; 0.0000; 0.0000; 0.0000; 0.0135; 0.0541; 0.0000; 0.0000; 0.5676; 0.3108; 0.0000
0.1134; 0.2680; 0.0515; 0.1340; 0.0000; 0.0000; 0.0103; 0.0412; 0.0309; 0.0000; 0.0515; 0.2990; 0.0000
Bootstrap 17
Run BD with 79 training and 40 tests
Run CD with 324 training and 163 tests
Run FKW with 147 training and 74 tests
Run FRA with 14 training and 8 tests
Run KW with 64 training and 32 tests
Run LPLT with 28 training and 14 tests
Run PKW with 1 training and 1 tests
Run RD with 98 training and 50 tests
Run SPIN with 32 training and 16 tests
Run SPLT with 61 training and 31 tests
Run SPT with 148 training and 74 tests
Run STR with 194 training and 97 tests
0.7500; 0.0500; 0.0000; 0.1000; 0.0000; 0.0000; 0.0000; 0.0250; 0.0000; 0.0000; 0.0250; 0.0500; 0.0000
0.0245; 0.5399; 0.0123; 0.1043; 0.0000; 0.0000; 0.0675; 0.0920; 0.0429; 0.0000; 0.0123; 0.1043; 0.0000
0.0676; 0.0000; 0.8649; 0.0000; 0.0000; 0.0405; 0.0000; 0.0000; 0.0000; 0.0270; 0.0000; 0.0000; 0.0000
0.0000; 0.0000; 0.0000; 0.5000; 0.0000; 0.0000; 0.0000; 0.3750; 0.0000; 0.0000; 0.0000; 0.1250; 0.0000
0.0000; 0.0000; 0.0313; 0.0000; 0.4063; 0.2813; 0.0000; 0.0000; 0.0000; 0.2813; 0.0000; 0.0000; 0.0000
0.0000; 0.0000; 0.0000; 0.0000; 0.0000; 0.8571; 0.0000; 0.0000; 0.0000; 0.1429; 0.0000; 0.0000; 0.0000
0.0000; 0.0000; 0.0000; 0.0000; 0.0000; 0.0000; 1.0000; 0.0000; 0.0000; 0.0000; 0.0000; 0.0000; 0.0000
0.0200; 0.0600; 0.0400; 0.1200; 0.0000; 0.0000; 0.0200; 0.4400; 0.0600; 0.0400; 0.1400; 0.0600; 0.0000
0.0000; 0.2500; 0.0000; 0.0000; 0.0000; 0.0000; 0.1250; 0.1250; 0.5000; 0.0000; 0.0000; 0.0000; 0.0000
0.0323; 0.0000; 0.1935; 0.0000; 0.1613; 0.0000; 0.0000; 0.0000; 0.0000; 0.4839; 0.0968; 0.0323; 0.0000
0.0405; 0.0135; 0.0541; 0.0000; 0.0000; 0.0135; 0.0000; 0.0135; 0.0000; 0.0270; 0.8243; 0.0135; 0.0000
0.0619; 0.1237; 0.0206; 0.0206; 0.0000; 0.0000; 0.0619; 0.0103; 0.0103; 0.0000; 0.4021; 0.2887; 0.0000
Bootstrap 18
Run BD with 79 training and 40 tests
Run CD with 324 training and 163 tests
Run FKW with 147 training and 74 tests
Run FRA with 14 training and 8 tests
Run KW with 64 training and 32 tests
Run LPLT with 28 training and 14 tests
Run PKW with 1 training and 1 tests
Run RD with 98 training and 50 tests
Run SPIN with 32 training and 16 tests
Run SPLT with 61 training and 31 tests
Run SPT with 148 training and 74 tests
Run STR with 194 training and 97 tests
0.7250; 0.0250; 0.0250; 0.0750; 0.0000; 0.0000; 0.0000; 0.0000; 0.0500; 0.0000; 0.0000; 0.1000; 0.0000
0.0675; 0.4294; 0.0184; 0.0859; 0.0000; 0.0000; 0.0245; 0.0798; 0.0675; 0.0123; 0.0184; 0.1963; 0.0000
0.0811; 0.0946; 0.5000; 0.0000; 0.0000; 0.0000; 0.0000; 0.0000; 0.0000; 0.2432; 0.0270; 0.0541; 0.0000
0.0000; 0.1250; 0.0000; 0.5000; 0.0000; 0.0000; 0.0000; 0.3750; 0.0000; 0.0000; 0.0000; 0.0000; 0.0000
0.0000; 0.0000; 0.0000; 0.0000; 0.9063; 0.0625; 0.0000; 0.0000; 0.0000; 0.0313; 0.0000; 0.0000; 0.0000
0.0000; 0.0000; 0.0000; 0.0000; 0.1429; 0.7857; 0.0000; 0.0000; 0.0000; 0.0714; 0.0000; 0.0000; 0.0000
0.0000; 0.0000; 0.0000; 0.0000; 0.0000; 0.0000; 1.0000; 0.0000; 0.0000; 0.0000; 0.0000; 0.0000; 0.0000
0.0200; 0.1200; 0.0200; 0.2600; 0.0000; 0.0000; 0.0400; 0.1800; 0.1800; 0.0200; 0.1400; 0.0200; 0.0000
0.0000; 0.1250; 0.0000; 0.1250; 0.0000; 0.0000; 0.0625; 0.0000; 0.6875; 0.0000; 0.0000; 0.0000; 0.0000
0.0645; 0.0000; 0.1290; 0.0000; 0.1613; 0.0000; 0.0000; 0.0000; 0.0000; 0.5806; 0.0323; 0.0323; 0.0000
0.0676; 0.0000; 0.0000; 0.0000; 0.0000; 0.0000; 0.0000; 0.0000; 0.0135; 0.0135; 0.7703; 0.1351; 0.0000
0.2165; 0.2165; 0.0000; 0.0619; 0.0000; 0.0000; 0.0309; 0.0515; 0.0515; 0.0000; 0.0206; 0.3505; 0.0000
Bootstrap 19
Run BD with 79 training and 40 tests
Run CD with 324 training and 163 tests
Run FKW with 147 training and 74 tests
Run FRA with 14 training and 8 tests
Run KW with 64 training and 32 tests
Run LPLT with 28 training and 14 tests
Run PKW with 1 training and 1 tests
Run RD with 98 training and 50 tests
Run SPIN with 32 training and 16 tests
Run SPLT with 61 training and 31 tests
Run SPT with 148 training and 74 tests
Run STR with 194 training and 97 tests
0.4250; 0.1250; 0.0750; 0.0750; 0.0000; 0.0000; 0.0250; 0.0250; 0.0000; 0.0250; 0.1250; 0.1000; 0.0000
0.0736; 0.2454; 0.0552; 0.0798; 0.0000; 0.0000; 0.0491; 0.1656; 0.0552; 0.0061; 0.0307; 0.2393; 0.0000
0.0135; 0.0270; 0.7973; 0.0000; 0.0270; 0.0676; 0.0000; 0.0000; 0.0000; 0.0541; 0.0135; 0.0000; 0.0000
0.0000; 0.3750; 0.0000; 0.5000; 0.0000; 0.0000; 0.0000; 0.0000; 0.1250; 0.0000; 0.0000; 0.0000; 0.0000
0.0000; 0.0000; 0.0000; 0.0000; 0.8750; 0.0313; 0.0000; 0.0000; 0.0000; 0.0938; 0.0000; 0.0000; 0.0000
0.0000; 0.0000; 0.0000; 0.0000; 0.7143; 0.1429; 0.0000; 0.0000; 0.0000; 0.1429; 0.0000; 0.0000; 0.0000
0.0000; 0.0000; 0.0000; 0.0000; 0.0000; 0.0000; 1.0000; 0.0000; 0.0000; 0.0000; 0.0000; 0.0000; 0.0000
0.0000; 0.0000; 0.0000; 0.2600; 0.0000; 0.0000; 0.0000; 0.5800; 0.1200; 0.0000; 0.0000; 0.0400; 0.0000
0.0000; 0.1250; 0.0000; 0.0000; 0.0000; 0.0000; 0.0000; 0.1250; 0.7500; 0.0000; 0.0000; 0.0000; 0.0000
0.1613; 0.0000; 0.0645; 0.0000; 0.1935; 0.1290; 0.0000; 0.0000; 0.0000; 0.4194; 0.0000; 0.0323; 0.0000
0.0270; 0.0000; 0.0405; 0.0135; 0.0000; 0.0270; 0.0000; 0.0270; 0.0135; 0.0270; 0.7703; 0.0541; 0.0000
0.0515; 0.1340; 0.0206; 0.0206; 0.0000; 0.0000; 0.0412; 0.0619; 0.0412; 0.0000; 0.3918; 0.2371; 0.0000
Bootstrap 20
Run BD with 79 training and 40 tests
Run CD with 324 training and 163 tests
Run FKW with 147 training and 74 tests
Run FRA with 14 training and 8 tests
Run KW with 64 training and 32 tests
Run LPLT with 28 training and 14 tests
Run PKW with 1 training and 1 tests
Run RD with 98 training and 50 tests
Run SPIN with 32 training and 16 tests
Run SPLT with 61 training and 31 tests
Run SPT with 148 training and 74 tests
Run STR with 194 training and 97 tests
0.4000; 0.2000; 0.0750; 0.0750; 0.0000; 0.0000; 0.0000; 0.0000; 0.0000; 0.0000; 0.1000; 0.1500; 0.0000
0.0245; 0.4785; 0.0123; 0.0798; 0.0000; 0.0000; 0.0123; 0.0798; 0.0920; 0.0000; 0.0184; 0.2025; 0.0000
0.0000; 0.0000; 0.8919; 0.0000; 0.0135; 0.0676; 0.0135; 0.0000; 0.0000; 0.0000; 0.0135; 0.0000; 0.0000
0.0000; 0.1250; 0.0000; 0.5000; 0.0000; 0.0000; 0.0000; 0.2500; 0.0000; 0.0000; 0.0000; 0.1250; 0.0000
0.0000; 0.0000; 0.0000; 0.0000; 0.7813; 0.1563; 0.0000; 0.0000; 0.0000; 0.0625; 0.0000; 0.0000; 0.0000
0.0000; 0.0000; 0.0000; 0.0000; 0.4286; 0.5000; 0.0000; 0.0000; 0.0000; 0.0714; 0.0000; 0.0000; 0.0000
0.0000; 0.0000; 0.0000; 0.0000; 0.0000; 0.0000; 1.0000; 0.0000; 0.0000; 0.0000; 0.0000; 0.0000; 0.0000
0.0000; 0.0000; 0.0000; 0.2000; 0.0000; 0.0000; 0.0000; 0.7200; 0.0400; 0.0000; 0.0000; 0.0400; 0.0000
0.0000; 0.0000; 0.0000; 0.0000; 0.0000; 0.0000; 0.0625; 0.1250; 0.8125; 0.0000; 0.0000; 0.0000; 0.0000
0.0000; 0.0000; 0.1935; 0.0000; 0.2903; 0.1935; 0.0000; 0.0000; 0.0000; 0.3226; 0.0000; 0.0000; 0.0000
0.0135; 0.0000; 0.0000; 0.0000; 0.0000; 0.0000; 0.0270; 0.0270; 0.0000; 0.0135; 0.8378; 0.0811; 0.0000
0.0206; 0.1443; 0.0206; 0.0103; 0.0000; 0.0000; 0.0412; 0.0825; 0.0000; 0.0000; 0.4124; 0.2680; 0.0000
Bootstrap 21
Run BD with 79 training and 40 tests
Run CD with 324 training and 163 tests
Run FKW with 147 training and 74 tests
Run FRA with 14 training and 8 tests
Run KW with 64 training and 32 tests
Run LPLT with 28 training and 14 tests
Run PKW with 1 training and 1 tests
Run RD with 98 training and 50 tests
Run SPIN with 32 training and 16 tests
Run SPLT with 61 training and 31 tests
Run SPT with 148 training and 74 tests
Run STR with 194 training and 97 tests
0.4000; 0.1250; 0.0500; 0.1000; 0.0000; 0.0000; 0.0250; 0.0000; 0.0000; 0.0000; 0.1000; 0.2000; 0.0000
0.0429; 0.2699; 0.0491; 0.0368; 0.0000; 0.0000; 0.0920; 0.1718; 0.0491; 0.0061; 0.0184; 0.2638; 0.0000
0.0135; 0.0405; 0.7703; 0.0000; 0.0135; 0.0405; 0.0000; 0.0000; 0.0000; 0.1081; 0.0135; 0.0000; 0.0000
0.0000; 0.0000; 0.0000; 0.7500; 0.0000; 0.0000; 0.0000; 0.1250; 0.1250; 0.0000; 0.0000; 0.0000; 0.0000
0.0000; 0.0000; 0.0625; 0.0000; 0.5000; 0.1563; 0.0000; 0.0000; 0.0000; 0.2813; 0.0000; 0.0000; 0.0000
0.0000; 0.0000; 0.0000; 0.0000; 0.5000; 0.4286; 0.0000; 0.0000; 0.0000; 0.0714; 0.0000; 0.0000; 0.0000
0.0000; 0.0000; 0.0000; 0.0000; 0.0000; 0.0000; 1.0000; 0.0000; 0.0000; 0.0000; 0.0000; 0.0000; 0.0000
0.0000; 0.0200; 0.0000; 0.4400; 0.0000; 0.0000; 0.0000; 0.4800; 0.0600; 0.0000; 0.0000; 0.0000; 0.0000
0.0000; 0.1250; 0.0000; 0.0625; 0.0000; 0.0000; 0.0625; 0.1250; 0.6250; 0.0000; 0.0000; 0.0000; 0.0000
0.1613; 0.0000; 0.0968; 0.0000; 0.1290; 0.1935; 0.0000; 0.0000; 0.0000; 0.4194; 0.0000; 0.0000; 0.0000
0.0405; 0.0541; 0.0270; 0.0000; 0.0541; 0.0135; 0.0405; 0.0000; 0.0405; 0.0135; 0.6216; 0.0946; 0.0000
0.1134; 0.2062; 0.0206; 0.0206; 0.0000; 0.0000; 0.0309; 0.0722; 0.0000; 0.0000; 0.0412; 0.4948; 0.0000
Bootstrap 22
Run BD with 79 training and 40 tests
Run CD with 324 training and 163 tests
Run FKW with 147 training and 74 tests
Run FRA with 14 training and 8 tests
Run KW with 64 training and 32 tests
Run LPLT with 28 training and 14 tests
Run PKW with 1 training and 1 tests
Run RD with 98 training and 50 tests
Run SPIN with 32 training and 16 tests
Run SPLT with 61 training and 31 tests
Run SPT with 148 training and 74 tests
Run STR with 194 training and 97 tests
0.4750; 0.2250; 0.0250; 0.0500; 0.0000; 0.0000; 0.0000; 0.0250; 0.0000; 0.0000; 0.0750; 0.1250; 0.0000
0.0061; 0.6994; 0.0000; 0.0245; 0.0000; 0.0000; 0.0613; 0.0491; 0.0675; 0.0000; 0.0061; 0.0859; 0.0000
0.0811; 0.1081; 0.4324; 0.0000; 0.0000; 0.0135; 0.0000; 0.0000; 0.0000; 0.3378; 0.0000; 0.0270; 0.0000
0.0000; 0.0000; 0.0000; 0.7500; 0.0000; 0.0000; 0.0000; 0.1250; 0.0000; 0.0000; 0.0000; 0.1250; 0.0000
0.0000; 0.0000; 0.0938; 0.0000; 0.4063; 0.2188; 0.0000; 0.0000; 0.0000; 0.2813; 0.0000; 0.0000; 0.0000
0.0000; 0.0000; 0.0000; 0.0000; 0.3571; 0.4286; 0.0000; 0.0000; 0.0000; 0.2143; 0.0000; 0.0000; 0.0000
0.0000; 0.0000; 0.0000; 0.0000; 0.0000; 0.0000; 1.0000; 0.0000; 0.0000; 0.0000; 0.0000; 0.0000; 0.0000
0.0000; 0.0800; 0.0000; 0.3200; 0.0000; 0.0000; 0.0000; 0.5000; 0.1000; 0.0000; 0.0000; 0.0000; 0.0000
0.0000; 0.2500; 0.0000; 0.0625; 0.0000; 0.0000; 0.1250; 0.0000; 0.5625; 0.0000; 0.0000; 0.0000; 0.0000
0.1613; 0.0323; 0.1290; 0.0000; 0.0968; 0.0000; 0.0000; 0.0000; 0.0000; 0.4839; 0.0645; 0.0323; 0.0000
0.0811; 0.0000; 0.0000; 0.0000; 0.0000; 0.0000; 0.0000; 0.0946; 0.0135; 0.0000; 0.6081; 0.2027; 0.0000
0.0825; 0.2474; 0.0619; 0.0515; 0.0000; 0.0000; 0.0103; 0.0515; 0.0206; 0.0000; 0.0619; 0.4124; 0.0000
Bootstrap 23
Run BD with 79 training and 40 tests
Run CD with 324 training and 163 tests
Run FKW with 147 training and 74 tests
Run FRA with 14 training and 8 tests
Run KW with 64 training and 32 tests
Run LPLT with 28 training and 14 tests
Run PKW with 1 training and 1 tests
Run RD with 98 training and 50 tests
Run SPIN with 32 training and 16 tests
Run SPLT with 61 training and 31 tests
Run SPT with 148 training and 74 tests
Run STR with 194 training and 97 tests
0.3000; 0.2500; 0.0000; 0.0250; 0.0000; 0.0000; 0.0250; 0.0000; 0.0000; 0.0500; 0.0000; 0.3500; 0.0000
0.0061; 0.6564; 0.0000; 0.0123; 0.0000; 0.0000; 0.0491; 0.0736; 0.0736; 0.0000; 0.0000; 0.1288; 0.0000
